rhoYe is density times electron fraction [g/cm^3], T is temperature [MeV], mu_e is electron chemical potential [MeV]
e-(+) cap is electron (positron) capture, e-(+) dec is electron (positron) decay
For each process, first column is neutrino production [neutrinos/baryon second] and second column is energy loss [MeV/baryon second].
rhoYe     T      mu_e    e- cap                   e+ dec                   e+ cap                   e- dec                   
1.00E+01  0.001  0.509   0.0000E+00  0.0000E+00   0.0000E+00  0.0000E+00   0.0000E+00  0.0000E+00   9.7706E-09  1.6850E-09   
1.00E+01  0.009  0.453   3.7796E-307 9.8264E-309  0.0000E+00  0.0000E+00   1.7952E-58  1.8870E-58   9.7742E-09  1.6859E-09   
1.00E+01  0.017  0.377   2.2516E-159 1.1760E-160  4.9811E-186 3.4906E-187  1.6345E-31  1.7333E-31   9.7745E-09  1.6859E-09   
1.00E+01  0.034  0.205   2.9276E-85  3.0859E-86   6.3716E-98  5.1947E-99   1.7972E-17  1.9428E-17   9.7747E-09  1.6860E-09   
1.00E+01  0.060  0.008   1.0639E-52  1.9893E-53   6.5192E-60  9.1422E-61   1.2404E-11  1.3878E-11   9.7741E-09  1.6859E-09   
1.00E+01  0.086  0.000   1.5481E-38  4.1933E-39   1.8887E-44  4.0643E-45   4.2073E-10  4.9062E-10   9.7627E-09  1.6839E-09   
1.00E+01  0.129  0.000   2.6961E-27  1.1238E-27   3.7035E-32  1.2168E-32   8.7046E-09  1.1021E-08   9.7671E-09  1.7681E-09   
1.00E+01  0.172  0.000   1.5314E-21  8.7461E-22   7.2540E-26  3.0645E-26   5.2634E-08  7.3182E-08   1.1344E-08  3.5839E-09   
1.00E+01  0.259  0.000   1.3957E-15  1.2602E-15   2.6066E-19  1.9733E-19   5.0378E-07  8.5583E-07   5.0711E-08  4.8882E-08   
1.00E+01  0.431  0.000   1.7458E-10  2.8601E-10   1.9745E-13  2.8719E-13   7.1203E-06  1.7598E-05   1.1539E-06  2.0396E-06   
1.00E+01  0.862  0.000   3.4518E-06  1.2797E-05   1.1513E-08  2.1609E-08   4.0663E-04  1.8629E-03   1.7399E-04  5.7908E-04   
1.00E+01  2.585  0.000   6.0488E-02  6.7600E-01   3.7332E-06  7.4516E-06   3.2535E-01  4.3867E+00   8.4789E-03  3.2326E-02   
1.00E+01  0.001  0.509   0.0000E+00  0.0000E+00   0.0000E+00  0.0000E+00   0.0000E+00  0.0000E+00   9.7706E-09  1.6850E-09   
1.00E+01  0.009  0.453   3.7796E-307 9.8264E-309  0.0000E+00  0.0000E+00   1.7952E-58  1.8870E-58   9.7742E-09  1.6859E-09   
1.00E+01  0.017  0.377   2.2516E-159 1.1760E-160  4.9811E-186 3.4906E-187  1.6345E-31  1.7333E-31   9.7745E-09  1.6859E-09   
1.00E+01  0.034  0.205   2.9276E-85  3.0859E-86   6.3716E-98  5.1947E-99   1.7972E-17  1.9428E-17   9.7747E-09  1.6860E-09   
1.00E+01  0.060  0.008   1.0639E-52  1.9893E-53   6.5192E-60  9.1422E-61   1.2404E-11  1.3878E-11   9.7741E-09  1.6859E-09   
1.00E+01  0.086  0.000   1.5481E-38  4.1933E-39   1.8887E-44  4.0643E-45   4.2073E-10  4.9062E-10   9.7627E-09  1.6839E-09   
1.00E+01  0.129  0.000   2.6961E-27  1.1238E-27   3.7035E-32  1.2168E-32   8.7046E-09  1.1021E-08   9.7671E-09  1.7681E-09   
1.00E+01  0.172  0.000   1.5314E-21  8.7461E-22   7.2540E-26  3.0645E-26   5.2634E-08  7.3182E-08   1.1344E-08  3.5839E-09   
1.00E+01  0.259  0.000   1.3957E-15  1.2602E-15   2.6066E-19  1.9733E-19   5.0378E-07  8.5583E-07   5.0711E-08  4.8882E-08   
1.00E+01  0.431  0.000   1.7458E-10  2.8601E-10   1.9745E-13  2.8719E-13   7.1203E-06  1.7598E-05   1.1539E-06  2.0396E-06   
1.00E+01  0.862  0.000   3.4518E-06  1.2797E-05   1.1513E-08  2.1609E-08   4.0663E-04  1.8629E-03   1.7399E-04  5.7908E-04   
1.00E+01  2.585  0.000   6.0488E-02  6.7600E-01   3.7332E-06  7.4516E-06   3.2535E-01  4.3867E+00   8.4789E-03  3.2326E-02   
1.00E+02  0.001  0.511   0.0000E+00  0.0000E+00   0.0000E+00  0.0000E+00   0.0000E+00  0.0000E+00   9.7299E-09  1.6749E-09   
1.00E+02  0.009  0.473   3.7961E-306 9.8694E-308  0.0000E+00  0.0000E+00   1.7874E-59  1.8788E-59   9.7671E-09  1.6842E-09   
1.00E+02  0.017  0.416   2.2544E-158 1.1775E-159  4.9811E-186 3.4906E-187  1.6325E-32  1.7312E-32   9.7698E-09  1.6848E-09   
1.00E+02  0.034  0.284   2.9288E-84  3.0871E-85   6.3716E-98  5.1947E-99   1.7965E-18  1.9421E-18   9.7717E-09  1.6853E-09   
1.00E+02  0.060  0.065   2.7547E-52  5.1505E-53   6.5194E-60  9.1425E-61   4.7909E-12  5.3602E-12   9.7727E-09  1.6856E-09   
1.00E+02  0.086  0.005   1.6274E-38  4.4080E-39   1.8887E-44  4.0645E-45   4.0025E-10  4.6673E-10   9.7621E-09  1.6838E-09   
1.00E+02  0.129  0.000   2.7051E-27  1.1276E-27   3.7036E-32  1.2168E-32   8.6757E-09  1.0984E-08   9.7667E-09  1.7681E-09   
1.00E+02  0.172  0.000   1.5325E-21  8.7525E-22   7.2540E-26  3.0645E-26   5.2596E-08  7.3129E-08   1.1344E-08  3.5839E-09   
1.00E+02  0.259  0.000   1.3959E-15  1.2604E-15   2.6066E-19  1.9733E-19   5.0372E-07  8.5573E-07   5.0711E-08  4.8882E-08   
1.00E+02  0.431  0.000   1.7458E-10  2.8601E-10   1.9746E-13  2.8719E-13   7.1201E-06  1.7597E-05   1.1539E-06  2.0396E-06   
1.00E+02  0.862  0.000   3.4518E-06  1.2797E-05   1.1513E-08  2.1609E-08   4.0663E-04  1.8629E-03   1.7399E-04  5.7908E-04   
1.00E+02  2.585  0.000   6.0488E-02  6.7600E-01   3.7332E-06  7.4516E-06   3.2535E-01  4.3867E+00   8.4789E-03  3.2326E-02   
1.00E+01  0.001  0.509   0.0000E+00  0.0000E+00   0.0000E+00  0.0000E+00   0.0000E+00  0.0000E+00   9.7706E-09  1.6850E-09   
1.00E+01  0.009  0.453   3.7796E-307 9.8264E-309  0.0000E+00  0.0000E+00   1.7952E-58  1.8870E-58   9.7742E-09  1.6859E-09   
1.00E+01  0.017  0.377   2.2516E-159 1.1760E-160  4.9811E-186 3.4906E-187  1.6345E-31  1.7333E-31   9.7745E-09  1.6859E-09   
1.00E+01  0.034  0.205   2.9276E-85  3.0859E-86   6.3716E-98  5.1947E-99   1.7972E-17  1.9428E-17   9.7747E-09  1.6860E-09   
1.00E+01  0.060  0.008   1.0639E-52  1.9893E-53   6.5192E-60  9.1422E-61   1.2404E-11  1.3878E-11   9.7741E-09  1.6859E-09   
1.00E+01  0.086  0.000   1.5481E-38  4.1933E-39   1.8887E-44  4.0643E-45   4.2073E-10  4.9062E-10   9.7627E-09  1.6839E-09   
1.00E+01  0.129  0.000   2.6961E-27  1.1238E-27   3.7035E-32  1.2168E-32   8.7046E-09  1.1021E-08   9.7671E-09  1.7681E-09   
1.00E+01  0.172  0.000   1.5314E-21  8.7461E-22   7.2540E-26  3.0645E-26   5.2634E-08  7.3182E-08   1.1344E-08  3.5839E-09   
1.00E+01  0.259  0.000   1.3957E-15  1.2602E-15   2.6066E-19  1.9733E-19   5.0378E-07  8.5583E-07   5.0711E-08  4.8882E-08   
1.00E+01  0.431  0.000   1.7458E-10  2.8601E-10   1.9745E-13  2.8719E-13   7.1203E-06  1.7598E-05   1.1539E-06  2.0396E-06   
1.00E+01  0.862  0.000   3.4518E-06  1.2797E-05   1.1513E-08  2.1609E-08   4.0663E-04  1.8629E-03   1.7399E-04  5.7908E-04   
1.00E+01  2.585  0.000   6.0488E-02  6.7600E-01   3.7332E-06  7.4516E-06   3.2535E-01  4.3867E+00   8.4789E-03  3.2326E-02   
1.00E+02  0.001  0.511   0.0000E+00  0.0000E+00   0.0000E+00  0.0000E+00   0.0000E+00  0.0000E+00   9.7299E-09  1.6749E-09   
1.00E+02  0.009  0.473   3.7961E-306 9.8694E-308  0.0000E+00  0.0000E+00   1.7874E-59  1.8788E-59   9.7671E-09  1.6842E-09   
1.00E+02  0.017  0.416   2.2544E-158 1.1775E-159  4.9811E-186 3.4906E-187  1.6325E-32  1.7312E-32   9.7698E-09  1.6848E-09   
1.00E+02  0.034  0.284   2.9288E-84  3.0871E-85   6.3716E-98  5.1947E-99   1.7965E-18  1.9421E-18   9.7717E-09  1.6853E-09   
1.00E+02  0.060  0.065   2.7547E-52  5.1505E-53   6.5194E-60  9.1425E-61   4.7909E-12  5.3602E-12   9.7727E-09  1.6856E-09   
1.00E+02  0.086  0.005   1.6274E-38  4.4080E-39   1.8887E-44  4.0645E-45   4.0025E-10  4.6673E-10   9.7621E-09  1.6838E-09   
1.00E+02  0.129  0.000   2.7051E-27  1.1276E-27   3.7036E-32  1.2168E-32   8.6757E-09  1.0984E-08   9.7667E-09  1.7681E-09   
1.00E+02  0.172  0.000   1.5325E-21  8.7525E-22   7.2540E-26  3.0645E-26   5.2596E-08  7.3129E-08   1.1344E-08  3.5839E-09   
1.00E+02  0.259  0.000   1.3959E-15  1.2604E-15   2.6066E-19  1.9733E-19   5.0372E-07  8.5573E-07   5.0711E-08  4.8882E-08   
1.00E+02  0.431  0.000   1.7458E-10  2.8601E-10   1.9746E-13  2.8719E-13   7.1201E-06  1.7597E-05   1.1539E-06  2.0396E-06   
1.00E+02  0.862  0.000   3.4518E-06  1.2797E-05   1.1513E-08  2.1609E-08   4.0663E-04  1.8629E-03   1.7399E-04  5.7908E-04   
1.00E+02  2.585  0.000   6.0488E-02  6.7600E-01   3.7332E-06  7.4516E-06   3.2535E-01  4.3867E+00   8.4789E-03  3.2326E-02   
1.00E+03  0.001  0.513   0.0000E+00  0.0000E+00   0.0000E+00  0.0000E+00   0.0000E+00  0.0000E+00   9.6056E-09  1.6441E-09   
1.00E+03  0.009  0.493   3.9668E-305 1.0313E-3061.00E+01  0.001  0.509   0.0000E+00  0.0000E+00   0.0000E+00  0.0000E+00   0.0000E+00  0.0000E+00   9.7706E-09  1.6850E-09   
1.00E+01  0.009  0.453   3.7796E-307 9.8264E-309  0.0000E+00  0.0000E+00   1.7952E-58  1.8870E-58   9.7742E-09  1.6859E-09   
1.00E+01  0.017  0.377   2.2516E-159 1.1760E-160  4.9811E-186 3.4906E-187  1.6345E-31  1.7333E-31   9.7745E-09  1.6859E-09   
1.00E+01  0.034  0.205   2.9276E-85  3.0859E-86   6.3716E-98  5.1947E-99   1.7972E-17  1.9428E-17   9.7747E-09  1.6860E-09   
1.00E+01  0.060  0.008   1.0639E-52  1.9893E-53   6.5192E-60  9.1422E-61   1.2404E-11  1.3878E-11   9.7741E-09  1.6859E-09   
1.00E+01  0.086  0.000   1.5481E-38  4.1933E-39   1.8887E-44  4.0643E-45   4.2073E-10  4.9062E-10   9.7627E-09  1.6839E-09   
1.00E+01  0.129  0.000   2.6961E-27  1.1238E-27   3.7035E-32  1.2168E-32   8.7046E-09  1.1021E-08   9.7671E-09  1.7681E-09   
1.00E+01  0.172  0.000   1.5314E-21  8.7461E-22   7.2540E-26  3.0645E-26   5.2634E-08  7.3182E-08   1.1344E-08  3.5839E-09   
1.00E+01  0.259  0.000   1.3957E-15  1.2602E-15   2.6066E-19  1.9733E-19   5.0378E-07  8.5583E-07   5.0711E-08  4.8882E-08   
1.00E+01  0.431  0.000   1.7458E-10  2.8601E-10   1.9745E-13  2.8719E-13   7.1203E-06  1.7598E-05   1.1539E-06  2.0396E-06   
1.00E+01  0.862  0.000   3.4518E-06  1.2797E-05   1.1513E-08  2.1609E-08   4.0663E-04  1.8629E-03   1.7399E-04  5.7908E-04   
1.00E+01  2.585  0.000   6.0488E-02  6.7600E-01   3.7332E-06  7.4516E-06   3.2535E-01  4.3867E+00   8.4789E-03  3.2326E-02   
1.00E+02  0.001  0.511   0.0000E+00  0.0000E+00   0.0000E+00  0.0000E+00   0.0000E+00  0.0000E+00   9.7299E-09  1.6749E-09   
1.00E+02  0.009  0.473   3.7961E-306 9.8694E-308  0.0000E+00  0.0000E+00   1.7874E-59  1.8788E-59   9.7671E-09  1.6842E-09   
1.00E+02  0.017  0.416   2.2544E-158 1.1775E-159  4.9811E-186 3.4906E-187  1.6325E-32  1.7312E-32   9.7698E-09  1.6848E-09   
1.00E+02  0.034  0.284   2.9288E-84  3.0871E-85   6.3716E-98  5.1947E-99   1.7965E-18  1.9421E-18   9.7717E-09  1.6853E-09   
1.00E+02  0.060  0.065   2.7547E-52  5.1505E-53   6.5194E-60  9.1425E-61   4.7909E-12  5.3602E-12   9.7727E-09  1.6856E-09   
1.00E+02  0.086  0.005   1.6274E-38  4.4080E-39   1.8887E-44  4.0645E-45   4.0025E-10  4.6673E-10   9.7621E-09  1.6838E-09   
1.00E+02  0.129  0.000   2.7051E-27  1.1276E-27   3.7036E-32  1.2168E-32   8.6757E-09  1.0984E-08   9.7667E-09  1.7681E-09   
1.00E+02  0.172  0.000   1.5325E-21  8.7525E-22   7.2540E-26  3.0645E-26   5.2596E-08  7.3129E-08   1.1344E-08  3.5839E-09   
1.00E+02  0.259  0.000   1.3959E-15  1.2604E-15   2.6066E-19  1.9733E-19   5.0372E-07  8.5573E-07   5.0711E-08  4.8882E-08   
1.00E+02  0.431  0.000   1.7458E-10  2.8601E-10   1.9746E-13  2.8719E-13   7.1201E-06  1.7597E-05   1.1539E-06  2.0396E-06   
1.00E+02  0.862  0.000   3.4518E-06  1.2797E-05   1.1513E-08  2.1609E-08   4.0663E-04  1.8629E-03   1.7399E-04  5.7908E-04   
1.00E+02  2.585  0.000   6.0488E-02  6.7600E-01   3.7332E-06  7.4516E-06   3.2535E-01  4.3867E+00   8.4789E-03  3.2326E-02   
1.00E+03  0.001  0.513   0.0000E+00  0.0000E+00   0.0000E+00  0.0000E+00   0.0000E+00  0.0000E+00   9.6056E-09  1.6441E-09   
1.00E+03  0.009  0.493   3.9668E-305 1.0313E-306  0.0000E+00  0.0000E+00   1.7105E-60  1.7980E-60   9.6966E-09  1.6672E-09   
1.00E+03  0.009  0.493   3.9668E-305 1.0313E-3061.00E+01  0.001  0.509   0.0000E+00  0.0000E+00   0.0000E+00  0.0000E+00   0.0000E+00  0.0000E+00   9.7706E-09  1.6850E-09   
1.00E+03  0.017  0.456   2.2824E-157 1.1921E-158  4.9811E-186 3.4906E-187  1.6125E-33  1.7099E-33   9.7232E-09  1.6740E-09   
1.00E+03  0.034  0.364   2.9410E-83  3.1000E-84   6.3716E-98  5.1947E-99   1.7891E-19  1.9340E-19   9.7420E-09  1.6788E-09   
1.00E+03  0.060  0.197   2.4452E-51  4.5719E-52   6.5196E-60  9.1427E-61   5.3972E-13  6.0387E-13   9.7545E-09  1.6818E-09   
1.00E+03  0.086  0.046   2.6156E-38  7.0848E-39   1.8893E-44  4.0656E-45   2.4907E-10  2.9044E-10   9.7540E-09  1.6822E-09   
1.00E+03  0.129  0.005   2.7970E-27  1.1659E-27   3.7042E-32  1.2171E-32   8.3915E-09  1.0624E-08   9.7630E-09  1.7674E-09   
1.00E+03  0.172  0.001   1.5437E-21  8.8165E-22   7.2548E-26  3.0648E-26   5.2217E-08  7.2602E-08   1.1342E-08  3.5834E-09   
1.00E+03  0.259  0.000   1.3976E-15  1.2619E-15   2.6067E-19  1.9734E-19   5.0311E-07  8.5468E-07   5.0709E-08  4.8880E-08   
1.00E+03  0.431  0.000   1.7461E-10  2.8607E-10   1.9746E-13  2.8719E-13   7.1188E-06  1.7594E-05   1.1539E-06  2.0395E-06   
1.00E+03  0.862  0.000   3.4519E-06  1.2797E-05   1.1513E-08  2.1609E-08   4.0662E-04  1.8629E-03   1.7398E-04  5.7908E-04   
1.00E+03  2.585  0.000   6.0488E-02  6.7600E-01   3.7332E-06  7.4516E-06   3.2535E-01  4.3867E+00   8.4789E-03  3.2326E-02   
1.00E+04  0.001  0.523   0.0000E+00  0.0000E+00   0.0000E+00  0.0000E+00   0.0000E+00  0.0000E+00   8.8602E-09  1.4640E-09   
1.00E+04  0.009  0.516   5.4447E-304 1.4156E-305  0.0000E+00  0.0000E+00   1.2462E-61  1.3099E-61   9.1204E-09  1.5302E-09   
1.00E+04  0.017  0.498   2.5740E-156 1.3444E-157  4.9811E-186 3.4906E-187  1.4298E-34  1.5162E-34   9.2876E-09  1.5736E-09   
1.00E+04  0.034  0.444   3.0651E-82  3.2308E-83   6.3716E-98  5.1947E-99   1.7166E-20  1.8557E-20   9.4523E-09  1.6157E-09   
1.00E+04  0.060  0.337   2.4802E-50  4.6373E-51   6.5196E-60  9.1427E-61   5.3211E-14  5.9535E-14   9.5730E-09  1.6445E-09   
1.00E+04  0.086  0.209   1.7356E-37  4.7012E-38   1.8901E-44  4.0671E-45   3.7545E-11  4.3780E-11   9.6362E-09  1.6588E-09   
1.00E+04  0.129  0.047   3.8766E-27  1.6158E-27   3.7097E-32  1.2188E-32   6.0600E-09  7.6715E-09   9.7195E-09  1.7590E-09   
1.00E+04  0.172  0.014   1.6602E-21  9.4820E-22   7.2623E-26  3.0679E-26   4.8577E-08  6.7535E-08   1.1317E-08  3.5780E-09   
1.00E+04  0.259  0.004   1.4149E-15  1.2776E-15   2.6078E-19  1.9741E-19   4.9703E-07  8.4431E-07   5.0689E-08  4.8865E-08   
1.00E+04  0.431  0.001   1.7495E-10  2.8661E-10   1.9747E-13  2.8721E-13   7.1055E-06  1.7561E-05   1.1538E-06  2.0394E-06   
1.00E+04  0.862  0.000   3.4526E-06  1.2799E-05   1.1514E-08  2.1610E-08   4.0654E-04  1.8625E-03   1.7398E-04  5.7907E-04   
1.00E+04  2.585  0.000   6.0489E-02  6.7600E-01   3.7332E-06  7.4516E-06   3.2535E-01  4.3867E+00   8.4789E-03  3.2326E-02   
1.00E+05  0.001  0.565   0.0000E+00  0.0000E+00   0.0000E+00  0.0000E+00   0.0000E+00  0.0000E+00   5.8661E-09  8.1660E-10   
1.00E+05  0.009  0.563   1.2389E-301 3.2210E-303  0.0000E+00  0.0000E+00   5.4767E-64  5.7569E-64   6.0360E-09  8.5803E-10   
1.00E+05  0.017  0.558   8.2694E-155 4.3191E-156  4.9811E-186 3.4906E-187  4.4505E-36  4.7195E-36   6.3722E-09  9.4389E-10   
1.00E+05  0.034  0.537   4.5412E-81  4.7867E-82   6.3716E-98  5.1947E-99   1.1586E-21  1.2525E-21   7.1329E-09  1.1304E-09   
1.00E+05  0.060  0.485   2.8893E-49  5.4021E-50   6.5196E-60  9.1427E-61   4.5677E-15  5.1105E-15   7.9735E-09  1.3231E-09   
1.00E+05  0.086  0.413   1.8653E-36  5.0522E-37   1.8902E-44  4.0673E-45   3.4934E-12  4.0736E-12   8.4984E-09  1.4365E-09   
1.00E+05  0.129  0.265   2.0985E-26  8.7461E-27   3.7214E-32  1.2225E-32   1.1214E-09  1.4194E-09   9.0846E-09  1.6377E-09   
1.00E+05  0.172  0.128   3.2250E-21  1.8418E-21   7.3109E-26  3.0881E-26   2.5091E-08  3.4864E-08   1.1001E-08  3.5081E-09   
1.00E+05  0.259  0.035   1.6003E-15  1.4449E-15   2.6177E-19  1.9805E-19   4.4021E-07  7.4747E-07   5.0482E-08  4.8704E-08   
1.00E+05  0.431  0.009   1.7832E-10  2.9214E-10   1.9764E-13  2.8746E-13   6.9736E-06  1.7232E-05   1.1529E-06  2.0378E-06   
1.00E+05  0.862  0.002   3.4597E-06  1.2826E-05   1.1516E-08  2.1615E-08   4.0572E-04  1.8587E-03   1.7397E-04  5.7901E-04   
1.00E+05  2.585  0.000   6.0493E-02  6.7605E-01   3.7333E-06  7.4518E-06   3.2532E-01  4.3864E+00   8.4788E-03  3.2326E-02   
1.00E+06  0.001  0.726   0.0000E+00  0.0000E+00   0.0000E+00  0.0000E+00   0.0000E+00  0.0000E+00   4.8886E-11  1.2303E-12   
1.00E+06  0.009  0.725   1.8635E-293 4.8448E-295  0.0000E+00  0.0000E+00   3.6409E-72  3.8271E-72   8.4202E-11  3.1864E-12   
1.00E+06  0.017  0.724   1.2617E-150 6.5900E-152  4.9811E-186 3.4906E-187  2.9167E-40  3.0930E-40   1.7679E-10  1.0480E-11   
1.00E+06  0.034  0.718   8.5284E-79  8.9894E-80   6.3716E-98  5.1947E-99   6.1695E-24  6.6693E-24   5.7920E-10  5.7553E-11   
1.00E+06  0.060  0.700   1.0247E-47  1.9157E-48   6.5196E-60  9.1427E-61   1.2878E-16  1.4409E-16   1.6085E-09  2.1548E-10   
1.00E+06  0.086  0.672   3.7515E-35  1.0157E-35   1.8902E-44  4.0673E-45   1.7365E-13  2.0249E-13   2.8042E-09  4.2069E-10   
1.00E+06  0.129  0.604   2.8745E-25  1.1970E-25   3.7239E-32  1.2233E-32   8.1814E-11  1.0354E-10   4.6799E-09  8.3216E-10   
1.00E+06  0.172  0.512   2.9826E-20  1.7019E-20   7.3578E-26  3.1076E-26   2.7175E-09  3.7739E-09   7.6865E-09  2.7684E-09   
1.00E+06  0.259  0.299   4.4253E-15  3.9948E-15   2.6683E-19  2.0131E-19   1.6039E-07  2.7172E-07   4.7752E-08  4.6520E-08   
1.00E+06  0.431  0.091   2.1561E-10  3.5326E-10   1.9916E-13  2.8971E-13   5.7862E-06  1.4280E-05   1.1435E-06  2.0210E-06   
1.00E+06  0.862  0.020   3.5308E-06  1.3090E-05   1.1539E-08  2.1666E-08   3.9762E-04  1.8215E-03   1.7380E-04  5.7835E-04   
1.00E+06  2.585  0.002   6.0537E-02  6.7654E-01   3.7341E-06  7.4535E-06   3.2509E-01  4.3833E+00   8.4776E-03  3.2321E-02   
1.00E+07  0.001  1.223   0.0000E+00  0.0000E+00   0.0000E+00  0.0000E+00   0.0000E+00  0.0000E+00   0.0000E+00  0.0000E+00   
1.00E+07  0.009  1.222   2.1212E-268 5.5227E-270  0.0000E+00  0.0000E+00   3.1892E-97  3.3523E-97   1.7175E-79  1.1791E-79   
1.00E+07  0.017  1.222   4.3606E-138 2.2811E-139  4.9811E-186 3.4906E-187  8.4113E-53  8.9197E-53   7.4968E-43  5.1550E-43   
1.00E+07  0.034  1.219   1.7626E-72  1.8610E-73   6.3716E-98  5.1947E-99   2.9742E-30  3.2152E-30   1.5751E-24  1.0898E-24   
1.00E+07  0.060  1.212   4.9260E-44  9.2271E-45   6.5196E-60  9.1427E-61   2.6674E-20  2.9844E-20   1.1403E-16  8.0279E-17   
1.00E+07  0.086  1.200   1.7169E-32  4.6564E-33   1.8902E-44  4.0673E-45   3.7746E-16  4.4015E-16   1.6396E-13  1.1882E-13   
1.00E+07  0.129  1.173   2.3232E-23  9.6660E-24   3.7241E-32  1.2234E-32   1.0043E-12  1.2711E-12   5.2084E-11  4.0693E-11   
1.00E+07  0.172  1.133   1.0832E-18  6.1605E-19   7.3634E-26  3.1099E-26   7.3959E-11  1.0270E-10   1.0585E-09  9.0127E-10   
1.00E+07  0.259  1.021   7.1217E-14  6.4138E-14   2.6966E-19  2.0313E-19   9.8477E-09  1.6664E-08   2.8169E-08  2.8987E-08   
1.00E+07  0.431  0.698   8.7135E-10  1.4294E-09   2.0512E-13  2.9851E-13   1.4373E-06  3.5300E-06   1.0201E-06  1.8020E-06   
1.00E+07  0.862  0.196   4.3223E-06  1.6034E-05   1.1755E-08  2.2142E-08   3.2534E-04  1.4894E-03   1.7196E-04  5.7126E-04   
1.00E+07  2.585  0.021   6.0975E-02  6.8145E-01   3.7421E-06  7.4706E-06   3.2279E-01  4.3520E+00   8.4662E-03  3.2272E-02   
1.00E+08  0.001  2.447   0.0000E+00  0.0000E+00   0.0000E+00  0.0000E+00   0.0000E+00  0.0000E+00   0.0000E+00  0.0000E+00   
1.00E+08  0.009  2.447   7.7373E-207 2.0063E-208  0.0000E+00  0.0000E+00   6.1909E-159 6.5075E-159  4.7079E-106 9.6297E-107  
1.00E+08  0.017  2.446   2.3943E-107 1.2463E-108  4.9811E-186 3.4906E-187  1.1647E-83  1.2351E-83   1.1233E-56  2.3629E-57   
1.00E+08  0.034  2.445   3.8669E-57  4.0586E-58   6.3716E-98  5.1947E-99   1.0588E-45  1.1446E-45   5.9652E-32  1.3772E-32   
1.00E+08  0.060  2.442   2.7859E-35  5.1932E-36   6.5196E-60  9.1427E-61   3.7163E-29  4.1580E-29   2.8475E-21  7.9206E-22   
1.00E+08  0.086  2.437   2.3156E-26  6.2692E-27   1.8902E-44  4.0673E-45   2.2228E-22  2.5919E-22   6.3731E-17  2.1374E-17   
1.00E+08  0.129  2.424   2.9961E-19  1.2519E-19   3.7241E-32  1.2234E-32   6.2771E-17  7.9443E-17   1.9893E-13  8.8171E-14   
1.00E+08  0.172  2.406   1.4356E-15  8.2620E-16   7.3635E-26  3.1100E-26   4.5928E-14  6.3778E-14   1.4354E-11  8.4940E-12   
1.00E+08  0.259  2.355   1.0624E-11  9.6632E-12   2.6984E-19  2.0325E-19   5.6686E-11  9.5912E-11   2.0637E-09  2.1138E-09   
1.00E+08  0.431  2.192   2.5089E-08  4.1473E-08   2.0717E-13  3.0152E-13   4.5081E-08  1.1054E-07   4.3680E-07  7.8152E-07   
1.00E+08  0.862  1.493   1.8827E-05  7.0414E-05   1.2607E-08  2.4035E-08   7.3279E-05  3.3463E-04   1.4882E-04  4.8304E-04   
1.00E+08  2.585  0.209   6.5526E-02  7.3253E-01   3.8210E-06  7.6392E-06   3.0068E-01  4.0516E+00   8.3494E-03  3.1773E-02   
1.00E+09  0.001  5.181   0.0000E+00  0.0000E+00   0.0000E+00  0.0000E+00   0.0000E+00  0.0000E+00   0.0000E+00  0.0000E+00   
1.00E+09  0.009  5.180   3.5741E-69  9.2647E-71   0.0000E+00  0.0000E+00   1.0368E-296 1.0898E-296  8.9831E-257 3.8037E-257  
1.00E+09  0.017  5.180   1.4784E-38  7.6847E-40   4.9811E-186 3.4906E-187  1.4993E-152 1.5900E-152  5.9740E-131 2.5492E-131  
1.00E+09  0.034  5.180   8.7932E-23  9.1929E-24   6.3716E-98  5.1947E-99   3.7245E-80  4.0263E-80   5.5681E-68  2.4908E-68   
1.00E+09  0.060  5.178   1.1123E-15  2.0550E-16   6.5196E-60  9.1427E-61   7.4007E-49  8.2803E-49   7.8558E-41  3.9189E-41   
1.00E+09  0.086  5.176   1.1626E-12  3.1162E-13   1.8902E-44  4.0673E-45   3.4852E-36  4.0640E-36   6.9946E-30  3.8374E-30   
1.00E+09  0.129  5.170   3.9349E-10  1.6246E-10   3.7241E-32  1.2234E-32   3.7295E-26  4.7201E-26   2.7205E-21  1.7274E-21   
1.00E+09  0.172  5.161   9.7038E-09  5.4364E-09   7.3635E-26  3.1100E-26   5.2280E-21  7.2599E-21   6.1225E-17  4.5029E-17   
1.00E+09  0.259  5.138   3.6923E-07  3.1817E-07   2.6984E-19  2.0326E-19   1.1975E-15  2.0262E-15   1.8855E-12  1.9343E-12   
1.00E+09  0.431  5.062   1.3407E-05  2.0907E-05   2.0723E-13  3.0162E-13   5.7681E-11  1.4143E-10   1.7969E-08  3.1988E-08   
1.00E+09  0.862  4.708   5.9145E-04  2.2866E-03   1.2882E-08  2.4655E-08   1.7653E-06  8.0551E-06   4.7988E-05  1.3389E-04   
1.00E+09  2.585  1.972   1.2846E-01  1.4413E+00   4.4407E-06  8.9784E-06   1.5380E-01  2.0646E+00   7.0446E-03  2.6294E-02   
1.00E+10  0.001  11.119  1.4980E-01  5.0561E-01   0.0000E+00  0.0000E+00   0.0000E+00  0.0000E+00   0.0000E+00  0.0000E+00   
1.00E+10  0.009  11.118  1.4975E-01  5.0539E-01   0.0000E+00  0.0000E+00   0.0000E+00  0.0000E+00   0.0000E+00  0.0000E+00   
1.00E+10  0.017  11.118  1.4972E-01  5.0532E-01   4.9811E-186 3.4906E-187  3.5271E-302 3.7403E-302  3.8660E-272 4.9393E-273  
1.00E+10  0.034  11.118  1.4985E-01  5.0605E-01   6.3716E-98  5.1947E-99   5.6613E-155 6.1200E-155  1.4062E-139 2.4040E-140  
1.00E+10  0.060  11.117  1.5008E-01  5.0757E-01   6.5196E-60  9.1427E-61   1.2883E-91  1.4414E-91   2.1152E-82  5.8512E-83   
1.00E+10  0.086  11.116  1.5046E-01  5.0996E-01   1.8902E-44  4.0673E-45   4.0200E-66  4.6876E-66   2.7512E-59  1.0208E-59   
1.00E+10  0.129  11.113  1.5137E-01  5.1581E-01   3.7241E-32  1.2234E-32   4.0024E-46  5.0654E-46   3.9461E-41  1.9937E-41   
1.00E+10  0.172  11.109  1.5260E-01  5.2381E-01   7.3635E-26  3.1100E-26   5.3720E-36  7.4599E-36   6.0045E-32  3.7989E-32   
1.00E+10  0.259  11.098  1.5501E-01  5.4290E-01   2.6984E-19  2.0326E-19   1.1610E-25  1.9644E-25   1.8492E-22  1.5647E-22   
1.00E+10  0.431  11.063  1.5354E-01  5.7030E-01   2.0723E-13  3.0162E-13   5.1524E-17  1.2633E-16   7.6408E-15  1.0095E-14   
1.00E+10  0.862  10.898  1.6516E-01  7.8333E-01   1.2889E-08  2.4671E-08   1.3396E-09  6.1124E-09   6.8867E-09  1.6056E-08   
1.00E+10  2.585  9.163   1.8057E+00  2.1295E+01   5.2790E-06  1.0833E-05   9.6497E-03  1.2900E-01   3.8448E-04  1.5266E-03   
1.00E+11  0.001  23.934  7.4955E+01  8.8497E+02   0.0000E+00  0.0000E+00   0.0000E+00  0.0000E+00   0.0000E+00  0.0000E+00   
1.00E+11  0.009  23.934  7.4942E+01  8.8478E+02   0.0000E+00  0.0000E+00   0.0000E+00  0.0000E+00   0.0000E+00  0.0000E+00   
1.00E+11  0.017  23.933  7.4936E+01  8.8469E+02   4.9811E-186 3.4906E-187  0.0000E+00  0.0000E+00   0.0000E+00  0.0000E+00   
1.00E+11  0.034  23.934  7.4947E+01  8.8488E+02   6.3716E-98  5.1947E-99   1.8034E-317 1.8905E-317  0.0000E+00  0.0000E+00   
1.00E+11  0.060  23.933  7.4958E+01  8.8513E+02   6.5196E-60  9.1427E-61   6.8992E-184 7.7191E-184  0.0000E+00  0.0000E+00   
1.00E+11  0.086  23.933  7.4977E+01  8.8552E+02   1.8902E-44  4.0673E-45   1.0265E-130 1.1969E-130  0.0000E+00  0.0000E+00   
1.00E+11  0.129  23.931  7.5022E+01  8.8648E+02   3.7241E-32  1.2234E-32   3.4312E-89  4.3425E-89   0.0000E+00  0.0000E+00   
1.00E+11  0.172  23.930  7.5066E+01  8.8757E+02   7.3635E-26  3.1100E-26   2.6594E-68  3.6930E-68   0.0000E+00  0.0000E+00   
1.00E+11  0.259  23.924  7.4896E+01  8.8670E+02   2.6984E-19  2.0326E-19   3.2963E-47  5.5773E-47   0.0000E+00  0.0000E+00   
1.00E+11  0.431  23.908  7.2147E+01  8.5379E+02   2.0723E-13  3.0162E-13   5.8200E-30  1.4270E-29   0.0000E+00  0.0000E+00   
1.00E+11  0.862  23.832  6.4286E+01  7.6630E+02   1.2889E-08  2.4671E-08   4.0634E-16  1.8541E-15   0.0000E+00  0.0000E+00   
1.00E+11  2.585  23.015  9.8169E+01  1.6429E+03   5.3463E-06  1.0984E-05   4.5473E-05  6.0774E-04   0.0000E+00  0.0000E+00   
