rhoYe is density times electron fraction [g/cm^3], T is temperature [MeV], mu_e is electron chemical potential [MeV]
e-(+) cap is electron (positron) capture, e-(+) dec is electron (positron) decay
For each process, first column is neutrino production [neutrinos/baryon second] and second column is energy loss [MeV/baryon second].
rhoYe     T      mu_e    e- cap                   e+ dec                   e+ cap                   e- dec                   
1.00E+01  0.001  0.509   3.2603E-08  1.2794E-07   2.6691E-03  4.4377E-03   0.0000E+00  0.0000E+00   0.0000E+00  0.0000E+00   
1.00E+01  0.009  0.453   6.4609E-09  2.5406E-08   2.6691E-03  4.4377E-03   0.0000E+00  0.0000E+00   0.0000E+00  0.0000E+00   
1.00E+01  0.017  0.377   4.7692E-09  1.8802E-08   2.6691E-03  4.4377E-03   1.4515E-312 7.5582E-314  0.0000E+00  0.0000E+00   
1.00E+01  0.034  0.205   3.8162E-09  1.5134E-08   2.6691E-03  4.4377E-03   5.9470E-157 6.2515E-158  0.0000E+00  0.0000E+00   
1.00E+01  0.060  0.008   1.4520E-08  5.8174E-08   2.6689E-03  4.4376E-03   2.3822E-90  4.4345E-91   0.0000E+00  0.0000E+00   
1.00E+01  0.086  0.000   2.8391E-07  1.1506E-06   2.6679E-03  4.4370E-03   1.7505E-64  4.7086E-65   0.0000E+00  0.0000E+00   
1.00E+01  0.129  0.000   4.0875E-06  1.6926E-05   2.6636E-03  4.4331E-03   3.0798E-44  1.2656E-44   0.0000E+00  0.0000E+00   
1.00E+01  0.172  0.000   1.8897E-05  8.0145E-05   2.6564E-03  4.4241E-03   5.2015E-34  2.8993E-34   0.0000E+00  0.0000E+00   
1.00E+01  0.259  0.000   1.1957E-04  5.3496E-04   2.6360E-03  4.3901E-03   1.2419E-23  1.0716E-23   0.0000E+00  0.0000E+00   
1.00E+01  0.431  0.000   9.5248E-04  4.7932E-03   2.6129E-03  4.3883E-03   4.7355E-15  7.1740E-15   0.0000E+00  0.0000E+00   
1.00E+01  0.862  0.000   1.5991E-02  1.0799E-01   3.5949E-03  8.2223E-03   4.9870E-08  1.6382E-07   0.0000E+00  0.0000E+00   
1.00E+01  2.585  0.000   2.2852E+00  3.4908E+01   2.5121E-02  1.1210E-01   2.6757E-02  2.9116E-01   0.0000E+00  0.0000E+00   
1.00E+01  0.001  0.509   3.2603E-08  1.2794E-07   2.6691E-03  4.4377E-03   0.0000E+00  0.0000E+00   0.0000E+00  0.0000E+00   
1.00E+01  0.009  0.453   6.4609E-09  2.5406E-08   2.6691E-03  4.4377E-03   0.0000E+00  0.0000E+00   0.0000E+00  0.0000E+00   
1.00E+01  0.017  0.377   4.7692E-09  1.8802E-08   2.6691E-03  4.4377E-03   1.4515E-312 7.5582E-314  0.0000E+00  0.0000E+00   
1.00E+01  0.034  0.205   3.8162E-09  1.5134E-08   2.6691E-03  4.4377E-03   5.9470E-157 6.2515E-158  0.0000E+00  0.0000E+00   
1.00E+01  0.060  0.008   1.4520E-08  5.8174E-08   2.6689E-03  4.4376E-03   2.3822E-90  4.4345E-91   0.0000E+00  0.0000E+00   
1.00E+01  0.086  0.000   2.8391E-07  1.1506E-06   2.6679E-03  4.4370E-03   1.7505E-64  4.7086E-65   0.0000E+00  0.0000E+00   
1.00E+01  0.129  0.000   4.0875E-06  1.6926E-05   2.6636E-03  4.4331E-03   3.0798E-44  1.2656E-44   0.0000E+00  0.0000E+00   
1.00E+01  0.172  0.000   1.8897E-05  8.0145E-05   2.6564E-03  4.4241E-03   5.2015E-34  2.8993E-34   0.0000E+00  0.0000E+00   
1.00E+01  0.259  0.000   1.1957E-04  5.3496E-04   2.6360E-03  4.3901E-03   1.2419E-23  1.0716E-23   0.0000E+00  0.0000E+00   
1.00E+01  0.431  0.000   9.5248E-04  4.7932E-03   2.6129E-03  4.3883E-03   4.7355E-15  7.1740E-15   0.0000E+00  0.0000E+00   
1.00E+01  0.862  0.000   1.5991E-02  1.0799E-01   3.5949E-03  8.2223E-03   4.9870E-08  1.6382E-07   0.0000E+00  0.0000E+00   
1.00E+01  2.585  0.000   2.2852E+00  3.4908E+01   2.5121E-02  1.1210E-01   2.6757E-02  2.9116E-01   0.0000E+00  0.0000E+00   
1.00E+02  0.001  0.511   3.3225E-07  1.3039E-06   2.6691E-03  4.4377E-03   0.0000E+00  0.0000E+00   0.0000E+00  0.0000E+00   
1.00E+02  0.009  0.473   6.4550E-08  2.5383E-07   2.6691E-03  4.4377E-03   0.0000E+00  0.0000E+00   0.0000E+00  0.0000E+00   
1.00E+02  0.017  0.416   4.7671E-08  1.8794E-07   2.6691E-03  4.4377E-03   1.4429E-313 7.4788E-315  0.0000E+00  0.0000E+00   
1.00E+02  0.034  0.284   3.8157E-08  1.5132E-07   2.6691E-03  4.4377E-03   5.9446E-158 6.2490E-159  0.0000E+00  0.0000E+00   
1.00E+02  0.060  0.065   3.7590E-08  1.5060E-07   2.6689E-03  4.4376E-03   9.2008E-91  1.7127E-91   0.0000E+00  0.0000E+00   
1.00E+02  0.086  0.005   2.9843E-07  1.2095E-06   2.6679E-03  4.4370E-03   1.6652E-64  4.4793E-65   0.0000E+00  0.0000E+00   
1.00E+02  0.129  0.000   4.1011E-06  1.6982E-05   2.6636E-03  4.4331E-03   3.0696E-44  1.2613E-44   0.0000E+00  0.0000E+00   
1.00E+02  0.172  0.000   1.8910E-05  8.0203E-05   2.6564E-03  4.4241E-03   5.1977E-34  2.8972E-34   0.0000E+00  0.0000E+00   
1.00E+02  0.259  0.000   1.1959E-04  5.3503E-04   2.6360E-03  4.3901E-03   1.2417E-23  1.0714E-23   0.0000E+00  0.0000E+00   
1.00E+02  0.431  0.000   9.5249E-04  4.7933E-03   2.6129E-03  4.3883E-03   4.7354E-15  7.1739E-15   0.0000E+00  0.0000E+00   
1.00E+02  0.862  0.000   1.5991E-02  1.0799E-01   3.5949E-03  8.2223E-03   4.9870E-08  1.6382E-07   0.0000E+00  0.0000E+00   
1.00E+02  2.585  0.000   2.2852E+00  3.4908E+01   2.5121E-02  1.1210E-01   2.6757E-02  2.9116E-01   0.0000E+00  0.0000E+00   
1.00E+01  0.001  0.509   3.2603E-08  1.2794E-07   2.6691E-03  4.4377E-03   0.0000E+00  0.0000E+00   0.0000E+00  0.0000E+00   
1.00E+01  0.009  0.453   6.4609E-09  2.5406E-08   2.6691E-03  4.4377E-03   0.0000E+00  0.0000E+00   0.0000E+00  0.0000E+00   
1.00E+01  0.017  0.377   4.7692E-09  1.8802E-08   2.6691E-03  4.4377E-03   1.4515E-312 7.5582E-314  0.0000E+00  0.0000E+00   
1.00E+01  0.034  0.205   3.8162E-09  1.5134E-08   2.6691E-03  4.4377E-03   5.9470E-157 6.2515E-158  0.0000E+00  0.0000E+00   
1.00E+01  0.060  0.008   1.4520E-08  5.8174E-08   2.6689E-03  4.4376E-03   2.3822E-90  4.4345E-91   0.0000E+00  0.0000E+00   
1.00E+01  0.086  0.000   2.8391E-07  1.1506E-06   2.6679E-03  4.4370E-03   1.7505E-64  4.7086E-65   0.0000E+00  0.0000E+00   
1.00E+01  0.129  0.000   4.0875E-06  1.6926E-05   2.6636E-03  4.4331E-03   3.0798E-44  1.2656E-44   0.0000E+00  0.0000E+00   
1.00E+01  0.172  0.000   1.8897E-05  8.0145E-05   2.6564E-03  4.4241E-03   5.2015E-34  2.8993E-34   0.0000E+00  0.0000E+00   
1.00E+01  0.259  0.000   1.1957E-04  5.3496E-04   2.6360E-03  4.3901E-03   1.2419E-23  1.0716E-23   0.0000E+00  0.0000E+00   
1.00E+01  0.431  0.000   9.5248E-04  4.7932E-03   2.6129E-03  4.3883E-03   4.7355E-15  7.1740E-15   0.0000E+00  0.0000E+00   
1.00E+01  0.862  0.000   1.5991E-02  1.0799E-01   3.5949E-03  8.2223E-03   4.9870E-08  1.6382E-07   0.0000E+00  0.0000E+00   
1.00E+01  2.585  0.000   2.2852E+00  3.4908E+01   2.5121E-02  1.1210E-01   2.6757E-02  2.9116E-01   0.0000E+00  0.0000E+00   
1.00E+02  0.001  0.511   3.3225E-07  1.3039E-06   2.6691E-03  4.4377E-03   0.0000E+00  0.0000E+00   0.0000E+00  0.0000E+00   
1.00E+02  0.009  0.473   6.4550E-08  2.5383E-07   2.6691E-03  4.4377E-03   0.0000E+00  0.0000E+00   0.0000E+00  0.0000E+00   
1.00E+02  0.017  0.416   4.7671E-08  1.8794E-07   2.6691E-03  4.4377E-03   1.4429E-313 7.4788E-315  0.0000E+00  0.0000E+00   
1.00E+02  0.034  0.284   3.8157E-08  1.5132E-07   2.6691E-03  4.4377E-03   5.9446E-158 6.2490E-159  0.0000E+00  0.0000E+00   
1.00E+02  0.060  0.065   3.7590E-08  1.5060E-07   2.6689E-03  4.4376E-03   9.2008E-91  1.7127E-91   0.0000E+00  0.0000E+00   
1.00E+02  0.086  0.005   2.9843E-07  1.2095E-06   2.6679E-03  4.4370E-03   1.6652E-64  4.4793E-65   0.0000E+00  0.0000E+00   
1.00E+02  0.129  0.000   4.1011E-06  1.6982E-05   2.6636E-03  4.4331E-03   3.0696E-44  1.2613E-44   0.0000E+00  0.0000E+00   
1.00E+02  0.172  0.000   1.8910E-05  8.0203E-05   2.6564E-03  4.4241E-03   5.1977E-34  2.8972E-34   0.0000E+00  0.0000E+00   
1.00E+02  0.259  0.000   1.1959E-04  5.3503E-04   2.6360E-03  4.3901E-03   1.2417E-23  1.0714E-23   0.0000E+00  0.0000E+00   
1.00E+02  0.431  0.000   9.5249E-04  4.7933E-03   2.6129E-03  4.3883E-03   4.7354E-15  7.1739E-15   0.0000E+00  0.0000E+00   
1.00E+02  0.862  0.000   1.5991E-02  1.0799E-01   3.5949E-03  8.2223E-03   4.9870E-08  1.6382E-07   0.0000E+00  0.0000E+00   
1.00E+02  2.585  0.000   2.2852E+00  3.4908E+01   2.5121E-02  1.1210E-01   2.6757E-02  2.9116E-01   0.0000E+00  0.0000E+00   
1.00E+03  0.001  0.513   1.2546E-06  4.9240E-06   2.6691E-03  4.4377E-03   0.0000E+00  0.0000E+00   0.0000E+00  0.0000E+00   
1.00E+03  0.009  0.493   6.3987E-07  2.5163E-06 1.00E+01  0.001  0.509   3.2603E-08  1.2794E-07   2.6691E-03  4.4377E-03   0.0000E+00  0.0000E+00   0.0000E+00  0.0000E+00   
1.00E+01  0.009  0.453   6.4609E-09  2.5406E-08   2.6691E-03  4.4377E-03   0.0000E+00  0.0000E+00   0.0000E+00  0.0000E+00   
1.00E+01  0.017  0.377   4.7692E-09  1.8802E-08   2.6691E-03  4.4377E-03   1.4515E-312 7.5582E-314  0.0000E+00  0.0000E+00   
1.00E+01  0.034  0.205   3.8162E-09  1.5134E-08   2.6691E-03  4.4377E-03   5.9470E-157 6.2515E-158  0.0000E+00  0.0000E+00   
1.00E+01  0.060  0.008   1.4520E-08  5.8174E-08   2.6689E-03  4.4376E-03   2.3822E-90  4.4345E-91   0.0000E+00  0.0000E+00   
1.00E+01  0.086  0.000   2.8391E-07  1.1506E-06   2.6679E-03  4.4370E-03   1.7505E-64  4.7086E-65   0.0000E+00  0.0000E+00   
1.00E+01  0.129  0.000   4.0875E-06  1.6926E-05   2.6636E-03  4.4331E-03   3.0798E-44  1.2656E-44   0.0000E+00  0.0000E+00   
1.00E+01  0.172  0.000   1.8897E-05  8.0145E-05   2.6564E-03  4.4241E-03   5.2015E-34  2.8993E-34   0.0000E+00  0.0000E+00   
1.00E+01  0.259  0.000   1.1957E-04  5.3496E-04   2.6360E-03  4.3901E-03   1.2419E-23  1.0716E-23   0.0000E+00  0.0000E+00   
1.00E+01  0.431  0.000   9.5248E-04  4.7932E-03   2.6129E-03  4.3883E-03   4.7355E-15  7.1740E-15   0.0000E+00  0.0000E+00   
1.00E+01  0.862  0.000   1.5991E-02  1.0799E-01   3.5949E-03  8.2223E-03   4.9870E-08  1.6382E-07   0.0000E+00  0.0000E+00   
1.00E+01  2.585  0.000   2.2852E+00  3.4908E+01   2.5121E-02  1.1210E-01   2.6757E-02  2.9116E-01   0.0000E+00  0.0000E+00   
1.00E+02  0.001  0.511   3.3225E-07  1.3039E-06   2.6691E-03  4.4377E-03   0.0000E+00  0.0000E+00   0.0000E+00  0.0000E+00   
1.00E+02  0.009  0.473   6.4550E-08  2.5383E-07   2.6691E-03  4.4377E-03   0.0000E+00  0.0000E+00   0.0000E+00  0.0000E+00   
1.00E+02  0.017  0.416   4.7671E-08  1.8794E-07   2.6691E-03  4.4377E-03   1.4429E-313 7.4788E-315  0.0000E+00  0.0000E+00   
1.00E+02  0.034  0.284   3.8157E-08  1.5132E-07   2.6691E-03  4.4377E-03   5.9446E-158 6.2490E-159  0.0000E+00  0.0000E+00   
1.00E+02  0.060  0.065   3.7590E-08  1.5060E-07   2.6689E-03  4.4376E-03   9.2008E-91  1.7127E-91   0.0000E+00  0.0000E+00   
1.00E+02  0.086  0.005   2.9843E-07  1.2095E-06   2.6679E-03  4.4370E-03   1.6652E-64  4.4793E-65   0.0000E+00  0.0000E+00   
1.00E+02  0.129  0.000   4.1011E-06  1.6982E-05   2.6636E-03  4.4331E-03   3.0696E-44  1.2613E-44   0.0000E+00  0.0000E+00   
1.00E+02  0.172  0.000   1.8910E-05  8.0203E-05   2.6564E-03  4.4241E-03   5.1977E-34  2.8972E-34   0.0000E+00  0.0000E+00   
1.00E+02  0.259  0.000   1.1959E-04  5.3503E-04   2.6360E-03  4.3901E-03   1.2417E-23  1.0714E-23   0.0000E+00  0.0000E+00   
1.00E+02  0.431  0.000   9.5249E-04  4.7933E-03   2.6129E-03  4.3883E-03   4.7354E-15  7.1739E-15   0.0000E+00  0.0000E+00   
1.00E+02  0.862  0.000   1.5991E-02  1.0799E-01   3.5949E-03  8.2223E-03   4.9870E-08  1.6382E-07   0.0000E+00  0.0000E+00   
1.00E+02  2.585  0.000   2.2852E+00  3.4908E+01   2.5121E-02  1.1210E-01   2.6757E-02  2.9116E-01   0.0000E+00  0.0000E+00   
1.00E+03  0.001  0.513   1.2546E-06  4.9240E-06   2.6691E-03  4.4377E-03   0.0000E+00  0.0000E+00   0.0000E+00  0.0000E+00   
1.00E+03  0.009  0.493   6.3987E-07  2.5163E-06 1.00E+01  0.001  0.509   3.2603E-08  1.2794E-07   2.6691E-03  4.4377E-03   0.0000E+00  0.0000E+00   0.0000E+00  0.0000E+00   
1.00E+03  0.009  0.493   6.3987E-07  2.5163E-06   2.6691E-03  4.4377E-03   0.0000E+00  0.0000E+00   0.0000E+00  0.0000E+00   
1.00E+03  0.017  0.456   4.7463E-07  1.8713E-06   2.6691E-03  4.4377E-03   1.4037E-314 7.2553E-316  0.0000E+00  0.0000E+00   
1.00E+03  0.034  0.364   3.8118E-07  1.5117E-06   2.6691E-03  4.4377E-03   5.9200E-159 6.2231E-160  0.0000E+00  0.0000E+00   
1.00E+03  0.060  0.197   3.3305E-07  1.3344E-06   2.6689E-03  4.4376E-03   1.0365E-91  1.9295E-92   0.0000E+00  0.0000E+00   
1.00E+03  0.086  0.046   4.7936E-07  1.9428E-06   2.6680E-03  4.4370E-03   1.0361E-64  2.7869E-65   0.0000E+00  0.0000E+00   
1.00E+03  0.129  0.005   4.2396E-06  1.7555E-05   2.6636E-03  4.4332E-03   2.9687E-44  1.2199E-44   0.0000E+00  0.0000E+00   
1.00E+03  0.172  0.001   1.9047E-05  8.0781E-05   2.6564E-03  4.4242E-03   5.1600E-34  2.8762E-34   0.0000E+00  0.0000E+00   
1.00E+03  0.259  0.000   1.1973E-04  5.3567E-04   2.6360E-03  4.3902E-03   1.2402E-23  1.0701E-23   0.0000E+00  0.0000E+00   
1.00E+03  0.431  0.000   9.5267E-04  4.7942E-03   2.6129E-03  4.3883E-03   4.7345E-15  7.1725E-15   0.0000E+00  0.0000E+00   
1.00E+03  0.862  0.000   1.5991E-02  1.0799E-01   3.5949E-03  8.2224E-03   4.9869E-08  1.6382E-07   0.0000E+00  0.0000E+00   
1.00E+03  2.585  0.000   2.2852E+00  3.4908E+01   2.5121E-02  1.1210E-01   2.6757E-02  2.9116E-01   0.0000E+00  0.0000E+00   
1.00E+04  0.001  0.523   7.1995E-06  2.8289E-05   2.6691E-03  4.4377E-03   0.0000E+00  0.0000E+00   0.0000E+00  0.0000E+00   
1.00E+04  0.009  0.516   5.5023E-06  2.1650E-05   2.6691E-03  4.4377E-03   0.0000E+00  0.0000E+00   0.0000E+00  0.0000E+00   
1.00E+04  0.017  0.498   4.5544E-06  1.7964E-05   2.6691E-03  4.4377E-03   1.2206E-315 6.3649E-317  0.0000E+00  0.0000E+00   
1.00E+04  0.034  0.444   3.7742E-06  1.4973E-05   2.6691E-03  4.4377E-03   5.6802E-160 5.9710E-161  0.0000E+00  0.0000E+00   
1.00E+04  0.060  0.337   3.3158E-06  1.3288E-05   2.6689E-03  4.4376E-03   1.0219E-92  1.9023E-93   0.0000E+00  0.0000E+00   
1.00E+04  0.086  0.209   3.1529E-06  1.2780E-05   2.6680E-03  4.4371E-03   1.5613E-65  4.1999E-66   0.0000E+00  0.0000E+00   
1.00E+04  0.129  0.047   5.8620E-06  2.4275E-05   2.6638E-03  4.4337E-03   2.1420E-44  8.8017E-45   0.0000E+00  0.0000E+00   
1.00E+04  0.172  0.014   2.0463E-05  8.6792E-05   2.6566E-03  4.4247E-03   4.7977E-34  2.6743E-34   0.0000E+00  0.0000E+00   
1.00E+04  0.259  0.004   1.2117E-04  5.4214E-04   2.6362E-03  4.3906E-03   1.2250E-23  1.0570E-23   0.0000E+00  0.0000E+00   
1.00E+04  0.431  0.001   9.5441E-04  4.8030E-03   2.6130E-03  4.3887E-03   4.7254E-15  7.1588E-15   0.0000E+00  0.0000E+00   
1.00E+04  0.862  0.000   1.5995E-02  1.0801E-01   3.5949E-03  8.2225E-03   4.9859E-08  1.6379E-07   0.0000E+00  0.0000E+00   
1.00E+04  2.585  0.000   2.2853E+00  3.4908E+01   2.5121E-02  1.1210E-01   2.6757E-02  2.9116E-01   0.0000E+00  0.0000E+00   
1.00E+05  0.001  0.565   4.0076E-05  1.5832E-04   2.6691E-03  4.4377E-03   0.0000E+00  0.0000E+00   0.0000E+00  0.0000E+00   
1.00E+05  0.009  0.563   3.9054E-05  1.5436E-04   2.6691E-03  4.4377E-03   0.0000E+00  0.0000E+00   0.0000E+00  0.0000E+00   
1.00E+05  0.017  0.558   3.7790E-05  1.4961E-04   2.6691E-03  4.4377E-03   3.7993E-317 1.9812E-318  0.0000E+00  0.0000E+00   
1.00E+05  0.034  0.537   3.5017E-05  1.3931E-04   2.6691E-03  4.4377E-03   3.8339E-161 4.0302E-162  0.0000E+00  0.0000E+00   
1.00E+05  0.060  0.485   3.2322E-05  1.2980E-04   2.6689E-03  4.4376E-03   8.7721E-94  1.6329E-94   0.0000E+00  0.0000E+00   
1.00E+05  0.086  0.413   3.0951E-05  1.2567E-04   2.6680E-03  4.4371E-03   1.4527E-66  3.9077E-67   0.0000E+00  0.0000E+00   
1.00E+05  0.129  0.265   3.0619E-05  1.2694E-04   2.6642E-03  4.4347E-03   3.9564E-45  1.6257E-45   0.0000E+00  0.0000E+00   
1.00E+05  0.172  0.128   3.9198E-05  1.6636E-04   2.6580E-03  4.4283E-03   2.4695E-34  1.3765E-34   0.0000E+00  0.0000E+00   
1.00E+05  0.259  0.035   1.3652E-04  6.1098E-04   2.6380E-03  4.3952E-03   1.0830E-23  9.3446E-24   0.0000E+00  0.0000E+00   
1.00E+05  0.431  0.009   9.7203E-04  4.8922E-03   2.6144E-03  4.3918E-03   4.6357E-15  7.0228E-15   0.0000E+00  0.0000E+00   
1.00E+05  0.862  0.002   1.6026E-02  1.0822E-01   3.5956E-03  8.2240E-03   4.9756E-08  1.6345E-07   0.0000E+00  0.0000E+00   
1.00E+05  2.585  0.000   2.2854E+00  3.4910E+01   2.5122E-02  1.1210E-01   2.6755E-02  2.9114E-01   0.0000E+00  0.0000E+00   
1.00E+06  0.001  0.726   2.9688E-04  1.2004E-03   2.6691E-03  4.4377E-03   0.0000E+00  0.0000E+00   0.0000E+00  0.0000E+00   
1.00E+06  0.009  0.725   2.9474E-04  1.1918E-03   2.6691E-03  4.4377E-03   0.0000E+00  0.0000E+00   0.0000E+00  0.0000E+00   
1.00E+06  0.017  0.724   2.9560E-04  1.1961E-03   2.6691E-03  4.4377E-03   2.4901E-321 1.3340E-322  0.0000E+00  0.0000E+00   
1.00E+06  0.034  0.718   2.9548E-04  1.1986E-03   2.6691E-03  4.4377E-03   2.0415E-163 2.1460E-164  0.0000E+00  0.0000E+00   
1.00E+06  0.060  0.700   2.9516E-04  1.2048E-03   2.6689E-03  4.4376E-03   2.4733E-95  4.6040E-96   0.0000E+00  0.0000E+00   
1.00E+06  0.086  0.672   2.9499E-04  1.2144E-03   2.6680E-03  4.4371E-03   7.2211E-68  1.9424E-68   0.0000E+00  0.0000E+00   
1.00E+06  0.129  0.604   2.9657E-04  1.2427E-03   2.6643E-03  4.4349E-03   2.8852E-46  1.1856E-46   0.0000E+00  0.0000E+00   
1.00E+06  0.172  0.512   3.0211E-04  1.2927E-03   2.6592E-03  4.4318E-03   2.6656E-35  1.4858E-35   0.0000E+00  0.0000E+00   
1.00E+06  0.259  0.299   3.5782E-04  1.6078E-03   2.6470E-03  4.4179E-03   3.9100E-24  3.3737E-24   0.0000E+00  0.0000E+00   
1.00E+06  0.431  0.091   1.1650E-03  5.8705E-03   2.6270E-03  4.4208E-03   3.8311E-15  5.8039E-15   0.0000E+00  0.0000E+00   
1.00E+06  0.862  0.020   1.6343E-02  1.1039E-01   3.6020E-03  8.2393E-03   4.8744E-08  1.6012E-07   0.0000E+00  0.0000E+00   
1.00E+06  2.585  0.002   2.2870E+00  3.4935E+01   2.5125E-02  1.1211E-01   2.6736E-02  2.9092E-01   0.0000E+00  0.0000E+00   
1.00E+07  0.001  1.223   3.0234E-03  1.3197E-02   2.6691E-03  4.4377E-03   0.0000E+00  0.0000E+00   0.0000E+00  0.0000E+00   
1.00E+07  0.009  1.222   3.0168E-03  1.3168E-02   2.6691E-03  4.4377E-03   0.0000E+00  0.0000E+00   0.0000E+00  0.0000E+00   
1.00E+07  0.017  1.222   3.0179E-03  1.3177E-02   2.6691E-03  4.4377E-03   0.0000E+00  0.0000E+00   0.0000E+00  0.0000E+00   
1.00E+07  0.034  1.219   3.0254E-03  1.3223E-02   2.6691E-03  4.4377E-03   9.8416E-170 1.0345E-170  0.0000E+00  0.0000E+00   
1.00E+07  0.060  1.212   3.0405E-03  1.3328E-02   2.6689E-03  4.4376E-03   5.1226E-99  9.5358E-100  0.0000E+00  0.0000E+00   
1.00E+07  0.086  1.200   3.0628E-03  1.3483E-02   2.6680E-03  4.4371E-03   1.5696E-70  4.2222E-71   0.0000E+00  0.0000E+00   
1.00E+07  0.129  1.173   3.1134E-03  1.3844E-02   2.6643E-03  4.4349E-03   3.5416E-48  1.4553E-48   0.0000E+00  0.0000E+00   
1.00E+07  0.172  1.133   3.1813E-03  1.4336E-02   2.6594E-03  4.4322E-03   7.2518E-37  4.0422E-37   0.0000E+00  0.0000E+00   
1.00E+07  0.259  1.021   3.3734E-03  1.5743E-02   2.6519E-03  4.4303E-03   2.3888E-25  2.0612E-25   0.0000E+00  0.0000E+00   
1.00E+07  0.431  0.698   4.1709E-03  2.1364E-02   2.6751E-03  4.5329E-03   9.3743E-16  1.4201E-15   0.0000E+00  0.0000E+00   
1.00E+07  0.862  0.196   1.9841E-02  1.3433E-01   3.6611E-03  8.3795E-03   3.9734E-08  1.3051E-07   0.0000E+00  0.0000E+00   
1.00E+07  2.585  0.021   2.3031E+00  3.5184E+01   2.5154E-02  1.1225E-01   2.6543E-02  2.8882E-01   0.0000E+00  0.0000E+00   
1.00E+08  0.001  2.447   4.2922E-02  2.2371E-01   2.6691E-03  4.4377E-03   0.0000E+00  0.0000E+00   0.0000E+00  0.0000E+00   
1.00E+08  0.009  2.447   4.2888E-02  2.2352E-01   2.6691E-03  4.4377E-03   0.0000E+00  0.0000E+00   0.0000E+00  0.0000E+00   
1.00E+08  0.017  2.446   4.2878E-02  2.2348E-01   2.6691E-03  4.4377E-03   0.0000E+00  0.0000E+00   0.0000E+00  0.0000E+00   
1.00E+08  0.034  2.445   4.2933E-02  2.2388E-01   2.6691E-03  4.4377E-03   3.5036E-185 3.6830E-186  0.0000E+00  0.0000E+00   
1.00E+08  0.060  2.442   4.3029E-02  2.2466E-01   2.6689E-03  4.4376E-03   7.1371E-108 1.3286E-108  0.0000E+00  0.0000E+00   
1.00E+08  0.086  2.437   4.3167E-02  2.2579E-01   2.6680E-03  4.4371E-03   9.2432E-77  2.4863E-77   0.0000E+00  0.0000E+00   
1.00E+08  0.129  2.424   4.3474E-02  2.2839E-01   2.6643E-03  4.4349E-03   2.2136E-52  9.0960E-53   0.0000E+00  0.0000E+00   
1.00E+08  0.172  2.406   4.3908E-02  2.3207E-01   2.6594E-03  4.4322E-03   4.5033E-40  2.5101E-40   0.0000E+00  0.0000E+00   
1.00E+08  0.259  2.355   4.5245E-02  2.4330E-01   2.6522E-03  4.4311E-03   1.3746E-27  1.1861E-27   0.0000E+00  0.0000E+00   
1.00E+08  0.431  2.192   4.9896E-02  2.8299E-01   2.6913E-03  4.5709E-03   2.9255E-17  4.4317E-17   0.0000E+00  0.0000E+00   
1.00E+08  0.862  1.493   7.7389E-02  5.3976E-01   3.8929E-03  8.9357E-03   8.8255E-09  2.8978E-08   0.0000E+00  0.0000E+00   
1.00E+08  2.585  0.209   2.4698E+00  3.7768E+01   2.5442E-02  1.1361E-01   2.4694E-02  2.6864E-01   0.0000E+00  0.0000E+00   
1.00E+09  0.001  5.181   8.9460E-01  6.3412E+00   2.6691E-03  4.4377E-03   0.0000E+00  0.0000E+00   0.0000E+00  0.0000E+00   
1.00E+09  0.009  5.180   8.9421E-01  6.3382E+00   2.6691E-03  4.4377E-03   0.0000E+00  0.0000E+00   0.0000E+00  0.0000E+00   
1.00E+09  0.017  5.180   8.9402E-01  6.3369E+00   2.6691E-03  4.4377E-03   0.0000E+00  0.0000E+00   0.0000E+00  0.0000E+00   
1.00E+09  0.034  5.180   8.9454E-01  6.3419E+00   2.6691E-03  4.4377E-03   1.2324E-219 1.2955E-220  0.0000E+00  0.0000E+00   
1.00E+09  0.060  5.178   8.9529E-01  6.3501E+00   2.6689E-03  4.4376E-03   1.4213E-127 2.6457E-128  0.0000E+00  0.0000E+00   
1.00E+09  0.086  5.176   8.9628E-01  6.3614E+00   2.6680E-03  4.4371E-03   1.4493E-90  3.8985E-91   0.0000E+00  0.0000E+00   
1.00E+09  0.129  5.170   8.9828E-01  6.3848E+00   2.6643E-03  4.4349E-03   1.3152E-61  5.4043E-62   0.0000E+00  0.0000E+00   
1.00E+09  0.172  5.161   9.0117E-01  6.4187E+00   2.6594E-03  4.4322E-03   5.1261E-47  2.8573E-47   0.0000E+00  0.0000E+00   
1.00E+09  0.259  5.138   9.1109E-01  6.5312E+00   2.6522E-03  4.4311E-03   2.9040E-32  2.5057E-32   0.0000E+00  0.0000E+00   
1.00E+09  0.431  5.062   9.4935E-01  6.9602E+00   2.6918E-03  4.5721E-03   3.7426E-20  5.6696E-20   0.0000E+00  0.0000E+00   
1.00E+09  0.862  4.708   1.1627E+00  9.5122E+00   3.9676E-03  9.1169E-03   2.1170E-10  6.9505E-10   0.0000E+00  0.0000E+00   
1.00E+09  2.585  1.972   4.7170E+00  7.3012E+01   2.7595E-02  1.2375E-01   1.2523E-02  1.3601E-01   0.0000E+00  0.0000E+00   
1.00E+10  0.001  11.119  2.8786E+01  3.1877E+02   2.6691E-03  4.4377E-03   0.0000E+00  0.0000E+00   0.0000E+00  0.0000E+00   
1.00E+10  0.009  11.118  2.8775E+01  3.1863E+02   2.6691E-03  4.4377E-03   0.0000E+00  0.0000E+00   0.0000E+00  0.0000E+00   
1.00E+10  0.017  11.118  2.8771E+01  3.1858E+02   2.6691E-03  4.4377E-03   0.0000E+00  0.0000E+00   0.0000E+00  0.0000E+00   
1.00E+10  0.034  11.118  2.8778E+01  3.1869E+02   2.6691E-03  4.4377E-03   1.8733E-294 1.9692E-295  0.0000E+00  0.0000E+00   
1.00E+10  0.060  11.117  2.8785E+01  3.1882E+02   2.6689E-03  4.4376E-03   2.4741E-170 4.6056E-171  0.0000E+00  0.0000E+00   
1.00E+10  0.086  11.116  2.8791E+01  3.1896E+02   2.6680E-03  4.4371E-03   1.6717E-120 4.4966E-121  0.0000E+00  0.0000E+00   
1.00E+10  0.129  11.113  2.8795E+01  3.1916E+02   2.6643E-03  4.4349E-03   1.4114E-81  5.7997E-82   0.0000E+00  0.0000E+00   
1.00E+10  0.172  11.109  2.8804E+01  3.1949E+02   2.6594E-03  4.4322E-03   5.2673E-62  2.9360E-62   0.0000E+00  0.0000E+00   
1.00E+10  0.259  11.098  2.8869E+01  3.2094E+02   2.6522E-03  4.4311E-03   2.8153E-42  2.4292E-42   0.0000E+00  0.0000E+00   
1.00E+10  0.431  11.063  2.9217E+01  3.2760E+02   2.6918E-03  4.5721E-03   3.3431E-26  5.0644E-26   0.0000E+00  0.0000E+00   
1.00E+10  0.862  10.898  3.1286E+01  3.6831E+02   3.9695E-03  9.1216E-03   1.6063E-13  5.2737E-13   0.0000E+00  0.0000E+00   
1.00E+10  2.585  9.163   5.0890E+01  8.8393E+02   3.0252E-02  1.3628E-01   7.7833E-04  8.4398E-03   0.0000E+00  0.0000E+00   
1.00E+11  0.001  23.934  1.2424E+03  2.5601E+04   2.6691E-03  4.4377E-03   0.0000E+00  0.0000E+00   0.0000E+00  0.0000E+00   
1.00E+11  0.009  23.934  1.2422E+03  2.5596E+04   2.6691E-03  4.4377E-03   0.0000E+00  0.0000E+00   0.0000E+00  0.0000E+00   
1.00E+11  0.017  23.933  1.2421E+03  2.5595E+04   2.6691E-03  4.4377E-03   0.0000E+00  0.0000E+00   0.0000E+00  0.0000E+00   
1.00E+11  0.034  23.934  1.2422E+03  2.5598E+04   2.6691E-03  4.4377E-03   0.0000E+00  0.0000E+00   0.0000E+00  0.0000E+00   
1.00E+11  0.060  23.933  1.2423E+03  2.5600E+04   2.6689E-03  4.4376E-03   1.3250E-262 2.4664E-263  0.0000E+00  0.0000E+00   
1.00E+11  0.086  23.933  1.2421E+03  2.5599E+04   2.6680E-03  4.4371E-03   4.2684E-185 1.1482E-185  0.0000E+00  0.0000E+00   
1.00E+11  0.129  23.931  1.2413E+03  2.5586E+04   2.6643E-03  4.4349E-03   1.2100E-124 4.9720E-125  0.0000E+00  0.0000E+00   
1.00E+11  0.172  23.930  1.2402E+03  2.5570E+04   2.6594E-03  4.4322E-03   2.6076E-94  1.4535E-94   0.0000E+00  0.0000E+00   
1.00E+11  0.259  23.924  1.2388E+03  2.5560E+04   2.6522E-03  4.4311E-03   7.9932E-64  6.8970E-64   0.0000E+00  0.0000E+00   
1.00E+11  0.431  23.908  1.2389E+03  2.5639E+04   2.6918E-03  4.5721E-03   3.7763E-39  5.7205E-39   0.0000E+00  0.0000E+00   
1.00E+11  0.862  23.832  1.2418E+03  2.6206E+04   3.9695E-03  9.1216E-03   4.8725E-20  1.5997E-19   0.0000E+00  0.0000E+00   
1.00E+11  2.585  23.015  1.2751E+03  3.2138E+04   3.0454E-02  1.3724E-01   3.6654E-06  3.9741E-05   0.0000E+00  0.0000E+00   
