1.00E+01  0.001  0.509   2.6314E-08  9.2455E-08   1.4701E-03  2.0692E-03   0.0000E+00  0.0000E+00   0.0000E+00  0.0000E+00   
1.00E+01  0.009  0.453   5.2847E-09  1.8613E-08   1.4701E-03  2.0692E-03   0.0000E+00  0.0000E+00   0.0000E+00  0.0000E+00   
1.00E+01  0.017  0.377   3.9410E-09  1.3924E-08   1.4701E-03  2.0692E-03   0.0000E+00  0.0000E+00   0.0000E+00  0.0000E+00   
1.00E+01  0.034  0.205   3.1932E-09  1.1361E-08   1.4700E-03  2.0690E-03   1.7342E-167 1.8198E-168  8.7640E-178 5.8948E-180  
1.00E+01  0.060  0.008   1.2284E-08  4.4227E-08   1.4676E-03  2.0651E-03   2.8593E-96  5.3069E-97   5.2295E-107 3.5174E-109  
1.00E+01  0.086  0.000   2.4194E-07  8.8222E-07   1.4610E-03  2.0546E-03   1.4557E-68  3.9000E-69   1.0419E-78  7.0080E-81   
1.00E+01  0.129  0.000   3.5171E-06  1.3133E-05   1.4469E-03  2.0316E-03   6.8210E-47  2.7877E-47   9.9342E-57  6.6815E-59   
1.00E+01  0.172  0.000   1.6401E-05  6.2926E-05   1.4335E-03  2.0091E-03   5.9530E-36  3.2965E-36   9.0171E-46  6.0643E-48   
1.00E+01  0.259  0.000   1.0533E-04  4.2992E-04   1.4093E-03  1.9669E-03   7.4672E-25  6.3914E-25   7.3270E-35  4.9272E-37   
1.00E+01  0.431  0.000   8.5626E-04  4.0032E-03   1.3700E-03  1.9123E-03   1.0731E-15  1.6121E-15   3.3546E-26  2.2558E-28   
1.00E+01  0.862  0.000   1.4689E-02  9.4664E-02   1.8538E-03  3.9393E-03   2.7207E-08  8.9362E-08   7.9620E-20  5.3544E-22   
1.00E+01  2.585  0.000   2.5855E+00  3.8665E+01   2.9455E-02  1.3540E-01   3.1072E-02  3.4289E-01   4.1360E-16  2.7817E-18   
1.00E+01  0.001  0.509   2.6314E-08  9.2455E-08   1.4701E-03  2.0692E-03   0.0000E+00  0.0000E+00   0.0000E+00  0.0000E+00   
1.00E+01  0.009  0.453   5.2847E-09  1.8613E-08   1.4701E-03  2.0692E-03   0.0000E+00  0.0000E+00   0.0000E+00  0.0000E+00   
1.00E+01  0.017  0.377   3.9410E-09  1.3924E-08   1.4701E-03  2.0692E-03   0.0000E+00  0.0000E+00   0.0000E+00  0.0000E+00   
1.00E+01  0.034  0.205   3.1932E-09  1.1361E-08   1.4700E-03  2.0690E-03   1.7342E-167 1.8198E-168  8.7640E-178 5.8948E-180  
1.00E+01  0.060  0.008   1.2284E-08  4.4227E-08   1.4676E-03  2.0651E-03   2.8593E-96  5.3069E-97   5.2295E-107 3.5174E-109  
1.00E+01  0.086  0.000   2.4194E-07  8.8222E-07   1.4610E-03  2.0546E-03   1.4557E-68  3.9000E-69   1.0419E-78  7.0080E-81   
1.00E+01  0.129  0.000   3.5171E-06  1.3133E-05   1.4469E-03  2.0316E-03   6.8210E-47  2.7877E-47   9.9342E-57  6.6815E-59   
1.00E+01  0.172  0.000   1.6401E-05  6.2926E-05   1.4335E-03  2.0091E-03   5.9530E-36  3.2965E-36   9.0171E-46  6.0643E-48   
1.00E+01  0.259  0.000   1.0533E-04  4.2992E-04   1.4093E-03  1.9669E-03   7.4672E-25  6.3914E-25   7.3270E-35  4.9272E-37   
1.00E+01  0.431  0.000   8.5626E-04  4.0032E-03   1.3700E-03  1.9123E-03   1.0731E-15  1.6121E-15   3.3546E-26  2.2558E-28   
1.00E+01  0.862  0.000   1.4689E-02  9.4664E-02   1.8538E-03  3.9393E-03   2.7207E-08  8.9362E-08   7.9620E-20  5.3544E-22   
1.00E+01  2.585  0.000   2.5855E+00  3.8665E+01   2.9455E-02  1.3540E-01   3.1072E-02  3.4289E-01   4.1360E-16  2.7817E-18   
1.00E+02  0.001  0.511   2.6820E-07  9.4237E-07   1.4701E-03  2.0692E-03   0.0000E+00  0.0000E+00   0.0000E+00  0.0000E+00   
1.00E+02  0.009  0.473   5.2801E-08  1.8597E-07   1.4701E-03  2.0692E-03   0.0000E+00  0.0000E+00   0.0000E+00  0.0000E+00   
1.00E+02  0.017  0.416   3.9393E-08  1.3918E-07   1.4701E-03  2.0692E-03   0.0000E+00  0.0000E+00   0.0000E+00  0.0000E+00   
1.00E+02  0.034  0.284   3.1928E-08  1.1360E-07   1.4700E-03  2.0690E-03   1.7335E-168 1.8191E-169  8.7538E-178 5.8879E-180  
1.00E+02  0.060  0.065   3.1801E-08  1.1449E-07   1.4676E-03  2.0651E-03   1.1043E-96  2.0497E-97   5.2276E-107 3.5162E-109  
1.00E+02  0.086  0.005   2.5431E-07  9.2734E-07   1.4610E-03  2.0546E-03   1.3848E-68  3.7101E-69   1.0418E-78  7.0070E-81   
1.00E+02  0.129  0.000   3.5288E-06  1.3177E-05   1.4469E-03  2.0316E-03   6.7983E-47  2.7784E-47   9.9336E-57  6.6811E-59   
1.00E+02  0.172  0.000   1.6413E-05  6.2971E-05   1.4335E-03  2.0091E-03   5.9486E-36  3.2941E-36   9.0168E-46  6.0641E-48   
1.00E+02  0.259  0.000   1.0534E-04  4.2997E-04   1.4093E-03  1.9669E-03   7.4663E-25  6.3906E-25   7.3269E-35  4.9271E-37   
1.00E+02  0.431  0.000   8.5627E-04  4.0033E-03   1.3700E-03  1.9123E-03   1.0731E-15  1.6120E-15   3.3546E-26  2.2558E-28   
1.00E+02  0.862  0.000   1.4689E-02  9.4664E-02   1.8538E-03  3.9393E-03   2.7207E-08  8.9362E-08   7.9620E-20  5.3543E-22   
1.00E+02  2.585  0.000   2.5855E+00  3.8665E+01   2.9455E-02  1.3540E-01   3.1072E-02  3.4289E-01   4.1360E-16  2.7817E-18   
1.00E+01  0.001  0.509   2.6314E-08  9.2455E-08   1.4701E-03  2.0692E-03   0.0000E+00  0.0000E+00   0.0000E+00  0.0000E+00   
1.00E+01  0.009  0.453   5.2847E-09  1.8613E-08   1.4701E-03  2.0692E-03   0.0000E+00  0.0000E+00   0.0000E+00  0.0000E+00   
1.00E+01  0.017  0.377   3.9410E-09  1.3924E-08   1.4701E-03  2.0692E-03   0.0000E+00  0.0000E+00   0.0000E+00  0.0000E+00   
1.00E+01  0.034  0.205   3.1932E-09  1.1361E-08   1.4700E-03  2.0690E-03   1.7342E-167 1.8198E-168  8.7640E-178 5.8948E-180  
1.00E+01  0.060  0.008   1.2284E-08  4.4227E-08   1.4676E-03  2.0651E-03   2.8593E-96  5.3069E-97   5.2295E-107 3.5174E-109  
1.00E+01  0.086  0.000   2.4194E-07  8.8222E-07   1.4610E-03  2.0546E-03   1.4557E-68  3.9000E-69   1.0419E-78  7.0080E-81   
1.00E+01  0.129  0.000   3.5171E-06  1.3133E-05   1.4469E-03  2.0316E-03   6.8210E-47  2.7877E-47   9.9342E-57  6.6815E-59   
1.00E+01  0.172  0.000   1.6401E-05  6.2926E-05   1.4335E-03  2.0091E-03   5.9530E-36  3.2965E-36   9.0171E-46  6.0643E-48   
1.00E+01  0.259  0.000   1.0533E-04  4.2992E-04   1.4093E-03  1.9669E-03   7.4672E-25  6.3914E-25   7.3270E-35  4.9272E-37   
1.00E+01  0.431  0.000   8.5626E-04  4.0032E-03   1.3700E-03  1.9123E-03   1.0731E-15  1.6121E-15   3.3546E-26  2.2558E-28   
1.00E+01  0.862  0.000   1.4689E-02  9.4664E-02   1.8538E-03  3.9393E-03   2.7207E-08  8.9362E-08   7.9620E-20  5.3544E-22   
1.00E+01  2.585  0.000   2.5855E+00  3.8665E+01   2.9455E-02  1.3540E-01   3.1072E-02  3.4289E-01   4.1360E-16  2.7817E-18   
1.00E+02  0.001  0.511   2.6820E-07  9.4237E-07   1.4701E-03  2.0692E-03   0.0000E+00  0.0000E+00   0.0000E+00  0.0000E+00   
1.00E+02  0.009  0.473   5.2801E-08  1.8597E-07   1.4701E-03  2.0692E-03   0.0000E+00  0.0000E+00   0.0000E+00  0.0000E+00   
1.00E+02  0.017  0.416   3.9393E-08  1.3918E-07   1.4701E-03  2.0692E-03   0.0000E+00  0.0000E+00   0.0000E+00  0.0000E+00   
1.00E+02  0.034  0.284   3.1928E-08  1.1360E-07   1.4700E-03  2.0690E-03   1.7335E-168 1.8191E-169  8.7538E-178 5.8879E-180  
1.00E+02  0.060  0.065   3.1801E-08  1.1449E-07   1.4676E-03  2.0651E-03   1.1043E-96  2.0497E-97   5.2276E-107 3.5162E-109  
1.00E+02  0.086  0.005   2.5431E-07  9.2734E-07   1.4610E-03  2.0546E-03   1.3848E-68  3.7101E-69   1.0418E-78  7.0070E-81   
1.00E+02  0.129  0.000   3.5288E-06  1.3177E-05   1.4469E-03  2.0316E-03   6.7983E-47  2.7784E-47   9.9336E-57  6.6811E-59   
1.00E+02  0.172  0.000   1.6413E-05  6.2971E-05   1.4335E-03  2.0091E-03   5.9486E-36  3.2941E-36   9.0168E-46  6.0641E-48   
1.00E+02  0.259  0.000   1.0534E-04  4.2997E-04   1.4093E-03  1.9669E-03   7.4663E-25  6.3906E-25   7.3269E-35  4.9271E-37   
1.00E+02  0.431  0.000   8.5627E-04  4.0033E-03   1.3700E-03  1.9123E-03   1.0731E-15  1.6120E-15   3.3546E-26  2.2558E-28   
1.00E+02  0.862  0.000   1.4689E-02  9.4664E-02   1.8538E-03  3.9393E-03   2.7207E-08  8.9362E-08   7.9620E-20  5.3543E-22   
1.00E+02  2.585  0.000   2.5855E+00  3.8665E+01   2.9455E-02  1.3540E-01   3.1072E-02  3.4289E-01   4.1360E-16  2.7817E-18   
1.00E+03  0.001  0.513   1.0134E-06  3.5614E-06   1.4701E-03  2.0692E-03   0.0000E+00  0.0000E+00   0.0000E+00  0.0000E+00   
1.00E+01  0.009  0.453   5.2847E-09  1.8613E-08   1.4701E-03  2.0692E-03   0.0000E+00  0.0000E+00   0.0000E+00  0.0000E+00   
1.00E+01  0.017  0.377   3.9410E-09  1.3924E-08   1.4701E-03  2.0692E-03   0.0000E+00  0.0000E+00   0.0000E+00  0.0000E+00   
1.00E+01  0.034  0.205   3.1932E-09  1.1361E-08   1.4700E-03  2.0690E-03   1.7342E-167 1.8198E-168  8.7640E-178 5.8948E-180  
1.00E+01  0.060  0.008   1.2284E-08  4.4227E-08   1.4676E-03  2.0651E-03   2.8593E-96  5.3069E-97   5.2295E-107 3.5174E-109  
1.00E+01  0.086  0.000   2.4194E-07  8.8222E-07   1.4610E-03  2.0546E-03   1.4557E-68  3.9000E-69   1.0419E-78  7.0080E-81   
1.00E+01  0.129  0.000   3.5171E-06  1.3133E-05   1.4469E-03  2.0316E-03   6.8210E-47  2.7877E-47   9.9342E-57  6.6815E-59   
1.00E+01  0.172  0.000   1.6401E-05  6.2926E-05   1.4335E-03  2.0091E-03   5.9530E-36  3.2965E-36   9.0171E-46  6.0643E-48   
1.00E+01  0.259  0.000   1.0533E-04  4.2992E-04   1.4093E-03  1.9669E-03   7.4672E-25  6.3914E-25   7.3270E-35  4.9272E-37   
1.00E+01  0.431  0.000   8.5626E-04  4.0032E-03   1.3700E-03  1.9123E-03   1.0731E-15  1.6121E-15   3.3546E-26  2.2558E-28   
1.00E+01  0.862  0.000   1.4689E-02  9.4664E-02   1.8538E-03  3.9393E-03   2.7207E-08  8.9362E-08   7.9620E-20  5.3544E-22   
1.00E+01  2.585  0.000   2.5855E+00  3.8665E+01   2.9455E-02  1.3540E-01   3.1072E-02  3.4289E-01   4.1360E-16  2.7817E-18   
1.00E+02  0.001  0.511   2.6820E-07  9.4237E-07   1.4701E-03  2.0692E-03   0.0000E+00  0.0000E+00   0.0000E+00  0.0000E+00   
1.00E+02  0.009  0.473   5.2801E-08  1.8597E-07   1.4701E-03  2.0692E-03   0.0000E+00  0.0000E+00   0.0000E+00  0.0000E+00   
1.00E+02  0.017  0.416   3.9393E-08  1.3918E-07   1.4701E-03  2.0692E-03   0.0000E+00  0.0000E+00   0.0000E+00  0.0000E+00   
1.00E+02  0.034  0.284   3.1928E-08  1.1360E-07   1.4700E-03  2.0690E-03   1.7335E-168 1.8191E-169  8.7538E-178 5.8879E-180  
1.00E+02  0.060  0.065   3.1801E-08  1.1449E-07   1.4676E-03  2.0651E-03   1.1043E-96  2.0497E-97   5.2276E-107 3.5162E-109  
1.00E+02  0.086  0.005   2.5431E-07  9.2734E-07   1.4610E-03  2.0546E-03   1.3848E-68  3.7101E-69   1.0418E-78  7.0070E-81   
1.00E+02  0.129  0.000   3.5288E-06  1.3177E-05   1.4469E-03  2.0316E-03   6.7983E-47  2.7784E-47   9.9336E-57  6.6811E-59   
1.00E+02  0.172  0.000   1.6413E-05  6.2971E-05   1.4335E-03  2.0091E-03   5.9486E-36  3.2941E-36   9.0168E-46  6.0641E-48   
1.00E+02  0.259  0.000   1.0534E-04  4.2997E-04   1.4093E-03  1.9669E-03   7.4663E-25  6.3906E-25   7.3269E-35  4.9271E-37   
1.00E+02  0.431  0.000   8.5627E-04  4.0033E-03   1.3700E-03  1.9123E-03   1.0731E-15  1.6120E-15   3.3546E-26  2.2558E-28   
1.00E+02  0.862  0.000   1.4689E-02  9.4664E-02   1.8538E-03  3.9393E-03   2.7207E-08  8.9362E-08   7.9620E-20  5.3543E-22   
1.00E+02  2.585  0.000   2.5855E+00  3.8665E+01   2.9455E-02  1.3540E-01   3.1072E-02  3.4289E-01   4.1360E-16  2.7817E-18   
1.00E+03  0.001  0.513   1.0134E-06  3.5614E-06   1.4701E-03  2.0692E-03   0.0000E+00  0.0000E+00   0.0000E+00  0.0000E+00   
1.00E+03  0.009  0.493   5.2360E-07  1.8443E-06   1.4701E-03  2.0692E-03   0.0000E+00  0.0000E+00   0.0000E+00  0.0000E+00   
1.00E+03  0.017  0.456   3.9228E-07  1.3860E-06   1.4701E-03  2.0692E-03   0.0000E+00  0.0000E+00   0.0000E+00  0.0000E+00   
1.00E+03  0.034  0.364   3.1898E-07  1.1350E-06   1.4700E-03  2.0690E-03   1.7264E-169 1.8115E-170  8.6528E-178 5.8190E-180  
1.00E+03  0.060  0.197   2.8177E-07  1.0145E-06   1.4676E-03  2.0651E-03   1.2441E-97  2.3091E-98   5.2032E-107 3.4996E-109  
1.00E+03  0.086  0.046   4.0850E-07  1.4896E-06   1.4611E-03  2.0546E-03   8.6157E-69  2.3083E-69   1.0400E-78  6.9954E-81   
1.00E+03  0.129  0.005   3.6480E-06  1.3622E-05   1.4469E-03  2.0316E-03   6.5749E-47  2.6871E-47   9.9273E-57  6.6768E-59   
1.00E+03  0.172  0.001   1.6531E-05  6.3426E-05   1.4335E-03  2.0091E-03   5.9054E-36  3.2701E-36   9.0136E-46  6.0619E-48   
1.00E+03  0.259  0.000   1.0547E-04  4.3049E-04   1.4093E-03  1.9670E-03   7.4571E-25  6.3827E-25   7.3258E-35  4.9264E-37   
1.00E+03  0.431  0.000   8.5643E-04  4.0040E-03   1.3700E-03  1.9123E-03   1.0729E-15  1.6117E-15   3.3545E-26  2.2557E-28   
1.00E+03  0.862  0.000   1.4689E-02  9.4666E-02   1.8538E-03  3.9393E-03   2.7206E-08  8.9360E-08   7.9619E-20  5.3543E-22   
1.00E+03  2.585  0.000   2.5855E+00  3.8665E+01   2.9455E-02  1.3540E-01   3.1072E-02  3.4289E-01   4.1360E-16  2.7817E-18   
1.00E+04  0.001  0.523   5.8693E-06  2.0654E-05   1.4701E-03  2.0692E-03   0.0000E+00  0.0000E+00   0.0000E+00  0.0000E+00   
1.00E+04  0.009  0.516   4.5170E-06  1.5921E-05   1.4701E-03  2.0692E-03   0.0000E+00  0.0000E+00   0.0000E+00  0.0000E+00   
1.00E+04  0.017  0.498   3.7702E-06  1.3328E-05   1.4701E-03  2.0692E-03   0.0000E+00  0.0000E+00   0.0000E+00  0.0000E+00   
1.00E+04  0.034  0.444   3.1603E-06  1.1249E-05   1.4700E-03  2.0690E-03   1.6564E-170 1.7382E-171  7.7202E-178 5.1846E-180  
1.00E+04  0.060  0.337   2.8060E-06  1.0105E-05   1.4676E-03  2.0651E-03   1.2265E-98  2.2765E-99   4.9648E-107 3.3381E-109  
1.00E+04  0.086  0.209   2.6872E-06  9.8007E-06   1.4611E-03  2.0547E-03   1.2984E-69  3.4787E-70   1.0150E-78  6.8260E-81   
1.00E+04  0.129  0.047   5.0441E-06  1.8837E-05   1.4470E-03  2.0320E-03   4.7439E-47  1.9388E-47   9.8543E-57  6.6276E-59   
1.00E+04  0.172  0.014   1.7761E-05  6.8147E-05   1.4337E-03  2.0095E-03   5.4909E-36  3.0406E-36   8.9805E-46  6.0396E-48   
1.00E+04  0.259  0.004   1.0674E-04  4.3569E-04   1.4095E-03  1.9673E-03   7.3655E-25  6.3043E-25   7.3148E-35  4.9190E-37   
1.00E+04  0.431  0.001   8.5800E-04  4.0114E-03   1.3701E-03  1.9125E-03   1.0708E-15  1.6087E-15   3.3530E-26  2.2547E-28   
1.00E+04  0.862  0.000   1.4692E-02  9.4684E-02   1.8539E-03  3.9394E-03   2.7200E-08  8.9342E-08   7.9613E-20  5.3539E-22   
1.00E+04  2.585  0.000   2.5855E+00  3.8665E+01   2.9455E-02  1.3540E-01   3.1072E-02  3.4289E-01   4.1359E-16  2.7817E-18   
1.00E+05  0.001  0.565   3.3425E-05  1.1838E-04   1.4701E-03  2.0692E-03   0.0000E+00  0.0000E+00   0.0000E+00  0.0000E+00   
1.00E+05  0.009  0.563   3.2593E-05  1.1550E-04   1.4701E-03  2.0692E-03   0.0000E+00  0.0000E+00   0.0000E+00  0.0000E+00   
1.00E+05  0.017  0.558   3.1612E-05  1.1225E-04   1.4701E-03  2.0692E-03   0.0000E+00  0.0000E+00   0.0000E+00  0.0000E+00   
1.00E+05  0.034  0.537   2.9470E-05  1.0525E-04   1.4700E-03  2.0690E-03   1.1180E-171 1.1732E-172  0.0000E+00  0.0000E+00   
1.00E+05  0.060  0.485   2.7415E-05  9.8975E-05   1.4676E-03  2.0651E-03   1.0529E-99  1.9542E-100  3.2213E-107 2.1604E-109  
1.00E+05  0.086  0.413   2.6412E-05  9.6520E-05   1.4611E-03  2.0547E-03   1.2081E-70  3.2367E-71   7.9512E-79  5.3414E-81   
1.00E+05  0.129  0.265   2.6361E-05  9.8571E-05   1.4474E-03  2.0327E-03   8.7624E-48  3.5811E-48   8.8255E-57  5.9335E-59   
1.00E+05  0.172  0.128   3.4030E-05  1.3067E-04   1.4347E-03  2.0118E-03   2.8263E-36  1.5650E-36   8.5586E-46  5.7552E-48   
1.00E+05  0.259  0.035   1.2027E-04  4.9108E-04   1.4109E-03  1.9701E-03   6.5118E-25  5.5735E-25   7.1994E-35  4.8413E-37   
1.00E+05  0.431  0.009   8.7386E-04  4.0861E-03   1.3711E-03  1.9143E-03   1.0505E-15  1.5781E-15   3.3379E-26  2.2446E-28   
1.00E+05  0.862  0.002   1.4721E-02  9.4873E-02   1.8543E-03  3.9401E-03   2.7145E-08  8.9158E-08   7.9555E-20  5.3500E-22   
1.00E+05  2.585  0.000   2.5857E+00  3.8668E+01   2.9455E-02  1.3540E-01   3.1070E-02  3.4286E-01   4.1358E-16  2.7816E-18   
1.00E+06  0.001  0.726   2.5398E-04  9.2451E-04   1.4701E-03  2.0692E-03   0.0000E+00  0.0000E+00   0.0000E+00  0.0000E+00   
1.00E+06  0.009  0.725   2.5214E-04  9.1791E-04   1.4701E-03  2.0692E-03   0.0000E+00  0.0000E+00   0.0000E+00  0.0000E+00   
1.00E+06  0.017  0.724   2.5294E-04  9.2158E-04   1.4701E-03  2.0692E-03   0.0000E+00  0.0000E+00   0.0000E+00  0.0000E+00   
1.00E+06  0.034  0.718   2.5306E-04  9.2471E-04   1.4700E-03  2.0690E-03   5.9532E-174 6.2469E-175  0.0000E+00  0.0000E+00   
1.00E+06  0.060  0.700   2.5329E-04  9.3213E-04   1.4676E-03  2.0651E-03   2.9686E-101 5.5096E-102  0.0000E+00  0.0000E+00   
1.00E+06  0.086  0.672   2.5377E-04  9.4250E-04   1.4611E-03  2.0547E-03   6.0049E-72  1.6088E-72   0.0000E+00  0.0000E+00   
1.00E+06  0.129  0.604   2.5654E-04  9.7125E-04   1.4474E-03  2.0328E-03   6.3900E-49  2.6115E-49   0.0000E+00  0.0000E+00   
1.00E+06  0.172  0.512   2.6304E-04  1.0196E-03   1.4358E-03  2.0141E-03   3.0508E-37  1.6894E-37   4.7545E-46  3.1937E-48   
1.00E+06  0.259  0.299   3.1555E-04  1.2944E-03   1.4179E-03  1.9845E-03   2.3510E-25  2.0123E-25   5.8023E-35  3.9006E-37   
1.00E+06  0.431  0.091   1.0475E-03  4.9049E-03   1.3802E-03  1.9312E-03   8.6819E-16  1.3042E-15   3.1797E-26  2.1381E-28   
1.00E+06  0.862  0.020   1.5012E-02  9.6776E-02   1.8583E-03  3.9480E-03   2.6592E-08  8.7343E-08   7.8971E-20  5.3107E-22   
1.00E+06  2.585  0.002   2.5875E+00  3.8696E+01   2.9458E-02  1.3542E-01   3.1047E-02  3.4262E-01   4.1344E-16  2.7807E-18   
1.00E+07  0.001  1.223   2.6523E-03  1.0550E-02   1.4701E-03  2.0692E-03   0.0000E+00  0.0000E+00   0.0000E+00  0.0000E+00   
1.00E+07  0.009  1.222   2.6465E-03  1.0527E-02   1.4701E-03  2.0692E-03   0.0000E+00  0.0000E+00   0.0000E+00  0.0000E+00   
1.00E+07  0.017  1.222   2.6476E-03  1.0534E-02   1.4701E-03  2.0692E-03   0.0000E+00  0.0000E+00   0.0000E+00  0.0000E+00   
1.00E+07  0.034  1.219   2.6547E-03  1.0576E-02   1.4700E-03  2.0690E-03   2.8700E-180 3.0116E-181  0.0000E+00  0.0000E+00   
1.00E+07  0.060  1.212   2.6687E-03  1.0664E-02   1.4676E-03  2.0651E-03   6.1485E-105 1.1412E-105  0.0000E+00  0.0000E+00   
1.00E+07  0.086  1.200   2.6892E-03  1.0792E-02   1.4611E-03  2.0547E-03   1.3053E-74  3.4971E-75   0.0000E+00  0.0000E+00   
1.00E+07  0.129  1.173   2.7385E-03  1.1105E-02   1.4474E-03  2.0328E-03   7.8438E-51  3.2057E-51   0.0000E+00  0.0000E+00   
1.00E+07  0.172  1.133   2.8070E-03  1.1553E-02   1.4359E-03  2.0144E-03   8.2996E-39  4.5959E-39   0.0000E+00  0.0000E+00   
1.00E+07  0.259  1.021   2.9995E-03  1.2852E-02   1.4217E-03  1.9924E-03   1.4364E-26  1.2294E-26   0.0000E+00  0.0000E+00   
1.00E+07  0.431  0.698   3.7604E-03  1.7936E-02   1.4154E-03  1.9970E-03   2.1245E-16  3.1913E-16   0.0000E+00  0.0000E+00   
1.00E+07  0.862  0.196   1.8230E-02  1.1782E-01   1.8951E-03  4.0201E-03   2.1678E-08  7.1194E-08   7.2995E-20  4.9087E-22   
1.00E+07  2.585  0.021   2.6057E+00  3.8972E+01   2.9491E-02  1.3558E-01   3.0824E-02  3.4014E-01   4.1209E-16  2.7716E-18   
1.00E+08  0.001  2.447   3.8809E-02  1.8882E-01   1.4701E-03  2.0692E-03   0.0000E+00  0.0000E+00   0.0000E+00  0.0000E+00   
1.00E+08  0.009  2.447   3.8778E-02  1.8866E-01   1.4701E-03  2.0692E-03   0.0000E+00  0.0000E+00   0.0000E+00  0.0000E+00   
1.00E+08  0.017  2.446   3.8769E-02  1.8863E-01   1.4701E-03  2.0692E-03   0.0000E+00  0.0000E+00   0.0000E+00  0.0000E+00   
1.00E+08  0.034  2.445   3.8821E-02  1.8899E-01   1.4700E-03  2.0690E-03   1.0217E-195 1.0721E-196  0.0000E+00  0.0000E+00   
1.00E+08  0.060  2.442   3.8901E-02  1.8962E-01   1.4676E-03  2.0651E-03   8.5664E-114 1.5899E-114  0.0000E+00  0.0000E+00   
1.00E+08  0.086  2.437   3.9012E-02  1.9050E-01   1.4611E-03  2.0547E-03   7.6865E-81  2.0594E-81   0.0000E+00  0.0000E+00   
1.00E+08  0.129  2.424   3.9295E-02  1.9275E-01   1.4474E-03  2.0328E-03   4.9025E-55  2.0036E-55   0.0000E+00  0.0000E+00   
1.00E+08  0.172  2.406   3.9734E-02  1.9620E-01   1.4359E-03  2.0144E-03   5.1539E-42  2.8540E-42   0.0000E+00  0.0000E+00   
1.00E+08  0.259  2.355   4.1082E-02  2.0689E-01   1.4220E-03  1.9929E-03   8.2655E-29  7.0745E-29   0.0000E+00  0.0000E+00   
1.00E+08  0.431  2.192   4.5579E-02  2.4380E-01   1.4273E-03  2.0194E-03   6.6303E-18  9.9595E-18   0.0000E+00  0.0000E+00   
1.00E+08  0.862  1.493   7.1352E-02  4.7619E-01   2.0420E-03  4.3100E-03   4.8162E-09  1.5810E-08   0.0000E+00  0.0000E+00   
1.00E+08  2.585  0.209   2.7948E+00  4.1838E+01   2.9813E-02  1.3719E-01   2.8679E-02  3.1638E-01   3.9849E-16  2.6801E-18   
1.00E+09  0.001  5.181   8.3296E-01  5.6845E+00   1.4701E-03  2.0692E-03   0.0000E+00  0.0000E+00   0.0000E+00  0.0000E+00   
1.00E+09  0.009  5.180   8.3259E-01  5.6817E+00   1.4701E-03  2.0692E-03   0.0000E+00  0.0000E+00   0.0000E+00  0.0000E+00   
1.00E+09  0.017  5.180   8.3242E-01  5.6805E+00   1.4701E-03  2.0692E-03   0.0000E+00  0.0000E+00   0.0000E+00  0.0000E+00   
1.00E+09  0.034  5.180   8.3290E-01  5.6851E+00   1.4700E-03  2.0690E-03   3.5940E-230 3.7713E-231  0.0000E+00  0.0000E+00   
1.00E+09  0.060  5.178   8.3339E-01  5.6911E+00   1.4676E-03  2.0651E-03   1.7059E-133 3.1662E-134  0.0000E+00  0.0000E+00   
1.00E+09  0.086  5.176   8.3389E-01  5.6981E+00   1.4611E-03  2.0547E-03   1.2052E-94  3.2290E-95   0.0000E+00  0.0000E+00   
1.00E+09  0.129  5.170   8.3535E-01  5.7175E+00   1.4474E-03  2.0328E-03   2.9128E-64  1.1904E-64   0.0000E+00  0.0000E+00   
1.00E+09  0.172  5.161   8.3822E-01  5.7514E+00   1.4359E-03  2.0144E-03   5.8668E-49  3.2487E-49   0.0000E+00  0.0000E+00   
1.00E+09  0.259  5.138   8.4845E-01  5.8654E+00   1.4220E-03  1.9929E-03   1.7461E-33  1.4945E-33   0.0000E+00  0.0000E+00   
1.00E+09  0.431  5.062   8.8567E-01  6.2752E+00   1.4277E-03  2.0202E-03   8.4821E-21  1.2741E-20   0.0000E+00  0.0000E+00   
1.00E+09  0.862  4.708   1.0882E+00  8.6119E+00   2.0901E-03  4.4058E-03   1.1554E-10  3.7923E-10   0.0000E+00  0.0000E+00   
1.00E+09  2.585  1.972   5.3469E+00  8.0979E+01   3.2203E-02  1.4916E-01   1.4550E-02  1.6022E-01   0.0000E+00  0.0000E+00   
1.00E+10  0.001  11.119  2.7443E+01  2.9880E+02   1.4701E-03  2.0692E-03   0.0000E+00  0.0000E+00   0.0000E+00  0.0000E+00   
1.00E+10  0.009  11.118  2.7433E+01  2.9867E+02   1.4701E-03  2.0692E-03   0.0000E+00  0.0000E+00   0.0000E+00  0.0000E+00   
1.00E+10  0.017  11.118  2.7429E+01  2.9862E+02   1.4701E-03  2.0692E-03   0.0000E+00  0.0000E+00   0.0000E+00  0.0000E+00   
1.00E+10  0.034  11.118  2.7436E+01  2.9872E+02   1.4700E-03  2.0690E-03   5.4629E-305 5.7324E-306  0.0000E+00  0.0000E+00   
1.00E+10  0.060  11.117  2.7435E+01  2.9876E+02   1.4676E-03  2.0651E-03   2.9696E-176 5.5116E-177  0.0000E+00  0.0000E+00   
1.00E+10  0.086  11.116  2.7424E+01  2.9872E+02   1.4611E-03  2.0547E-03   1.3901E-124 3.7244E-125  0.0000E+00  0.0000E+00   
1.00E+10  0.129  11.113  2.7405E+01  2.9871E+02   1.4474E-03  2.0328E-03   3.1259E-84  1.2775E-84   0.0000E+00  0.0000E+00   
1.00E+10  0.172  11.109  2.7406E+01  2.9901E+02   1.4359E-03  2.0144E-03   6.0283E-64  3.3382E-64   0.0000E+00  0.0000E+00   
1.00E+10  0.259  11.098  2.7477E+01  3.0058E+02   1.4220E-03  1.9929E-03   1.6928E-43  1.4489E-43   0.0000E+00  0.0000E+00   
1.00E+10  0.431  11.063  2.7842E+01  3.0722E+02   1.4277E-03  2.0202E-03   7.5767E-27  1.1381E-26   0.0000E+00  0.0000E+00   
1.00E+10  0.862  10.898  3.0088E+01  3.4675E+02   2.0913E-03  4.4083E-03   8.7665E-14  2.8774E-13   0.0000E+00  0.0000E+00   
1.00E+10  2.585  9.163   5.8560E+01  9.9230E+02   3.5118E-02  1.6386E-01   9.0478E-04  9.9446E-03   0.0000E+00  0.0000E+00   
1.00E+11  0.001  23.934  1.2311E+03  2.4961E+04   1.4701E-03  2.0692E-03   0.0000E+00  0.0000E+00   0.0000E+00  0.0000E+00   
1.00E+11  0.009  23.934  1.2308E+03  2.4955E+04   1.4701E-03  2.0692E-03   0.0000E+00  0.0000E+00   0.0000E+00  0.0000E+00   
1.00E+11  0.017  23.933  1.2308E+03  2.4955E+04   1.4701E-03  2.0692E-03   0.0000E+00  0.0000E+00   0.0000E+00  0.0000E+00   
1.00E+11  0.034  23.934  1.2309E+03  2.4957E+04   1.4700E-03  2.0690E-03   0.0000E+00  0.0000E+00   0.0000E+00  0.0000E+00   
1.00E+11  0.060  23.933  1.2303E+03  2.4948E+04   1.4676E-03  2.0651E-03   1.5903E-268 2.9516E-269  0.0000E+00  0.0000E+00   
1.00E+11  0.086  23.933  1.2286E+03  2.4922E+04   1.4611E-03  2.0547E-03   3.5496E-189 9.5100E-190  0.0000E+00  0.0000E+00   
1.00E+11  0.129  23.931  1.2251E+03  2.4868E+04   1.4474E-03  2.0328E-03   2.6798E-127 1.0952E-127  0.0000E+00  0.0000E+00   
1.00E+11  0.172  23.930  1.2223E+03  2.4829E+04   1.4359E-03  2.0144E-03   2.9843E-96  1.6526E-96   0.0000E+00  0.0000E+00   
1.00E+11  0.259  23.924  1.2194E+03  2.4804E+04   1.4220E-03  1.9929E-03   4.8063E-65  4.1138E-65   0.0000E+00  0.0000E+00   
1.00E+11  0.431  23.908  1.2198E+03  2.4893E+04   1.4277E-03  2.0202E-03   8.5584E-40  1.2856E-39   0.0000E+00  0.0000E+00   
1.00E+11  0.862  23.832  1.2415E+03  2.5752E+04   2.0913E-03  4.4083E-03   2.6592E-20  8.7281E-20   0.0000E+00  0.0000E+00   
1.00E+11  2.585  23.015  1.5227E+03  3.7451E+04   3.5339E-02  1.6498E-01   4.2610E-06  4.6827E-05   0.0000E+00  0.0000E+00   
