1.00E+01  0.001  0.509   1.0177E-07  3.9246E-07   8.1204E-03  1.3782E-02   0.0000E+00  0.0000E+00   0.0000E+00  0.0000E+00   
1.00E+01  0.009  0.453   2.0169E-08  7.7940E-08   8.1204E-03  1.3782E-02   0.0000E+00  0.0000E+00   0.0000E+00  0.0000E+00   
1.00E+01  0.017  0.377   1.4889E-08  5.7690E-08   8.1204E-03  1.3782E-02   0.0000E+00  0.0000E+00   0.0000E+00  0.0000E+00   
1.00E+01  0.034  0.205   1.1916E-08  4.6450E-08   8.1204E-03  1.3782E-02   0.0000E+00  0.0000E+00   0.0000E+00  0.0000E+00   
1.00E+01  0.060  0.008   4.5352E-08  1.7867E-07   8.1204E-03  1.3782E-02   0.0000E+00  0.0000E+00   0.0000E+00  0.0000E+00   
1.00E+01  0.086  0.000   8.8741E-07  3.5381E-06   8.1203E-03  1.3782E-02   0.0000E+00  0.0000E+00   0.0000E+00  0.0000E+00   
1.00E+01  0.129  0.000   1.2805E-05  5.2222E-05   8.1187E-03  1.3778E-02   0.0000E+00  0.0000E+00   0.0000E+00  0.0000E+00   
1.00E+01  0.172  0.000   5.9342E-05  2.4827E-04   8.1165E-03  1.3774E-02   0.0000E+00  0.0000E+00   0.0000E+00  0.0000E+00   
1.00E+01  0.259  0.000   3.7592E-04  1.6671E-03   8.1442E-03  1.3879E-02   0.0000E+00  0.0000E+00   0.0000E+00  0.0000E+00   
1.00E+01  0.431  0.000   2.9351E-03  1.4853E-02   8.4387E-03  1.4922E-02   0.0000E+00  0.0000E+00   0.0000E+00  0.0000E+00   
1.00E+01  0.862  0.000   4.4086E-02  3.0704E-01   1.3366E-02  3.7099E-02   0.0000E+00  0.0000E+00   0.0000E+00  0.0000E+00   
1.00E+01  2.585  0.000   3.9788E+00  6.4146E+01   1.3880E-01  7.5467E-01   0.0000E+00  0.0000E+00   0.0000E+00  0.0000E+00   
1.00E+01  0.001  0.509   1.0177E-07  3.9246E-07   8.1204E-03  1.3782E-02   0.0000E+00  0.0000E+00   0.0000E+00  0.0000E+00   
1.00E+01  0.009  0.453   2.0169E-08  7.7940E-08   8.1204E-03  1.3782E-02   0.0000E+00  0.0000E+00   0.0000E+00  0.0000E+00   
1.00E+01  0.017  0.377   1.4889E-08  5.7690E-08   8.1204E-03  1.3782E-02   0.0000E+00  0.0000E+00   0.0000E+00  0.0000E+00   
1.00E+01  0.034  0.205   1.1916E-08  4.6450E-08   8.1204E-03  1.3782E-02   0.0000E+00  0.0000E+00   0.0000E+00  0.0000E+00   
1.00E+01  0.060  0.008   4.5352E-08  1.7867E-07   8.1204E-03  1.3782E-02   0.0000E+00  0.0000E+00   0.0000E+00  0.0000E+00   
1.00E+01  0.086  0.000   8.8741E-07  3.5381E-06   8.1203E-03  1.3782E-02   0.0000E+00  0.0000E+00   0.0000E+00  0.0000E+00   
1.00E+01  0.129  0.000   1.2805E-05  5.2222E-05   8.1187E-03  1.3778E-02   0.0000E+00  0.0000E+00   0.0000E+00  0.0000E+00   
1.00E+01  0.172  0.000   5.9342E-05  2.4827E-04   8.1165E-03  1.3774E-02   0.0000E+00  0.0000E+00   0.0000E+00  0.0000E+00   
1.00E+01  0.259  0.000   3.7592E-04  1.6671E-03   8.1442E-03  1.3879E-02   0.0000E+00  0.0000E+00   0.0000E+00  0.0000E+00   
1.00E+01  0.431  0.000   2.9351E-03  1.4853E-02   8.4387E-03  1.4922E-02   0.0000E+00  0.0000E+00   0.0000E+00  0.0000E+00   
1.00E+01  0.862  0.000   4.4086E-02  3.0704E-01   1.3366E-02  3.7099E-02   0.0000E+00  0.0000E+00   0.0000E+00  0.0000E+00   
1.00E+01  2.585  0.000   3.9788E+00  6.4146E+01   1.3880E-01  7.5467E-01   0.0000E+00  0.0000E+00   0.0000E+00  0.0000E+00   
1.00E+02  0.001  0.511   1.0371E-06  3.9996E-06   8.1204E-03  1.3782E-02   0.0000E+00  0.0000E+00   0.0000E+00  0.0000E+00   
1.00E+02  0.009  0.473   2.0151E-07  7.7869E-07   8.1204E-03  1.3782E-02   0.0000E+00  0.0000E+00   0.0000E+00  0.0000E+00   
1.00E+02  0.017  0.416   1.4883E-07  5.7665E-07   8.1204E-03  1.3782E-02   0.0000E+00  0.0000E+00   0.0000E+00  0.0000E+00   
1.00E+02  0.034  0.284   1.1914E-07  4.6445E-07   8.1204E-03  1.3782E-02   0.0000E+00  0.0000E+00   0.0000E+00  0.0000E+00   
1.00E+02  0.060  0.065   1.1741E-07  4.6254E-07   8.1204E-03  1.3782E-02   0.0000E+00  0.0000E+00   0.0000E+00  0.0000E+00   
1.00E+02  0.086  0.005   9.3280E-07  3.7191E-06   8.1203E-03  1.3782E-02   0.0000E+00  0.0000E+00   0.0000E+00  0.0000E+00   
1.00E+02  0.129  0.000   1.2848E-05  5.2396E-05   8.1187E-03  1.3778E-02   0.0000E+00  0.0000E+00   0.0000E+00  0.0000E+00   
1.00E+02  0.172  0.000   5.9384E-05  2.4845E-04   8.1165E-03  1.3774E-02   0.0000E+00  0.0000E+00   0.0000E+00  0.0000E+00   
1.00E+02  0.259  0.000   3.7597E-04  1.6673E-03   8.1442E-03  1.3879E-02   0.0000E+00  0.0000E+00   0.0000E+00  0.0000E+00   
1.00E+02  0.431  0.000   2.9352E-03  1.4853E-02   8.4387E-03  1.4922E-02   0.0000E+00  0.0000E+00   0.0000E+00  0.0000E+00   
1.00E+02  0.862  0.000   4.4086E-02  3.0705E-01   1.3366E-02  3.7099E-02   0.0000E+00  0.0000E+00   0.0000E+00  0.0000E+00   
1.00E+02  2.585  0.000   3.9788E+00  6.4146E+01   1.3880E-01  7.5467E-01   0.0000E+00  0.0000E+00   0.0000E+00  0.0000E+00   
1.00E+01  0.001  0.509   1.0177E-07  3.9246E-07   8.1204E-03  1.3782E-02   0.0000E+00  0.0000E+00   0.0000E+00  0.0000E+00   
1.00E+01  0.009  0.453   2.0169E-08  7.7940E-08   8.1204E-03  1.3782E-02   0.0000E+00  0.0000E+00   0.0000E+00  0.0000E+00   
1.00E+01  0.017  0.377   1.4889E-08  5.7690E-08   8.1204E-03  1.3782E-02   0.0000E+00  0.0000E+00   0.0000E+00  0.0000E+00   
1.00E+01  0.034  0.205   1.1916E-08  4.6450E-08   8.1204E-03  1.3782E-02   0.0000E+00  0.0000E+00   0.0000E+00  0.0000E+00   
1.00E+01  0.060  0.008   4.5352E-08  1.7867E-07   8.1204E-03  1.3782E-02   0.0000E+00  0.0000E+00   0.0000E+00  0.0000E+00   
1.00E+01  0.086  0.000   8.8741E-07  3.5381E-06   8.1203E-03  1.3782E-02   0.0000E+00  0.0000E+00   0.0000E+00  0.0000E+00   
1.00E+01  0.129  0.000   1.2805E-05  5.2222E-05   8.1187E-03  1.3778E-02   0.0000E+00  0.0000E+00   0.0000E+00  0.0000E+00   
1.00E+01  0.172  0.000   5.9342E-05  2.4827E-04   8.1165E-03  1.3774E-02   0.0000E+00  0.0000E+00   0.0000E+00  0.0000E+00   
1.00E+01  0.259  0.000   3.7592E-04  1.6671E-03   8.1442E-03  1.3879E-02   0.0000E+00  0.0000E+00   0.0000E+00  0.0000E+00   
1.00E+01  0.431  0.000   2.9351E-03  1.4853E-02   8.4387E-03  1.4922E-02   0.0000E+00  0.0000E+00   0.0000E+00  0.0000E+00   
1.00E+01  0.862  0.000   4.4086E-02  3.0704E-01   1.3366E-02  3.7099E-02   0.0000E+00  0.0000E+00   0.0000E+00  0.0000E+00   
1.00E+01  2.585  0.000   3.9788E+00  6.4146E+01   1.3880E-01  7.5467E-01   0.0000E+00  0.0000E+00   0.0000E+00  0.0000E+00   
1.00E+02  0.001  0.511   1.0371E-06  3.9996E-06   8.1204E-03  1.3782E-02   0.0000E+00  0.0000E+00   0.0000E+00  0.0000E+00   
1.00E+02  0.009  0.473   2.0151E-07  7.7869E-07   8.1204E-03  1.3782E-02   0.0000E+00  0.0000E+00   0.0000E+00  0.0000E+00   
1.00E+02  0.017  0.416   1.4883E-07  5.7665E-07   8.1204E-03  1.3782E-02   0.0000E+00  0.0000E+00   0.0000E+00  0.0000E+00   
1.00E+02  0.034  0.284   1.1914E-07  4.6445E-07   8.1204E-03  1.3782E-02   0.0000E+00  0.0000E+00   0.0000E+00  0.0000E+00   
1.00E+02  0.060  0.065   1.1741E-07  4.6254E-07   8.1204E-03  1.3782E-02   0.0000E+00  0.0000E+00   0.0000E+00  0.0000E+00   
1.00E+02  0.086  0.005   9.3280E-07  3.7191E-06   8.1203E-03  1.3782E-02   0.0000E+00  0.0000E+00   0.0000E+00  0.0000E+00   
1.00E+02  0.129  0.000   1.2848E-05  5.2396E-05   8.1187E-03  1.3778E-02   0.0000E+00  0.0000E+00   0.0000E+00  0.0000E+00   
1.00E+02  0.172  0.000   5.9384E-05  2.4845E-04   8.1165E-03  1.3774E-02   0.0000E+00  0.0000E+00   0.0000E+00  0.0000E+00   
1.00E+02  0.259  0.000   3.7597E-04  1.6673E-03   8.1442E-03  1.3879E-02   0.0000E+00  0.0000E+00   0.0000E+00  0.0000E+00   
1.00E+02  0.431  0.000   2.9352E-03  1.4853E-02   8.4387E-03  1.4922E-02   0.0000E+00  0.0000E+00   0.0000E+00  0.0000E+00   
1.00E+02  0.862  0.000   4.4086E-02  3.0705E-01   1.3366E-02  3.7099E-02   0.0000E+00  0.0000E+00   0.0000E+00  0.0000E+00   
1.00E+02  2.585  0.000   3.9788E+00  6.4146E+01   1.3880E-01  7.5467E-01   0.0000E+00  0.0000E+00   0.0000E+00  0.0000E+00   
1.00E+03  0.001  0.513   3.9162E-06  1.5104E-05   8.1204E-03  1.3782E-02   0.0000E+00  0.0000E+00   0.0000E+00  0.0000E+00   
1.00E+01  0.009  0.453   2.0169E-08  7.7940E-08   8.1204E-03  1.3782E-02   0.0000E+00  0.0000E+00   0.0000E+00  0.0000E+00   
1.00E+01  0.017  0.377   1.4889E-08  5.7690E-08   8.1204E-03  1.3782E-02   0.0000E+00  0.0000E+00   0.0000E+00  0.0000E+00   
1.00E+01  0.034  0.205   1.1916E-08  4.6450E-08   8.1204E-03  1.3782E-02   0.0000E+00  0.0000E+00   0.0000E+00  0.0000E+00   
1.00E+01  0.060  0.008   4.5352E-08  1.7867E-07   8.1204E-03  1.3782E-02   0.0000E+00  0.0000E+00   0.0000E+00  0.0000E+00   
1.00E+01  0.086  0.000   8.8741E-07  3.5381E-06   8.1203E-03  1.3782E-02   0.0000E+00  0.0000E+00   0.0000E+00  0.0000E+00   
1.00E+01  0.129  0.000   1.2805E-05  5.2222E-05   8.1187E-03  1.3778E-02   0.0000E+00  0.0000E+00   0.0000E+00  0.0000E+00   
1.00E+01  0.172  0.000   5.9342E-05  2.4827E-04   8.1165E-03  1.3774E-02   0.0000E+00  0.0000E+00   0.0000E+00  0.0000E+00   
1.00E+01  0.259  0.000   3.7592E-04  1.6671E-03   8.1442E-03  1.3879E-02   0.0000E+00  0.0000E+00   0.0000E+00  0.0000E+00   
1.00E+01  0.431  0.000   2.9351E-03  1.4853E-02   8.4387E-03  1.4922E-02   0.0000E+00  0.0000E+00   0.0000E+00  0.0000E+00   
1.00E+01  0.862  0.000   4.4086E-02  3.0704E-01   1.3366E-02  3.7099E-02   0.0000E+00  0.0000E+00   0.0000E+00  0.0000E+00   
1.00E+01  2.585  0.000   3.9788E+00  6.4146E+01   1.3880E-01  7.5467E-01   0.0000E+00  0.0000E+00   0.0000E+00  0.0000E+00   
1.00E+02  0.001  0.511   1.0371E-06  3.9996E-06   8.1204E-03  1.3782E-02   0.0000E+00  0.0000E+00   0.0000E+00  0.0000E+00   
1.00E+02  0.009  0.473   2.0151E-07  7.7869E-07   8.1204E-03  1.3782E-02   0.0000E+00  0.0000E+00   0.0000E+00  0.0000E+00   
1.00E+02  0.017  0.416   1.4883E-07  5.7665E-07   8.1204E-03  1.3782E-02   0.0000E+00  0.0000E+00   0.0000E+00  0.0000E+00   
1.00E+02  0.034  0.284   1.1914E-07  4.6445E-07   8.1204E-03  1.3782E-02   0.0000E+00  0.0000E+00   0.0000E+00  0.0000E+00   
1.00E+02  0.060  0.065   1.1741E-07  4.6254E-07   8.1204E-03  1.3782E-02   0.0000E+00  0.0000E+00   0.0000E+00  0.0000E+00   
1.00E+02  0.086  0.005   9.3280E-07  3.7191E-06   8.1203E-03  1.3782E-02   0.0000E+00  0.0000E+00   0.0000E+00  0.0000E+00   
1.00E+02  0.129  0.000   1.2848E-05  5.2396E-05   8.1187E-03  1.3778E-02   0.0000E+00  0.0000E+00   0.0000E+00  0.0000E+00   
1.00E+02  0.172  0.000   5.9384E-05  2.4845E-04   8.1165E-03  1.3774E-02   0.0000E+00  0.0000E+00   0.0000E+00  0.0000E+00   
1.00E+02  0.259  0.000   3.7597E-04  1.6673E-03   8.1442E-03  1.3879E-02   0.0000E+00  0.0000E+00   0.0000E+00  0.0000E+00   
1.00E+02  0.431  0.000   2.9352E-03  1.4853E-02   8.4387E-03  1.4922E-02   0.0000E+00  0.0000E+00   0.0000E+00  0.0000E+00   
1.00E+02  0.862  0.000   4.4086E-02  3.0705E-01   1.3366E-02  3.7099E-02   0.0000E+00  0.0000E+00   0.0000E+00  0.0000E+00   
1.00E+02  2.585  0.000   3.9788E+00  6.4146E+01   1.3880E-01  7.5467E-01   0.0000E+00  0.0000E+00   0.0000E+00  0.0000E+00   
1.00E+03  0.001  0.513   3.9162E-06  1.5104E-05   8.1204E-03  1.3782E-02   0.0000E+00  0.0000E+00   0.0000E+00  0.0000E+00   
1.00E+03  0.009  0.493   1.9975E-06  7.7195E-06   8.1204E-03  1.3782E-02   0.0000E+00  0.0000E+00   0.0000E+00  0.0000E+00   
1.00E+03  0.017  0.456   1.4818E-06  5.7416E-06   8.1204E-03  1.3782E-02   0.0000E+00  0.0000E+00   0.0000E+00  0.0000E+00   
1.00E+03  0.034  0.364   1.1902E-06  4.6399E-06   8.1204E-03  1.3782E-02   0.0000E+00  0.0000E+00   0.0000E+00  0.0000E+00   
1.00E+03  0.060  0.197   1.0403E-06  4.0983E-06   8.1204E-03  1.3782E-02   0.0000E+00  0.0000E+00   0.0000E+00  0.0000E+00   
1.00E+03  0.086  0.046   1.4983E-06  5.9740E-06   8.1203E-03  1.3782E-02   0.0000E+00  0.0000E+00   0.0000E+00  0.0000E+00   
1.00E+03  0.129  0.005   1.3281E-05  5.4165E-05   8.1188E-03  1.3778E-02   0.0000E+00  0.0000E+00   0.0000E+00  0.0000E+00   
1.00E+03  0.172  0.001   5.9813E-05  2.5024E-04   8.1166E-03  1.3775E-02   0.0000E+00  0.0000E+00   0.0000E+00  0.0000E+00   
1.00E+03  0.259  0.000   3.7642E-04  1.6693E-03   8.1442E-03  1.3879E-02   0.0000E+00  0.0000E+00   0.0000E+00  0.0000E+00   
1.00E+03  0.431  0.000   2.9357E-03  1.4856E-02   8.4387E-03  1.4922E-02   0.0000E+00  0.0000E+00   0.0000E+00  0.0000E+00   
1.00E+03  0.862  0.000   4.4087E-02  3.0705E-01   1.3366E-02  3.7099E-02   0.0000E+00  0.0000E+00   0.0000E+00  0.0000E+00   
1.00E+03  2.585  0.000   3.9788E+00  6.4146E+01   1.3880E-01  7.5467E-01   0.0000E+00  0.0000E+00   0.0000E+00  0.0000E+00   
1.00E+04  0.001  0.523   2.2474E-05  8.6783E-05   8.1204E-03  1.3782E-02   0.0000E+00  0.0000E+00   0.0000E+00  0.0000E+00   
1.00E+04  0.009  0.516   1.7177E-05  6.6420E-05   8.1204E-03  1.3782E-02   0.0000E+00  0.0000E+00   0.0000E+00  0.0000E+00   
1.00E+04  0.017  0.498   1.4219E-05  5.5119E-05   8.1204E-03  1.3782E-02   0.0000E+00  0.0000E+00   0.0000E+00  0.0000E+00   
1.00E+04  0.034  0.444   1.1785E-05  4.5957E-05   8.1204E-03  1.3782E-02   0.0000E+00  0.0000E+00   0.0000E+00  0.0000E+00   
1.00E+04  0.060  0.337   1.0357E-05  4.0812E-05   8.1204E-03  1.3782E-02   0.0000E+00  0.0000E+00   0.0000E+00  0.0000E+00   
1.00E+04  0.086  0.209   9.8550E-06  3.9299E-05   8.1204E-03  1.3782E-02   0.0000E+00  0.0000E+00   0.0000E+00  0.0000E+00   
1.00E+04  0.129  0.047   1.8364E-05  7.4899E-05   8.1193E-03  1.3780E-02   0.0000E+00  0.0000E+00   0.0000E+00  0.0000E+00   
1.00E+04  0.172  0.014   6.4260E-05  2.6886E-04   8.1172E-03  1.3776E-02   0.0000E+00  0.0000E+00   0.0000E+00  0.0000E+00   
1.00E+04  0.259  0.004   3.8096E-04  1.6895E-03   8.1448E-03  1.3881E-02   0.0000E+00  0.0000E+00   0.0000E+00  0.0000E+00   
1.00E+04  0.431  0.001   2.9411E-03  1.4883E-02   8.4391E-03  1.4923E-02   0.0000E+00  0.0000E+00   0.0000E+00  0.0000E+00   
1.00E+04  0.862  0.000   4.4096E-02  3.0711E-01   1.3366E-02  3.7100E-02   0.0000E+00  0.0000E+00   0.0000E+00  0.0000E+00   
1.00E+04  2.585  0.000   3.9788E+00  6.4146E+01   1.3880E-01  7.5467E-01   0.0000E+00  0.0000E+00   0.0000E+00  0.0000E+00   
1.00E+05  0.001  0.565   1.2512E-04  4.8583E-04   8.1204E-03  1.3782E-02   0.0000E+00  0.0000E+00   0.0000E+00  0.0000E+00   
1.00E+05  0.009  0.563   1.2193E-04  4.7370E-04   8.1204E-03  1.3782E-02   0.0000E+00  0.0000E+00   0.0000E+00  0.0000E+00   
1.00E+05  0.017  0.558   1.1799E-04  4.5915E-04   8.1204E-03  1.3782E-02   0.0000E+00  0.0000E+00   0.0000E+00  0.0000E+00   
1.00E+05  0.034  0.537   1.0935E-04  4.2765E-04   8.1204E-03  1.3782E-02   0.0000E+00  0.0000E+00   0.0000E+00  0.0000E+00   
1.00E+05  0.060  0.485   1.0096E-04  3.9871E-04   8.1204E-03  1.3782E-02   0.0000E+00  0.0000E+00   0.0000E+00  0.0000E+00   
1.00E+05  0.086  0.413   9.6746E-05  3.8646E-04   8.1204E-03  1.3782E-02   0.0000E+00  0.0000E+00   0.0000E+00  0.0000E+00   
1.00E+05  0.129  0.265   9.5921E-05  3.9167E-04   8.1205E-03  1.3783E-02   0.0000E+00  0.0000E+00   0.0000E+00  0.0000E+00   
1.00E+05  0.172  0.128   1.2310E-04  5.1536E-04   8.1213E-03  1.3787E-02   0.0000E+00  0.0000E+00   0.0000E+00  0.0000E+00   
1.00E+05  0.259  0.035   4.2920E-04  1.9040E-03   8.1503E-03  1.3895E-02   0.0000E+00  0.0000E+00   0.0000E+00  0.0000E+00   
1.00E+05  0.431  0.009   2.9954E-03  1.5159E-02   8.4434E-03  1.4933E-02   0.0000E+00  0.0000E+00   0.0000E+00  0.0000E+00   
1.00E+05  0.862  0.002   4.4182E-02  3.0772E-01   1.3368E-02  3.7105E-02   0.0000E+00  0.0000E+00   0.0000E+00  0.0000E+00   
1.00E+05  2.585  0.000   3.9791E+00  6.4151E+01   1.3880E-01  7.5468E-01   0.0000E+00  0.0000E+00   0.0000E+00  0.0000E+00   
1.00E+06  0.001  0.726   9.2743E-04  3.6882E-03   8.1204E-03  1.3782E-02   0.0000E+00  0.0000E+00   0.0000E+00  0.0000E+00   
1.00E+06  0.009  0.725   9.2075E-04  3.6619E-03   8.1204E-03  1.3782E-02   0.0000E+00  0.0000E+00   0.0000E+00  0.0000E+00   
1.00E+06  0.017  0.724   9.2345E-04  3.6752E-03   8.1204E-03  1.3782E-02   0.0000E+00  0.0000E+00   0.0000E+00  0.0000E+00   
1.00E+06  0.034  0.718   9.2311E-04  3.6833E-03   8.1204E-03  1.3782E-02   0.0000E+00  0.0000E+00   0.0000E+00  0.0000E+00   
1.00E+06  0.060  0.700   9.2230E-04  3.7042E-03   8.1204E-03  1.3782E-02   0.0000E+00  0.0000E+00   0.0000E+00  0.0000E+00   
1.00E+06  0.086  0.672   9.2233E-04  3.7374E-03   8.1204E-03  1.3782E-02   0.0000E+00  0.0000E+00   0.0000E+00  0.0000E+00   
1.00E+06  0.129  0.604   9.2921E-04  3.8364E-03   8.1208E-03  1.3784E-02   0.0000E+00  0.0000E+00   0.0000E+00  0.0000E+00   
1.00E+06  0.172  0.512   9.4877E-04  4.0058E-03   8.1253E-03  1.3797E-02   0.0000E+00  0.0000E+00   0.0000E+00  0.0000E+00   
1.00E+06  0.259  0.299   1.1249E-03  5.0111E-03   8.1777E-03  1.3963E-02   0.0000E+00  0.0000E+00   0.0000E+00  0.0000E+00   
1.00E+06  0.431  0.091   3.5896E-03  1.8190E-02   8.4818E-03  1.5024E-02   0.0000E+00  0.0000E+00   0.0000E+00  0.0000E+00   
1.00E+06  0.862  0.020   4.5055E-02  3.1387E-01   1.3388E-02  3.7157E-02   0.0000E+00  0.0000E+00   0.0000E+00  0.0000E+00   
1.00E+06  2.585  0.002   3.9819E+00  6.4196E+01   1.3881E-01  7.5476E-01   0.0000E+00  0.0000E+00   0.0000E+00  0.0000E+00   
1.00E+07  0.001  1.223   9.4551E-03  4.0705E-02   8.1204E-03  1.3782E-02   0.0000E+00  0.0000E+00   0.0000E+00  0.0000E+00   
1.00E+07  0.009  1.222   9.4346E-03  4.0615E-02   8.1204E-03  1.3782E-02   0.0000E+00  0.0000E+00   0.0000E+00  0.0000E+00   
1.00E+07  0.017  1.222   9.4381E-03  4.0642E-02   8.1204E-03  1.3782E-02   0.0000E+00  0.0000E+00   0.0000E+00  0.0000E+00   
1.00E+07  0.034  1.219   9.4612E-03  4.0788E-02   8.1204E-03  1.3782E-02   0.0000E+00  0.0000E+00   0.0000E+00  0.0000E+00   
1.00E+07  0.060  1.212   9.5088E-03  4.1118E-02   8.1204E-03  1.3782E-02   0.0000E+00  0.0000E+00   0.0000E+00  0.0000E+00   
1.00E+07  0.086  1.200   9.5822E-03  4.1628E-02   8.1204E-03  1.3782E-02   0.0000E+00  0.0000E+00   0.0000E+00  0.0000E+00   
1.00E+07  0.129  1.173   9.7561E-03  4.2852E-02   8.1208E-03  1.3784E-02   0.0000E+00  0.0000E+00   0.0000E+00  0.0000E+00   
1.00E+07  0.172  1.133   9.9873E-03  4.4518E-02   8.1257E-03  1.3799E-02   0.0000E+00  0.0000E+00   0.0000E+00  0.0000E+00   
1.00E+07  0.259  1.021   1.0594E-02  4.9113E-02   8.1927E-03  1.4001E-02   0.0000E+00  0.0000E+00   0.0000E+00  0.0000E+00   
1.00E+07  0.431  0.698   1.2835E-02  6.6174E-02   8.6291E-03  1.5373E-02   0.0000E+00  0.0000E+00   0.0000E+00  0.0000E+00   
1.00E+07  0.862  0.196   5.4672E-02  3.8182E-01   1.3570E-02  3.7640E-02   0.0000E+00  0.0000E+00   0.0000E+00  0.0000E+00   
1.00E+07  2.585  0.021   4.0098E+00  6.4652E+01   1.3894E-01  7.5552E-01   0.0000E+00  0.0000E+00   0.0000E+00  0.0000E+00   
1.00E+08  0.001  2.447   1.3328E-01  6.9323E-01   8.1204E-03  1.3782E-02   0.0000E+00  0.0000E+00   0.0000E+00  0.0000E+00   
1.00E+08  0.009  2.447   1.3318E-01  6.9265E-01   8.1204E-03  1.3782E-02   0.0000E+00  0.0000E+00   0.0000E+00  0.0000E+00   
1.00E+08  0.017  2.446   1.3314E-01  6.9254E-01   8.1204E-03  1.3782E-02   0.0000E+00  0.0000E+00   0.0000E+00  0.0000E+00   
1.00E+08  0.034  2.445   1.3331E-01  6.9378E-01   8.1204E-03  1.3782E-02   0.0000E+00  0.0000E+00   0.0000E+00  0.0000E+00   
1.00E+08  0.060  2.442   1.3360E-01  6.9622E-01   8.1204E-03  1.3782E-02   0.0000E+00  0.0000E+00   0.0000E+00  0.0000E+00   
1.00E+08  0.086  2.437   1.3405E-01  7.0007E-01   8.1204E-03  1.3782E-02   0.0000E+00  0.0000E+00   0.0000E+00  0.0000E+00   
1.00E+08  0.129  2.424   1.3516E-01  7.0949E-01   8.1208E-03  1.3784E-02   0.0000E+00  0.0000E+00   0.0000E+00  0.0000E+00   
1.00E+08  0.172  2.406   1.3669E-01  7.2263E-01   8.1257E-03  1.3799E-02   0.0000E+00  0.0000E+00   0.0000E+00  0.0000E+00   
1.00E+08  0.259  2.355   1.4072E-01  7.5939E-01   8.1937E-03  1.4004E-02   0.0000E+00  0.0000E+00   0.0000E+00  0.0000E+00   
1.00E+08  0.431  2.192   1.5181E-01  8.7309E-01   8.6787E-03  1.5492E-02   0.0000E+00  0.0000E+00   0.0000E+00  0.0000E+00   
1.00E+08  0.862  1.493   2.1195E-01  1.5284E+00   1.4280E-02  3.9537E-02   0.0000E+00  0.0000E+00   0.0000E+00  0.0000E+00   
1.00E+08  2.585  0.209   4.2990E+00  6.9384E+01   1.4016E-01  7.6297E-01   0.0000E+00  0.0000E+00   0.0000E+00  0.0000E+00   
1.00E+09  0.001  5.181   2.6335E+00  1.9297E+01   8.1204E-03  1.3782E-02   0.0000E+00  0.0000E+00   0.0000E+00  0.0000E+00   
1.00E+09  0.009  5.180   2.6324E+00  1.9287E+01   8.1204E-03  1.3782E-02   0.0000E+00  0.0000E+00   0.0000E+00  0.0000E+00   
1.00E+09  0.017  5.180   2.6318E+00  1.9283E+01   8.1204E-03  1.3782E-02   0.0000E+00  0.0000E+00   0.0000E+00  0.0000E+00   
1.00E+09  0.034  5.180   2.6332E+00  1.9298E+01   8.1204E-03  1.3782E-02   0.0000E+00  0.0000E+00   0.0000E+00  0.0000E+00   
1.00E+09  0.060  5.178   2.6352E+00  1.9323E+01   8.1204E-03  1.3782E-02   0.0000E+00  0.0000E+00   0.0000E+00  0.0000E+00   
1.00E+09  0.086  5.176   2.6384E+00  1.9362E+01   8.1204E-03  1.3782E-02   0.0000E+00  0.0000E+00   0.0000E+00  0.0000E+00   
1.00E+09  0.129  5.170   2.6462E+00  1.9458E+01   8.1208E-03  1.3784E-02   0.0000E+00  0.0000E+00   0.0000E+00  0.0000E+00   
1.00E+09  0.172  5.161   2.6566E+00  1.9590E+01   8.1257E-03  1.3799E-02   0.0000E+00  0.0000E+00   0.0000E+00  0.0000E+00   
1.00E+09  0.259  5.138   2.6811E+00  1.9935E+01   8.1937E-03  1.4004E-02   0.0000E+00  0.0000E+00   0.0000E+00  0.0000E+00   
1.00E+09  0.431  5.062   2.7348E+00  2.0890E+01   8.6803E-03  1.5496E-02   0.0000E+00  0.0000E+00   0.0000E+00  0.0000E+00   
1.00E+09  0.862  4.708   3.0608E+00  2.6241E+01   1.4509E-02  4.0150E-02   0.0000E+00  0.0000E+00   0.0000E+00  0.0000E+00   
1.00E+09  2.585  1.972   8.1859E+00  1.3374E+02   1.4916E-01  8.1790E-01   0.0000E+00  0.0000E+00   0.0000E+00  0.0000E+00   
1.00E+10  0.001  11.119  7.3015E+01  8.7410E+02   8.1204E-03  1.3782E-02   0.0000E+00  0.0000E+00   0.0000E+00  0.0000E+00   
1.00E+10  0.009  11.118  7.2988E+01  8.7373E+02   8.1204E-03  1.3782E-02   0.0000E+00  0.0000E+00   0.0000E+00  0.0000E+00   
1.00E+10  0.017  11.118  7.2979E+01  8.7360E+02   8.1204E-03  1.3782E-02   0.0000E+00  0.0000E+00   0.0000E+00  0.0000E+00   
1.00E+10  0.034  11.118  7.2994E+01  8.7386E+02   8.1204E-03  1.3782E-02   0.0000E+00  0.0000E+00   0.0000E+00  0.0000E+00   
1.00E+10  0.060  11.117  7.3011E+01  8.7421E+02   8.1204E-03  1.3782E-02   0.0000E+00  0.0000E+00   0.0000E+00  0.0000E+00   
1.00E+10  0.086  11.116  7.3039E+01  8.7476E+02   8.1204E-03  1.3782E-02   0.0000E+00  0.0000E+00   0.0000E+00  0.0000E+00   
1.00E+10  0.129  11.113  7.3106E+01  8.7612E+02   8.1208E-03  1.3784E-02   0.0000E+00  0.0000E+00   0.0000E+00  0.0000E+00   
1.00E+10  0.172  11.109  7.3188E+01  8.7788E+02   8.1257E-03  1.3799E-02   0.0000E+00  0.0000E+00   0.0000E+00  0.0000E+00   
1.00E+10  0.259  11.098  7.3289E+01  8.8131E+02   8.1937E-03  1.4004E-02   0.0000E+00  0.0000E+00   0.0000E+00  0.0000E+00   
1.00E+10  0.431  11.063  7.3016E+01  8.8519E+02   8.6803E-03  1.5496E-02   0.0000E+00  0.0000E+00   0.0000E+00  0.0000E+00   
1.00E+10  0.862  10.898  7.3574E+01  9.2991E+02   1.4514E-02  4.0166E-02   0.0000E+00  0.0000E+00   0.0000E+00  0.0000E+00   
1.00E+10  2.585  9.163   8.6146E+01  1.5777E+03   1.5988E-01  8.8384E-01   0.0000E+00  0.0000E+00   0.0000E+00  0.0000E+00   
1.00E+11  0.001  23.934  2.6777E+03  5.9104E+04   8.1204E-03  1.3782E-02   0.0000E+00  0.0000E+00   0.0000E+00  0.0000E+00   
1.00E+11  0.009  23.934  2.6773E+03  5.9092E+04   8.1204E-03  1.3782E-02   0.0000E+00  0.0000E+00   0.0000E+00  0.0000E+00   
1.00E+11  0.017  23.933  2.6772E+03  5.9091E+04   8.1204E-03  1.3782E-02   0.0000E+00  0.0000E+00   0.0000E+00  0.0000E+00   
1.00E+11  0.034  23.934  2.6774E+03  5.9097E+04   8.1204E-03  1.3782E-02   0.0000E+00  0.0000E+00   0.0000E+00  0.0000E+00   
1.00E+11  0.060  23.933  2.6776E+03  5.9103E+04   8.1204E-03  1.3782E-02   0.0000E+00  0.0000E+00   0.0000E+00  0.0000E+00   
1.00E+11  0.086  23.933  2.6778E+03  5.9113E+04   8.1204E-03  1.3782E-02   0.0000E+00  0.0000E+00   0.0000E+00  0.0000E+00   
1.00E+11  0.129  23.931  2.6784E+03  5.9137E+04   8.1208E-03  1.3784E-02   0.0000E+00  0.0000E+00   0.0000E+00  0.0000E+00   
1.00E+11  0.172  23.930  2.6788E+03  5.9161E+04   8.1257E-03  1.3799E-02   0.0000E+00  0.0000E+00   0.0000E+00  0.0000E+00   
1.00E+11  0.259  23.924  2.6745E+03  5.9114E+04   8.1937E-03  1.4004E-02   0.0000E+00  0.0000E+00   0.0000E+00  0.0000E+00   
1.00E+11  0.431  23.908  2.6368E+03  5.8463E+04   8.6803E-03  1.5496E-02   0.0000E+00  0.0000E+00   0.0000E+00  0.0000E+00   
1.00E+11  0.862  23.832  2.5303E+03  5.6978E+04   1.4514E-02  4.0166E-02   0.0000E+00  0.0000E+00   0.0000E+00  0.0000E+00   
1.00E+11  2.585  23.015  2.0388E+03  5.3664E+04   1.6068E-01  8.8879E-01   0.0000E+00  0.0000E+00   0.0000E+00  0.0000E+00   
