1.00E+01  0.001  0.509   0.0000E+00  0.0000E+00   0.0000E+00  0.0000E+00   0.0000E+00  0.0000E+00   8.1660E-04  1.8876E-03   
1.00E+01  0.009  0.453   0.0000E+00  0.0000E+00   0.0000E+00  0.0000E+00   6.1000E-57  3.0988E-56   8.1660E-04  1.8876E-03   
1.00E+01  0.017  0.377   2.6380E-225 1.3743E-226  1.0644E-252 7.0660E-254  4.4869E-30  2.2861E-29   8.1660E-04  1.8876E-03   
1.00E+01  0.034  0.205   5.2472E-118 5.5089E-119  1.7333E-131 1.5828E-132  4.0516E-16  2.0764E-15   8.1660E-04  1.8876E-03   
1.00E+01  0.060  0.008   3.1637E-71  5.8800E-72   4.9980E-79  9.1464E-80   2.3404E-10  1.2104E-09   8.1660E-04  1.8876E-03   
1.00E+01  0.086  0.000   2.2345E-51  6.0014E-52   9.1664E-58  2.0968E-58   6.8986E-09  3.6018E-08   8.1660E-04  1.8876E-03   
1.00E+01  0.129  0.000   1.0177E-35  4.1779E-36   3.9476E-41  9.9530E-42   1.1633E-07  6.1774E-07   8.1704E-04  1.8888E-03   
1.00E+01  0.172  0.000   9.1426E-28  5.0977E-28   8.4951E-33  2.2037E-33   5.8552E-07  3.1666E-06   8.2070E-04  1.8991E-03   
1.00E+01  0.259  0.000   1.2334E-19  1.0690E-19   1.7925E-24  4.7321E-25   4.1218E-06  2.3175E-05   8.5619E-04  2.0038E-03   
1.00E+01  0.431  0.000   7.5391E-13  1.1605E-12   7.2751E-18  1.9370E-18   4.2289E-05  2.4959E-04   1.1640E-03  2.9941E-03   
1.00E+01  0.862  0.000   2.6647E-07  9.0684E-07   4.0806E-13  1.0950E-13   2.0695E-03  1.2736E-02   4.7201E-03  1.6876E-02   
1.00E+01  2.585  0.000   2.1577E-02  2.3174E-01   1.1074E-10  3.0000E-11   6.6014E-01  9.3342E+00   2.8670E-02  1.3183E-01   
1.00E+01  0.001  0.509   0.0000E+00  0.0000E+00   0.0000E+00  0.0000E+00   0.0000E+00  0.0000E+00   8.1660E-04  1.8876E-03   
1.00E+01  0.009  0.453   0.0000E+00  0.0000E+00   0.0000E+00  0.0000E+00   6.1000E-57  3.0988E-56   8.1660E-04  1.8876E-03   
1.00E+01  0.017  0.377   2.6380E-225 1.3743E-226  1.0644E-252 7.0660E-254  4.4869E-30  2.2861E-29   8.1660E-04  1.8876E-03   
1.00E+01  0.034  0.205   5.2472E-118 5.5089E-119  1.7333E-131 1.5828E-132  4.0516E-16  2.0764E-15   8.1660E-04  1.8876E-03   
1.00E+01  0.060  0.008   3.1637E-71  5.8800E-72   4.9980E-79  9.1464E-80   2.3404E-10  1.2104E-09   8.1660E-04  1.8876E-03   
1.00E+01  0.086  0.000   2.2345E-51  6.0014E-52   9.1664E-58  2.0968E-58   6.8986E-09  3.6018E-08   8.1660E-04  1.8876E-03   
1.00E+01  0.129  0.000   1.0177E-35  4.1779E-36   3.9476E-41  9.9530E-42   1.1633E-07  6.1774E-07   8.1704E-04  1.8888E-03   
1.00E+01  0.172  0.000   9.1426E-28  5.0977E-28   8.4951E-33  2.2037E-33   5.8552E-07  3.1666E-06   8.2070E-04  1.8991E-03   
1.00E+01  0.259  0.000   1.2334E-19  1.0690E-19   1.7925E-24  4.7321E-25   4.1218E-06  2.3175E-05   8.5619E-04  2.0038E-03   
1.00E+01  0.431  0.000   7.5391E-13  1.1605E-12   7.2751E-18  1.9370E-18   4.2289E-05  2.4959E-04   1.1640E-03  2.9941E-03   
1.00E+01  0.862  0.000   2.6647E-07  9.0684E-07   4.0806E-13  1.0950E-13   2.0695E-03  1.2736E-02   4.7201E-03  1.6876E-02   
1.00E+01  2.585  0.000   2.1577E-02  2.3174E-01   1.1074E-10  3.0000E-11   6.6014E-01  9.3342E+00   2.8670E-02  1.3183E-01   
1.00E+02  0.001  0.511   0.0000E+00  0.0000E+00   0.0000E+00  0.0000E+00   0.0000E+00  0.0000E+00   8.1659E-04  1.8876E-03   
1.00E+02  0.009  0.473   0.0000E+00  0.0000E+00   0.0000E+00  0.0000E+00   6.0734E-58  3.0853E-57   8.1660E-04  1.8876E-03   
1.00E+02  0.017  0.416   2.6413E-224 1.3760E-225  1.0644E-252 7.0660E-254  4.4814E-31  2.2832E-30   8.1660E-04  1.8876E-03   
1.00E+02  0.034  0.284   5.2494E-117 5.5112E-118  1.7333E-131 1.5828E-132  4.0499E-17  2.0756E-16   8.1660E-04  1.8876E-03   
1.00E+02  0.060  0.065   8.1914E-71  1.5224E-71   4.9981E-79  9.1466E-80   9.0394E-11  4.6748E-10   8.1660E-04  1.8876E-03   
1.00E+02  0.086  0.005   2.3489E-51  6.3087E-52   9.1667E-58  2.0968E-58   6.5628E-09  3.4265E-08   8.1660E-04  1.8876E-03   
1.00E+02  0.129  0.000   1.0211E-35  4.1919E-36   3.9477E-41  9.9533E-42   1.1594E-07  6.1569E-07   8.1704E-04  1.8888E-03   
1.00E+02  0.172  0.000   9.1493E-28  5.1014E-28   8.4952E-33  2.2038E-33   5.8510E-07  3.1643E-06   8.2070E-04  1.8991E-03   
1.00E+02  0.259  0.000   1.2335E-19  1.0692E-19   1.7925E-24  4.7321E-25   4.1213E-06  2.3172E-05   8.5619E-04  2.0038E-03   
1.00E+02  0.431  0.000   7.5393E-13  1.1606E-12   7.2751E-18  1.9370E-18   4.2288E-05  2.4958E-04   1.1640E-03  2.9941E-03   
1.00E+02  0.862  0.000   2.6647E-07  9.0684E-07   4.0806E-13  1.0950E-13   2.0695E-03  1.2736E-02   4.7201E-03  1.6876E-02   
1.00E+02  2.585  0.000   2.1577E-02  2.3174E-01   1.1074E-10  3.0000E-11   6.6014E-01  9.3342E+00   2.8670E-02  1.3183E-01   
1.00E+01  0.001  0.509   0.0000E+00  0.0000E+00   0.0000E+00  0.0000E+00   0.0000E+00  0.0000E+00   8.1660E-04  1.8876E-03   
1.00E+01  0.009  0.453   0.0000E+00  0.0000E+00   0.0000E+00  0.0000E+00   6.1000E-57  3.0988E-56   8.1660E-04  1.8876E-03   
1.00E+01  0.017  0.377   2.6380E-225 1.3743E-226  1.0644E-252 7.0660E-254  4.4869E-30  2.2861E-29   8.1660E-04  1.8876E-03   
1.00E+01  0.034  0.205   5.2472E-118 5.5089E-119  1.7333E-131 1.5828E-132  4.0516E-16  2.0764E-15   8.1660E-04  1.8876E-03   
1.00E+01  0.060  0.008   3.1637E-71  5.8800E-72   4.9980E-79  9.1464E-80   2.3404E-10  1.2104E-09   8.1660E-04  1.8876E-03   
1.00E+01  0.086  0.000   2.2345E-51  6.0014E-52   9.1664E-58  2.0968E-58   6.8986E-09  3.6018E-08   8.1660E-04  1.8876E-03   
1.00E+01  0.129  0.000   1.0177E-35  4.1779E-36   3.9476E-41  9.9530E-42   1.1633E-07  6.1774E-07   8.1704E-04  1.8888E-03   
1.00E+01  0.172  0.000   9.1426E-28  5.0977E-28   8.4951E-33  2.2037E-33   5.8552E-07  3.1666E-06   8.2070E-04  1.8991E-03   
1.00E+01  0.259  0.000   1.2334E-19  1.0690E-19   1.7925E-24  4.7321E-25   4.1218E-06  2.3175E-05   8.5619E-04  2.0038E-03   
1.00E+01  0.431  0.000   7.5391E-13  1.1605E-12   7.2751E-18  1.9370E-18   4.2289E-05  2.4959E-04   1.1640E-03  2.9941E-03   
1.00E+01  0.862  0.000   2.6647E-07  9.0684E-07   4.0806E-13  1.0950E-13   2.0695E-03  1.2736E-02   4.7201E-03  1.6876E-02   
1.00E+01  2.585  0.000   2.1577E-02  2.3174E-01   1.1074E-10  3.0000E-11   6.6014E-01  9.3342E+00   2.8670E-02  1.3183E-01   
1.00E+02  0.001  0.511   0.0000E+00  0.0000E+00   0.0000E+00  0.0000E+00   0.0000E+00  0.0000E+00   8.1659E-04  1.8876E-03   
1.00E+02  0.009  0.473   0.0000E+00  0.0000E+00   0.0000E+00  0.0000E+00   6.0734E-58  3.0853E-57   8.1660E-04  1.8876E-03   
1.00E+02  0.017  0.416   2.6413E-224 1.3760E-225  1.0644E-252 7.0660E-254  4.4814E-31  2.2832E-30   8.1660E-04  1.8876E-03   
1.00E+02  0.034  0.284   5.2494E-117 5.5112E-118  1.7333E-131 1.5828E-132  4.0499E-17  2.0756E-16   8.1660E-04  1.8876E-03   
1.00E+02  0.060  0.065   8.1914E-71  1.5224E-71   4.9981E-79  9.1466E-80   9.0394E-11  4.6748E-10   8.1660E-04  1.8876E-03   
1.00E+02  0.086  0.005   2.3489E-51  6.3087E-52   9.1667E-58  2.0968E-58   6.5628E-09  3.4265E-08   8.1660E-04  1.8876E-03   
1.00E+02  0.129  0.000   1.0211E-35  4.1919E-36   3.9477E-41  9.9533E-42   1.1594E-07  6.1569E-07   8.1704E-04  1.8888E-03   
1.00E+02  0.172  0.000   9.1493E-28  5.1014E-28   8.4952E-33  2.2038E-33   5.8510E-07  3.1643E-06   8.2070E-04  1.8991E-03   
1.00E+02  0.259  0.000   1.2335E-19  1.0692E-19   1.7925E-24  4.7321E-25   4.1213E-06  2.3172E-05   8.5619E-04  2.0038E-03   
1.00E+02  0.431  0.000   7.5393E-13  1.1606E-12   7.2751E-18  1.9370E-18   4.2288E-05  2.4958E-04   1.1640E-03  2.9941E-03   
1.00E+02  0.862  0.000   2.6647E-07  9.0684E-07   4.0806E-13  1.0950E-13   2.0695E-03  1.2736E-02   4.7201E-03  1.6876E-02   
1.00E+02  2.585  0.000   2.1577E-02  2.3174E-01   1.1074E-10  3.0000E-11   6.6014E-01  9.3342E+00   2.8670E-02  1.3183E-01   
1.00E+03  0.001  0.513   0.0000E+00  0.0000E+00   0.0000E+00  0.0000E+00   0.0000E+00  0.0000E+00   8.1655E-04  1.8874E-03   
1.00E+01  0.009  0.453   0.0000E+00  0.0000E+00   0.0000E+00  0.0000E+00   6.1000E-57  3.0988E-56   8.1660E-04  1.8876E-03   
1.00E+01  0.017  0.377   2.6380E-225 1.3743E-226  1.0644E-252 7.0660E-254  4.4869E-30  2.2861E-29   8.1660E-04  1.8876E-03   
1.00E+01  0.034  0.205   5.2472E-118 5.5089E-119  1.7333E-131 1.5828E-132  4.0516E-16  2.0764E-15   8.1660E-04  1.8876E-03   
1.00E+01  0.060  0.008   3.1637E-71  5.8800E-72   4.9980E-79  9.1464E-80   2.3404E-10  1.2104E-09   8.1660E-04  1.8876E-03   
1.00E+01  0.086  0.000   2.2345E-51  6.0014E-52   9.1664E-58  2.0968E-58   6.8986E-09  3.6018E-08   8.1660E-04  1.8876E-03   
1.00E+01  0.129  0.000   1.0177E-35  4.1779E-36   3.9476E-41  9.9530E-42   1.1633E-07  6.1774E-07   8.1704E-04  1.8888E-03   
1.00E+01  0.172  0.000   9.1426E-28  5.0977E-28   8.4951E-33  2.2037E-33   5.8552E-07  3.1666E-06   8.2070E-04  1.8991E-03   
1.00E+01  0.259  0.000   1.2334E-19  1.0690E-19   1.7925E-24  4.7321E-25   4.1218E-06  2.3175E-05   8.5619E-04  2.0038E-03   
1.00E+01  0.431  0.000   7.5391E-13  1.1605E-12   7.2751E-18  1.9370E-18   4.2289E-05  2.4959E-04   1.1640E-03  2.9941E-03   
1.00E+01  0.862  0.000   2.6647E-07  9.0684E-07   4.0806E-13  1.0950E-13   2.0695E-03  1.2736E-02   4.7201E-03  1.6876E-02   
1.00E+01  2.585  0.000   2.1577E-02  2.3174E-01   1.1074E-10  3.0000E-11   6.6014E-01  9.3342E+00   2.8670E-02  1.3183E-01   
1.00E+02  0.001  0.511   0.0000E+00  0.0000E+00   0.0000E+00  0.0000E+00   0.0000E+00  0.0000E+00   8.1659E-04  1.8876E-03   
1.00E+02  0.009  0.473   0.0000E+00  0.0000E+00   0.0000E+00  0.0000E+00   6.0734E-58  3.0853E-57   8.1660E-04  1.8876E-03   
1.00E+02  0.017  0.416   2.6413E-224 1.3760E-225  1.0644E-252 7.0660E-254  4.4814E-31  2.2832E-30   8.1660E-04  1.8876E-03   
1.00E+02  0.034  0.284   5.2494E-117 5.5112E-118  1.7333E-131 1.5828E-132  4.0499E-17  2.0756E-16   8.1660E-04  1.8876E-03   
1.00E+02  0.060  0.065   8.1914E-71  1.5224E-71   4.9981E-79  9.1466E-80   9.0394E-11  4.6748E-10   8.1660E-04  1.8876E-03   
1.00E+02  0.086  0.005   2.3489E-51  6.3087E-52   9.1667E-58  2.0968E-58   6.5628E-09  3.4265E-08   8.1660E-04  1.8876E-03   
1.00E+02  0.129  0.000   1.0211E-35  4.1919E-36   3.9477E-41  9.9533E-42   1.1594E-07  6.1569E-07   8.1704E-04  1.8888E-03   
1.00E+02  0.172  0.000   9.1493E-28  5.1014E-28   8.4952E-33  2.2038E-33   5.8510E-07  3.1643E-06   8.2070E-04  1.8991E-03   
1.00E+02  0.259  0.000   1.2335E-19  1.0692E-19   1.7925E-24  4.7321E-25   4.1213E-06  2.3172E-05   8.5619E-04  2.0038E-03   
1.00E+02  0.431  0.000   7.5393E-13  1.1606E-12   7.2751E-18  1.9370E-18   4.2288E-05  2.4958E-04   1.1640E-03  2.9941E-03   
1.00E+02  0.862  0.000   2.6647E-07  9.0684E-07   4.0806E-13  1.0950E-13   2.0695E-03  1.2736E-02   4.7201E-03  1.6876E-02   
1.00E+02  2.585  0.000   2.1577E-02  2.3174E-01   1.1074E-10  3.0000E-11   6.6014E-01  9.3342E+00   2.8670E-02  1.3183E-01   
1.00E+03  0.001  0.513   0.0000E+00  0.0000E+00   0.0000E+00  0.0000E+00   0.0000E+00  0.0000E+00   8.1655E-04  1.8874E-03   
1.00E+03  0.009  0.493   0.0000E+00  0.0000E+00   0.0000E+00  0.0000E+00   5.8121E-59  2.9526E-58   8.1658E-04  1.8875E-03   
1.00E+03  0.017  0.456   2.6741E-223 1.3931E-224  1.0644E-252 7.0660E-254  4.4264E-32  2.2552E-31   8.1658E-04  1.8876E-03   
1.00E+03  0.034  0.364   5.2712E-116 5.5341E-117  1.7333E-131 1.5828E-132  4.0332E-18  2.0670E-17   8.1659E-04  1.8876E-03   
1.00E+03  0.060  0.197   7.2712E-70  1.3514E-70   4.9982E-79  9.1468E-80   1.0184E-11  5.2666E-11   8.1659E-04  1.8876E-03   
1.00E+03  0.086  0.046   3.7753E-51  1.0140E-51   9.1692E-58  2.0975E-58   4.0842E-09  2.1324E-08   8.1659E-04  1.8876E-03   
1.00E+03  0.129  0.005   1.0558E-35  4.3343E-36   3.9486E-41  9.9557E-42   1.1215E-07  5.9554E-07   8.1704E-04  1.8888E-03   
1.00E+03  0.172  0.001   9.2162E-28  5.1387E-28   8.4966E-33  2.2042E-33   5.8090E-07  3.1416E-06   8.2069E-04  1.8991E-03   
1.00E+03  0.259  0.000   1.2351E-19  1.0705E-19   1.7926E-24  4.7326E-25   4.1163E-06  2.3144E-05   8.5619E-04  2.0038E-03   
1.00E+03  0.431  0.000   7.5407E-13  1.1608E-12   7.2753E-18  1.9371E-18   4.2280E-05  2.4954E-04   1.1640E-03  2.9940E-03   
1.00E+03  0.862  0.000   2.6648E-07  9.0686E-07   4.0807E-13  1.0950E-13   2.0694E-03  1.2736E-02   4.7201E-03  1.6876E-02   
1.00E+03  2.585  0.000   2.1577E-02  2.3174E-01   1.1074E-10  3.0000E-11   6.6014E-01  9.3342E+00   2.8670E-02  1.3183E-01   
1.00E+04  0.001  0.523   0.0000E+00  0.0000E+00   0.0000E+00  0.0000E+00   0.0000E+00  0.0000E+00   8.1632E-04  1.8865E-03   
1.00E+04  0.009  0.516   0.0000E+00  0.0000E+00   0.0000E+00  0.0000E+00   4.2344E-60  2.1511E-59   8.1639E-04  1.8868E-03   
1.00E+04  0.017  0.498   3.0158E-222 1.5711E-223  1.0644E-252 7.0660E-254  3.9249E-33  1.9997E-32   8.1643E-04  1.8869E-03   
1.00E+04  0.034  0.444   5.4936E-115 5.7676E-116  1.7333E-131 1.5828E-132  3.8698E-19  1.9832E-18   8.1646E-04  1.8871E-03   
1.00E+04  0.060  0.337   7.3751E-69  1.3707E-69   4.9982E-79  9.1468E-80   1.0040E-12  5.1923E-12   8.1648E-04  1.8872E-03   
1.00E+04  0.086  0.209   2.5052E-50  6.7283E-51   9.1726E-58  2.0983E-58   6.1570E-10  3.2146E-09   8.1650E-04  1.8872E-03   
1.00E+04  0.129  0.047   1.4633E-35  6.0072E-36   3.9558E-41  9.9762E-42   8.1017E-08  4.3021E-07   8.1699E-04  1.8886E-03   
1.00E+04  0.172  0.014   9.9120E-28  5.5267E-28   8.5094E-33  2.2079E-33   5.4055E-07  2.9233E-06   8.2065E-04  1.8989E-03   
1.00E+04  0.259  0.004   1.2504E-19  1.0838E-19   1.7942E-24  4.7370E-25   4.0671E-06  2.2867E-05   8.5615E-04  2.0037E-03   
1.00E+04  0.431  0.001   7.5552E-13  1.1630E-12   7.2777E-18  1.9377E-18   4.2202E-05  2.4908E-04   1.1640E-03  2.9939E-03   
1.00E+04  0.862  0.000   2.6653E-07  9.0705E-07   4.0809E-13  1.0951E-13   2.0690E-03  1.2733E-02   4.7201E-03  1.6876E-02   
1.00E+04  2.585  0.000   2.1577E-02  2.3174E-01   1.1074E-10  3.0000E-11   6.6013E-01  9.3341E+00   2.8670E-02  1.3183E-01   
1.00E+05  0.001  0.565   0.0000E+00  0.0000E+00   0.0000E+00  0.0000E+00   0.0000E+00  0.0000E+00   8.1505E-04  1.8813E-03   
1.00E+05  0.009  0.563   0.0000E+00  0.0000E+00   0.0000E+00  0.0000E+00   1.8609E-62  9.4536E-62   8.1510E-04  1.8815E-03   
1.00E+05  0.017  0.558   9.6871E-221 5.0464E-222  1.0644E-252 7.0660E-254  1.2217E-34  6.2245E-34   8.1515E-04  1.8818E-03   
1.00E+05  0.034  0.537   8.1381E-114 8.5441E-115  1.7333E-131 1.5828E-132  2.6120E-20  1.3386E-19   8.1528E-04  1.8823E-03   
1.00E+05  0.060  0.485   8.5906E-68  1.5966E-68   4.9982E-79  9.1468E-80   8.6183E-14  4.4571E-13   8.1542E-04  1.8829E-03   
1.00E+05  0.086  0.413   2.6921E-49  7.2304E-50   9.1731E-58  2.0984E-58   5.7289E-11  2.9911E-10   8.1553E-04  1.8834E-03   
1.00E+05  0.129  0.265   7.9214E-35  3.2520E-35   3.9711E-41  1.0020E-41   1.5003E-08  7.9664E-08   8.1619E-04  1.8855E-03   
1.00E+05  0.172  0.128   1.9256E-27  1.0737E-27   8.5929E-33  2.2321E-33   2.7966E-07  1.5122E-06   8.2010E-04  1.8968E-03   
1.00E+05  0.259  0.035   1.4143E-19  1.2258E-19   1.8086E-24  4.7785E-25   3.6064E-06  2.0273E-05   8.5578E-04  2.0023E-03   
1.00E+05  0.431  0.009   7.7013E-13  1.1855E-12   7.3014E-18  1.9444E-18   4.1432E-05  2.4453E-04   1.1637E-03  2.9928E-03   
1.00E+05  0.862  0.002   2.6708E-07  9.0891E-07   4.0835E-13  1.0958E-13   2.0649E-03  1.2708E-02   4.7197E-03  1.6875E-02   
1.00E+05  2.585  0.000   2.1578E-02  2.3176E-01   1.1075E-10  3.0001E-11   6.6009E-01  9.3334E+00   2.8669E-02  1.3183E-01   
1.00E+06  0.001  0.726   0.0000E+00  0.0000E+00   0.0000E+00  0.0000E+00   0.0000E+00  0.0000E+00   8.0604E-04  1.8456E-03   
1.00E+06  0.009  0.725   0.0000E+00  0.0000E+00   0.0000E+00  0.0000E+00   1.2371E-70  6.2847E-70   8.0612E-04  1.8459E-03   
1.00E+06  0.017  0.724   1.4765E-216 7.6911E-218  1.0644E-252 7.0660E-254  8.0068E-39  4.0794E-38   8.0612E-04  1.8459E-03   
1.00E+06  0.034  0.718   1.5267E-111 1.6029E-112  1.7333E-131 1.5828E-132  1.3908E-22  7.1277E-22   8.0623E-04  1.8465E-03   
1.00E+06  0.060  0.700   3.0438E-66  5.6568E-67   4.9982E-79  9.1468E-80   2.4299E-15  1.2567E-14   8.0649E-04  1.8477E-03   
1.00E+06  0.086  0.672   5.4105E-48  1.4530E-48   9.1732E-58  2.0985E-58   2.8477E-12  1.4868E-11   8.0684E-04  1.8494E-03   
1.00E+06  0.129  0.604   1.0852E-33  4.4549E-34   3.9743E-41  1.0029E-41   1.0947E-09  5.8126E-09   8.0801E-04  1.8539E-03   
1.00E+06  0.172  0.512   1.7824E-26  9.9384E-27   8.6738E-33  2.2557E-33   3.0337E-08  1.6401E-07   8.1263E-04  1.8684E-03   
1.00E+06  0.259  0.299   3.9152E-19  3.3937E-19   1.8828E-24  4.9925E-25   1.3216E-06  7.4241E-06   8.5049E-04  1.9828E-03   
1.00E+06  0.431  0.091   9.3163E-13  1.4342E-12   7.5207E-18  2.0059E-18   3.4479E-05  2.0344E-04   1.1603E-03  2.9805E-03   
1.00E+06  0.862  0.020   2.7261E-07  9.2776E-07   4.1095E-13  1.1030E-13   2.0240E-03  1.2457E-02   4.7159E-03  1.6858E-02   
1.00E+06  2.585  0.002   2.1594E-02  2.3192E-01   1.1078E-10  3.0010E-11   6.5962E-01  9.3268E+00   2.8666E-02  1.3181E-01   
1.00E+07  0.001  1.223   0.0000E+00  0.0000E+00   0.0000E+00  0.0000E+00   0.0000E+00  0.0000E+00   7.3990E-04  1.6054E-03   
1.00E+07  0.009  1.222   0.0000E+00  0.0000E+00   0.0000E+00  0.0000E+00   1.0837E-95  5.5050E-95   7.4006E-04  1.6060E-03   
1.00E+07  0.017  1.222   5.1045E-204 2.6588E-205  1.0644E-252 7.0660E-254  2.3090E-51  1.1764E-50   7.4011E-04  1.6062E-03   
1.00E+07  0.034  1.219   3.1553E-105 3.3122E-106  1.7333E-131 1.5828E-132  6.7049E-29  3.4362E-28   7.4025E-04  1.6070E-03   
1.00E+07  0.060  1.212   1.4631E-62  2.7181E-63   4.9982E-79  9.1468E-80   5.0328E-19  2.6028E-18   7.4075E-04  1.6094E-03   
1.00E+07  0.086  1.200   2.4761E-45  6.6453E-46   9.1732E-58  2.0985E-58   6.1900E-15  3.2319E-14   7.4150E-04  1.6130E-03   
1.00E+07  0.129  1.173   8.7852E-32  3.6041E-32   3.9745E-41  1.0030E-41   1.3438E-11  7.1354E-11   7.4377E-04  1.6228E-03   
1.00E+07  0.172  1.133   6.5081E-25  3.6276E-25   8.6834E-33  2.2585E-33   8.2580E-10  4.4643E-09   7.4988E-04  1.6443E-03   
1.00E+07  0.259  1.021   6.3686E-18  5.5218E-18   1.9249E-24  5.1148E-25   8.1413E-08  4.5714E-07   7.9148E-04  1.7748E-03   
1.00E+07  0.431  0.698   3.7933E-12  5.8438E-12   8.4367E-18  2.2648E-18   8.6633E-06  5.1068E-05   1.1126E-03  2.8103E-03   
1.00E+07  0.862  0.196   3.3419E-07  1.1377E-06   4.3562E-13  1.1708E-13   1.6588E-03  1.0214E-02   4.6745E-03  1.6675E-02   
1.00E+07  2.585  0.021   2.1751E-02  2.3361E-01   1.1113E-10  3.0105E-11   6.5497E-01  9.2605E+00   2.8634E-02  1.3165E-01   
1.00E+08  0.001  2.447   0.0000E+00  0.0000E+00   0.0000E+00  0.0000E+00   0.0000E+00  0.0000E+00   3.9139E-04  6.2532E-04   
1.00E+08  0.009  2.447   0.0000E+00  0.0000E+00   0.0000E+00  0.0000E+00   2.1036E-157 1.0686E-156  3.9162E-04  6.2586E-04   
1.00E+08  0.017  2.446   3.4422E-173 1.7943E-174  1.0644E-252 7.0660E-254  3.1973E-82  1.6290E-81   3.9182E-04  6.2644E-04   
1.00E+08  0.034  2.445   8.2919E-90  8.7338E-91   1.7333E-131 1.5828E-132  2.3869E-44  1.2233E-43   3.9216E-04  6.2767E-04   
1.00E+08  0.060  2.442   9.8687E-54  1.8385E-54   4.9982E-79  9.1468E-80   7.0120E-28  3.6264E-27   3.9336E-04  6.3166E-04   
1.00E+08  0.086  2.437   3.9615E-39  1.0664E-39   9.1732E-58  2.0985E-58   3.6451E-21  1.9032E-20   3.9519E-04  6.3774E-04   
1.00E+08  0.129  2.424   1.3302E-27  5.4779E-28   3.9745E-41  1.0030E-41   8.3993E-16  4.4598E-15   3.9997E-04  6.5324E-04   
1.00E+08  0.172  2.406   9.9546E-22  5.5663E-22   8.6837E-33  2.2586E-33   5.1281E-13  2.7723E-12   4.0872E-04  6.7971E-04   
1.00E+08  0.259  2.355   1.0553E-15  9.1675E-16   1.9277E-24  5.1229E-25   4.6874E-10  2.6319E-09   4.5138E-04  7.9959E-04   
1.00E+08  0.431  2.192   1.1681E-10  1.8078E-10   8.7741E-18  2.3609E-18   2.7279E-07  1.6075E-06   7.4141E-04  1.6484E-03   
1.00E+08  0.862  1.493   1.4845E-06  5.0770E-06   5.4871E-13  1.4839E-13   3.7606E-04  2.3191E-03   4.1339E-03  1.4358E-02   
1.00E+08  2.585  0.209   2.3380E-02  2.5116E-01   1.1460E-10  3.1052E-11   6.1026E-01  8.6229E+00   2.8308E-02  1.2997E-01   
1.00E+09  0.001  5.181   0.0000E+00  0.0000E+00   0.0000E+00  0.0000E+00   0.0000E+00  0.0000E+00   0.0000E+00  0.0000E+00   
1.00E+09  0.009  5.180   2.2475E-201 6.1746E-203  0.0000E+00  0.0000E+00   3.5228E-295 1.7896E-294  8.5378E-59  4.8616E-59   
1.00E+09  0.017  5.180   2.0684E-104 1.1129E-105  1.0644E-252 7.0660E-254  4.1158E-151 2.0970E-150  5.8914E-32  3.3680E-32   
1.00E+09  0.034  5.180   1.8111E-55  1.9434E-56   1.7333E-131 1.5828E-132  8.3964E-79  4.3031E-78   1.5634E-18  9.0587E-19   
1.00E+09  0.060  5.178   3.7424E-34  7.1005E-35   4.9982E-79  9.1468E-80   1.3964E-47  7.2215E-47   9.1350E-13  5.4866E-13   
1.00E+09  0.086  5.176   1.9008E-25  5.2535E-26   9.1732E-58  2.0985E-58   5.7155E-35  2.9841E-34   1.9265E-10  1.2175E-10   
1.00E+09  0.129  5.170   1.7085E-18  7.2893E-19   3.9745E-41  1.0030E-41   4.9904E-25  2.6497E-24   1.3698E-08  9.7242E-09   
1.00E+09  0.172  5.161   6.7736E-15  3.9170E-15   8.6837E-33  2.2586E-33   5.8374E-20  3.1557E-19   1.3585E-07  1.1194E-07   
1.00E+09  0.259  5.138   3.9108E-11  3.4739E-11   1.9278E-24  5.1229E-25   9.9024E-15  5.5601E-14   2.0625E-06  2.2998E-06   
1.00E+09  0.431  5.062   7.1319E-08  1.1213E-07   8.7854E-18  2.3641E-18   3.4909E-10  2.0571E-09   4.3783E-05  7.7999E-05   
1.00E+09  0.862  4.708   5.2669E-05  1.8712E-04   5.9159E-13  1.6036E-13   9.0785E-06  5.6013E-05   1.5018E-03  4.5377E-03   
1.00E+09  2.585  1.972   4.5972E-02  4.9523E-01   1.4413E-10  3.9117E-11   3.1274E-01  4.3998E+00   2.4594E-02  1.1116E-01   
1.00E+10  0.001  11.119  7.5470E-04  1.2287E-03   0.0000E+00  0.0000E+00   0.0000E+00  0.0000E+00   0.0000E+00  0.0000E+00   
1.00E+10  0.009  11.118  7.5431E-04  1.2280E-03   0.0000E+00  0.0000E+00   0.0000E+00  0.0000E+00   0.0000E+00  0.0000E+00   
1.00E+10  0.017  11.118  7.5428E-04  1.2284E-03   1.0644E-252 7.0660E-254  9.6822E-301 4.9330E-300  1.1819E-170 2.5837E-171  
1.00E+10  0.034  11.118  7.5625E-04  1.2343E-03   1.7333E-131 1.5828E-132  1.2763E-153 6.5407E-153  1.6857E-88  4.0912E-89   
1.00E+10  0.060  11.117  7.6064E-04  1.2484E-03   4.9982E-79  9.1468E-80   2.4308E-90  1.2571E-89   3.8158E-53  1.1610E-53   
1.00E+10  0.086  11.116  7.6750E-04  1.2705E-03   9.1732E-58  2.0985E-58   6.5924E-65  3.4419E-64   7.7395E-39  3.0203E-39   
1.00E+10  0.129  11.113  7.8428E-04  1.3250E-03   3.9745E-41  1.0030E-41   5.3555E-45  2.8436E-44   2.0492E-27  1.1616E-27   
1.00E+10  0.172  11.109  8.0762E-04  1.4024E-03   8.6837E-33  2.2586E-33   5.9982E-35  3.2426E-34   3.3329E-21  2.0967E-21   
1.00E+10  0.259  11.098  8.7699E-04  1.6433E-03   1.9278E-24  5.1229E-25   9.6001E-25  5.3903E-24   3.2539E-15  3.1175E-15   
1.00E+10  0.431  11.063  1.2690E-03  3.2207E-03   8.7854E-18  2.3642E-18   3.1182E-16  1.8375E-15   4.1964E-10  6.4065E-10   
1.00E+10  0.862  10.898  1.2117E-02  6.1304E-02   5.9273E-13  1.6068E-13   6.8895E-09  4.2508E-08   5.6331E-06  1.4607E-05   
1.00E+10  2.585  9.163   6.6861E-01  7.5115E+00   1.9144E-10  5.2098E-11   1.9661E-02  2.7531E-01   4.3151E-03  1.9400E-02   
1.00E+11  0.001  23.934  8.9680E+00  6.6939E+01   0.0000E+00  0.0000E+00   0.0000E+00  0.0000E+00   0.0000E+00  0.0000E+00   
1.00E+11  0.009  23.934  8.9666E+00  6.6925E+01   0.0000E+00  0.0000E+00   0.0000E+00  0.0000E+00   0.0000E+00  0.0000E+00   
1.00E+11  0.017  23.933  8.9655E+00  6.6917E+01   1.0644E-252 7.0660E-254  0.0000E+00  0.0000E+00   0.0000E+00  0.0000E+00   
1.00E+11  0.034  23.934  8.9679E+00  6.6943E+01   1.7333E-131 1.5828E-132  6.3264E-316 3.2117E-315  0.0000E+00  0.0000E+00   
1.00E+11  0.060  23.933  8.9712E+00  6.6985E+01   4.9982E-79  9.1468E-80   1.3017E-182 6.7321E-182  0.0000E+00  0.0000E+00   
1.00E+11  0.086  23.933  8.9765E+00  6.7054E+01   9.1732E-58  2.0985E-58   1.6833E-129 8.7886E-129  0.0000E+00  0.0000E+00   
1.00E+11  0.129  23.931  8.9894E+00  6.7218E+01   3.9745E-41  1.0030E-41   4.5912E-88  2.4378E-87   0.0000E+00  0.0000E+00   
1.00E+11  0.172  23.930  9.0063E+00  6.7440E+01   8.6837E-33  2.2586E-33   2.9694E-67  1.6053E-66   0.0000E+00  0.0000E+00   
1.00E+11  0.259  23.924  9.0553E+00  6.8089E+01   1.9278E-24  5.1229E-25   2.7257E-46  1.5304E-45   0.0000E+00  0.0000E+00   
1.00E+11  0.431  23.908  9.3803E+00  7.1891E+01   8.7854E-18  2.3642E-18   3.5223E-29  2.0756E-28   0.0000E+00  0.0000E+00   
1.00E+11  0.862  23.832  1.3252E+01  1.1900E+02   5.9273E-13  1.6068E-13   2.0898E-15  1.2894E-14   0.0000E+00  0.0000E+00   
1.00E+11  2.585  23.015  4.3933E+01  6.7493E+02   1.9567E-10  5.3260E-11   9.2663E-05  1.2971E-03   0.0000E+00  0.0000E+00   
