1.00E+04  0.001  0.523   3.5467E-05  1.6897E-04   4.1484E-02  1.6097E-01   0.0000E+00  0.0000E+00   0.0000E+00  0.0000E+00   
1.00E+04  0.009  0.516   2.6938E-05  1.2847E-04   4.1484E-02  1.6097E-01   0.0000E+00  0.0000E+00   0.0000E+00  0.0000E+00   
1.00E+04  0.017  0.498   2.2127E-05  1.0571E-04   4.1484E-02  1.6097E-01   0.0000E+00  0.0000E+00   0.0000E+00  0.0000E+00   
1.00E+04  0.034  0.444   1.8132E-05  8.7002E-05   4.1484E-02  1.6097E-01   5.7408E-220 5.9782E-221  0.0000E+00  0.0000E+00   
1.00E+04  0.060  0.337   1.5748E-05  7.6142E-05   4.1484E-02  1.6097E-01   5.2721E-127 9.6576E-128  0.0000E+00  0.0000E+00   
1.00E+04  0.086  0.209   1.4850E-05  7.2431E-05   4.1484E-02  1.6098E-01   1.5379E-89  4.0451E-90   0.0000E+00  0.0000E+00   
1.00E+04  0.129  0.047   2.7330E-05  1.3555E-04   4.1502E-02  1.6109E-01   2.1196E-60  8.4329E-61   0.0000E+00  0.0000E+00   
1.00E+04  0.172  0.014   9.4621E-05  4.7841E-04   4.1639E-02  1.6195E-01   4.8707E-46  2.6048E-46   0.0000E+00  0.0000E+00   
1.00E+04  0.259  0.004   5.5226E-04  2.9227E-03   4.2916E-02  1.6983E-01   1.3100E-31  1.0675E-31   0.0000E+00  0.0000E+00   
1.00E+04  0.431  0.001   4.2341E-03  2.5101E-02   5.2770E-02  2.3086E-01   7.7724E-20  1.0866E-19   0.0000E+00  0.0000E+00   
1.00E+04  0.862  0.000   6.1364E-02  4.9972E-01   1.2808E-01  7.2351E-01   1.1979E-10  3.5480E-10   0.0000E+00  0.0000E+00   
1.00E+04  2.585  0.000   3.2000E+00  5.7842E+01   4.3828E-01  2.9814E+00   1.5010E-03  1.4613E-02   0.0000E+00  0.0000E+00   
1.00E+05  0.001  0.565   1.9335E-04  9.2489E-04   4.1484E-02  1.6097E-01   0.0000E+00  0.0000E+00   0.0000E+00  0.0000E+00   
1.00E+05  0.009  0.563   1.8830E-04  9.0107E-04   4.1484E-02  1.6097E-01   0.0000E+00  0.0000E+00   0.0000E+00  0.0000E+00   
1.00E+05  0.017  0.558   1.8177E-04  8.7086E-04   4.1484E-02  1.6097E-01   0.0000E+00  0.0000E+00   0.0000E+00  0.0000E+00   
1.00E+05  0.034  0.537   1.6738E-04  8.0484E-04   4.1484E-02  1.6097E-01   3.8748E-221 4.0350E-222  0.0000E+00  0.0000E+00   
1.00E+05  0.060  0.485   1.5313E-04  7.4159E-04   4.1484E-02  1.6097E-01   4.5256E-128 8.2902E-129  0.0000E+00  0.0000E+00   
1.00E+05  0.086  0.413   1.4557E-04  7.1092E-04   4.1484E-02  1.6098E-01   1.4309E-90  3.7637E-91   0.0000E+00  0.0000E+00   
1.00E+05  0.129  0.265   1.4265E-04  7.0811E-04   4.1504E-02  1.6110E-01   3.9151E-61  1.5576E-61   0.0000E+00  0.0000E+00   
1.00E+05  0.172  0.128   1.8120E-04  9.1660E-04   4.1646E-02  1.6197E-01   2.5070E-46  1.3408E-46   0.0000E+00  0.0000E+00   
1.00E+05  0.259  0.035   6.2212E-04  3.2932E-03   4.2925E-02  1.6987E-01   1.1581E-31  9.4373E-32   0.0000E+00  0.0000E+00   
1.00E+05  0.431  0.009   4.3121E-03  2.5565E-02   5.2778E-02  2.3089E-01   7.6248E-20  1.0659E-19   0.0000E+00  0.0000E+00   
1.00E+05  0.862  0.002   6.1484E-02  5.0070E-01   1.2808E-01  7.2354E-01   1.1954E-10  3.5407E-10   0.0000E+00  0.0000E+00   
1.00E+05  2.585  0.000   3.2002E+00  5.7846E+01   4.3828E-01  2.9814E+00   1.5009E-03  1.4611E-02   0.0000E+00  0.0000E+00   
1.00E+06  0.001  0.726   1.3939E-03  6.7864E-03   4.1484E-02  1.6097E-01   0.0000E+00  0.0000E+00   0.0000E+00  0.0000E+00   
1.00E+06  0.009  0.725   1.3838E-03  6.7378E-03   4.1484E-02  1.6097E-01   0.0000E+00  0.0000E+00   0.0000E+00  0.0000E+00   
1.00E+06  0.017  0.724   1.3874E-03  6.7587E-03   4.1484E-02  1.6097E-01   0.0000E+00  0.0000E+00   0.0000E+00  0.0000E+00   
1.00E+06  0.034  0.718   1.3852E-03  6.7607E-03   4.1484E-02  1.6097E-01   2.0632E-223 2.1485E-224  0.0000E+00  0.0000E+00   
1.00E+06  0.060  0.700   1.3797E-03  6.7659E-03   4.1484E-02  1.6097E-01   1.2760E-129 2.3374E-130  0.0000E+00  0.0000E+00   
1.00E+06  0.086  0.672   1.3740E-03  6.7827E-03   4.1484E-02  1.6098E-01   7.1126E-92  1.8708E-92   0.0000E+00  0.0000E+00   
1.00E+06  0.129  0.604   1.3733E-03  6.8745E-03   4.1505E-02  1.6110E-01   2.8551E-62  1.1359E-62   0.0000E+00  0.0000E+00   
1.00E+06  0.172  0.512   1.3909E-03  7.0819E-03   4.1653E-02  1.6200E-01   2.7061E-47  1.4472E-47   0.0000E+00  0.0000E+00   
1.00E+06  0.259  0.299   1.6278E-03  8.6452E-03   4.2973E-02  1.7004E-01   4.1813E-32  3.4072E-32   0.0000E+00  0.0000E+00   
1.00E+06  0.431  0.091   5.1654E-03  3.0656E-02   5.2853E-02  2.3116E-01   6.3013E-20  8.8091E-20   0.0000E+00  0.0000E+00   
1.00E+06  0.862  0.020   6.2693E-02  5.1064E-01   1.2814E-01  7.2384E-01   1.1711E-10  3.4686E-10   0.0000E+00  0.0000E+00   
1.00E+06  2.585  0.002   3.2024E+00  5.7887E+01   4.3831E-01  2.9816E+00   1.4998E-03  1.4601E-02   0.0000E+00  0.0000E+00   
1.00E+07  0.001  1.223   1.3707E-02  7.0865E-02   4.1484E-02  1.6097E-01   0.0000E+00  0.0000E+00   0.0000E+00  0.0000E+00   
1.00E+07  0.009  1.222   1.3677E-02  7.0711E-02   4.1484E-02  1.6097E-01   0.0000E+00  0.0000E+00   0.0000E+00  0.0000E+00   
1.00E+07  0.017  1.222   1.3681E-02  7.0746E-02   4.1484E-02  1.6097E-01   0.0000E+00  0.0000E+00   0.0000E+00  0.0000E+00   
1.00E+07  0.034  1.219   1.3710E-02  7.0956E-02   4.1484E-02  1.6097E-01   9.9466E-230 1.0358E-230  0.0000E+00  0.0000E+00   
1.00E+07  0.060  1.212   1.3766E-02  7.1412E-02   4.1484E-02  1.6097E-01   2.6428E-133 4.8412E-134  0.0000E+00  0.0000E+00   
1.00E+07  0.086  1.200   1.3853E-02  7.2117E-02   4.1484E-02  1.6098E-01   1.5461E-94  4.0666E-95   0.0000E+00  0.0000E+00   
1.00E+07  0.129  1.173   1.4060E-02  7.3808E-02   4.1505E-02  1.6110E-01   3.5047E-64  1.3943E-64   0.0000E+00  0.0000E+00   
1.00E+07  0.172  1.133   1.4338E-02  7.6134E-02   4.1653E-02  1.6200E-01   7.3621E-49  3.9372E-49   0.0000E+00  0.0000E+00   
1.00E+07  0.259  1.021   1.5118E-02  8.2848E-02   4.2999E-02  1.7014E-01   2.5545E-33  2.0816E-33   0.0000E+00  0.0000E+00   
1.00E+07  0.431  0.698   1.8369E-02  1.1055E-01   5.3140E-02  2.3222E-01   1.5417E-20  2.1553E-20   0.0000E+00  0.0000E+00   
1.00E+07  0.862  0.196   7.6004E-02  6.2035E-01   1.2864E-01  7.2653E-01   9.5442E-11  2.8268E-10   0.0000E+00  0.0000E+00   
1.00E+07  2.585  0.021   3.2247E+00  5.8295E+01   4.3860E-01  2.9839E+00   1.4889E-03  1.4495E-02   0.0000E+00  0.0000E+00   
1.00E+08  0.001  2.447   1.8267E-01  1.0981E+00   4.1484E-02  1.6097E-01   0.0000E+00  0.0000E+00   0.0000E+00  0.0000E+00   
1.00E+08  0.009  2.447   1.8253E-01  1.0972E+00   4.1484E-02  1.6097E-01   0.0000E+00  0.0000E+00   0.0000E+00  0.0000E+00   
1.00E+08  0.017  2.446   1.8248E-01  1.0969E+00   4.1484E-02  1.6097E-01   0.0000E+00  0.0000E+00   0.0000E+00  0.0000E+00   
1.00E+08  0.034  2.445   1.8269E-01  1.0987E+00   4.1484E-02  1.6097E-01   3.5410E-245 3.6874E-246  0.0000E+00  0.0000E+00   
1.00E+08  0.060  2.442   1.8303E-01  1.1019E+00   4.1484E-02  1.6097E-01   3.6821E-142 6.7450E-143  0.0000E+00  0.0000E+00   
1.00E+08  0.086  2.437   1.8357E-01  1.1070E+00   4.1484E-02  1.6098E-01   9.1044E-101 2.3947E-101  0.0000E+00  0.0000E+00   
1.00E+08  0.129  2.424   1.8490E-01  1.1196E+00   4.1505E-02  1.6110E-01   2.1905E-68  8.7149E-69   0.0000E+00  0.0000E+00   
1.00E+08  0.172  2.406   1.8677E-01  1.1377E+00   4.1653E-02  1.6200E-01   4.5717E-52  2.4449E-52   0.0000E+00  0.0000E+00   
1.00E+08  0.259  2.355   1.9232E-01  1.1923E+00   4.3001E-02  1.7014E-01   1.4700E-35  1.1978E-35   0.0000E+00  0.0000E+00   
1.00E+08  0.431  2.192   2.1068E-01  1.3873E+00   5.3236E-02  2.3258E-01   4.8112E-22  6.7261E-22   0.0000E+00  0.0000E+00   
1.00E+08  0.862  1.493   2.9128E-01  2.4415E+00   1.3058E-01  7.3673E-01   2.1184E-11  6.2745E-11   0.0000E+00  0.0000E+00   
1.00E+08  2.585  0.209   3.4558E+00  6.2531E+01   4.4138E-01  3.0061E+00   1.3846E-03  1.3479E-02   0.0000E+00  0.0000E+00   
1.00E+09  0.001  5.181   3.3488E+00  2.7024E+01   4.1484E-02  1.6097E-01   0.0000E+00  0.0000E+00   0.0000E+00  0.0000E+00   
1.00E+09  0.009  5.180   3.3474E+00  2.7011E+01   4.1484E-02  1.6097E-01   0.0000E+00  0.0000E+00   0.0000E+00  0.0000E+00   
1.00E+09  0.017  5.180   3.3466E+00  2.7006E+01   4.1484E-02  1.6097E-01   0.0000E+00  0.0000E+00   0.0000E+00  0.0000E+00   
1.00E+09  0.034  5.180   3.3483E+00  2.7025E+01   4.1484E-02  1.6097E-01   1.2456E-279 1.2971E-280  0.0000E+00  0.0000E+00   
1.00E+09  0.060  5.178   3.3505E+00  2.7055E+01   4.1484E-02  1.6097E-01   7.3326E-162 1.3432E-162  0.0000E+00  0.0000E+00   
1.00E+09  0.086  5.176   3.3542E+00  2.7104E+01   4.1484E-02  1.6098E-01   1.4275E-114 3.7548E-115  0.0000E+00  0.0000E+00   
1.00E+09  0.129  5.170   3.3631E+00  2.7224E+01   4.1505E-02  1.6110E-01   1.3015E-77  5.1779E-78   0.0000E+00  0.0000E+00   
1.00E+09  0.172  5.161   3.3761E+00  2.7399E+01   4.1653E-02  1.6200E-01   5.2040E-59  2.7831E-59   0.0000E+00  0.0000E+00   
1.00E+09  0.259  5.138   3.4167E+00  2.7948E+01   4.3001E-02  1.7014E-01   3.1054E-40  2.5305E-40   0.0000E+00  0.0000E+00   
1.00E+09  0.431  5.062   3.5559E+00  2.9961E+01   5.3239E-02  2.3259E-01   6.1551E-25  8.6047E-25   0.0000E+00  0.0000E+00   
1.00E+09  0.862  4.708   3.9797E+00  3.8690E+01   1.3118E-01  7.3991E-01   5.0807E-13  1.5048E-12   0.0000E+00  0.0000E+00   
1.00E+09  2.585  1.972   6.5460E+00  1.1982E+02   4.6148E-01  3.1673E+00   7.0018E-04  6.8151E-03   0.0000E+00  0.0000E+00   
1.00E+10  0.001  11.119  8.4446E+01  1.0823E+03   4.1484E-02  1.6097E-01   0.0000E+00  0.0000E+00   0.0000E+00  0.0000E+00   
1.00E+10  0.009  11.118  8.4416E+01  1.0818E+03   4.1484E-02  1.6097E-01   0.0000E+00  0.0000E+00   0.0000E+00  0.0000E+00   
1.00E+10  0.017  11.118  8.4405E+01  1.0817E+03   4.1484E-02  1.6097E-01   0.0000E+00  0.0000E+00   0.0000E+00  0.0000E+00   
1.00E+10  0.034  11.118  8.4422E+01  1.0820E+03   4.1484E-02  1.6097E-01   0.0000E+00  0.0000E+00   0.0000E+00  0.0000E+00   
1.00E+10  0.060  11.117  8.4438E+01  1.0823E+03   4.1484E-02  1.6097E-01   1.2764E-204 2.3382E-205  0.0000E+00  0.0000E+00   
1.00E+10  0.086  11.116  8.4467E+01  1.0830E+03   4.1484E-02  1.6098E-01   1.6466E-144 4.3309E-145  0.0000E+00  0.0000E+00   
1.00E+10  0.129  11.113  8.4537E+01  1.0845E+03   4.1505E-02  1.6110E-01   1.3967E-97  5.5567E-98   0.0000E+00  0.0000E+00   
1.00E+10  0.172  11.109  8.4645E+01  1.0869E+03   4.1653E-02  1.6200E-01   5.3473E-74  2.8598E-74   0.0000E+00  0.0000E+00   
1.00E+10  0.259  11.098  8.5012E+01  1.0947E+03   4.3001E-02  1.7014E-01   3.0106E-50  2.4532E-50   0.0000E+00  0.0000E+00   
1.00E+10  0.431  11.063  8.6207E+01  1.1228E+03   5.3239E-02  2.3259E-01   5.4980E-31  7.6862E-31   0.0000E+00  0.0000E+00   
1.00E+10  0.862  10.898  8.5989E+01  1.1929E+03   1.3120E-01  7.3999E-01   3.8550E-16  1.1418E-15   0.0000E+00  0.0000E+00   
1.00E+10  2.585  9.163   6.6120E+01  1.3457E+03   4.8468E-01  3.3555E+00   4.3395E-05  4.2231E-04   0.0000E+00  0.0000E+00   
1.00E+11  0.001  23.934  2.7552E+03  6.4340E+04   4.1484E-02  1.6097E-01   0.0000E+00  0.0000E+00   0.0000E+00  0.0000E+00   
1.00E+11  0.009  23.934  2.7547E+03  6.4327E+04   4.1484E-02  1.6097E-01   0.0000E+00  0.0000E+00   0.0000E+00  0.0000E+00   
1.00E+11  0.017  23.933  2.7547E+03  6.4326E+04   4.1484E-02  1.6097E-01   0.0000E+00  0.0000E+00   0.0000E+00  0.0000E+00   
1.00E+11  0.034  23.934  2.7549E+03  6.4332E+04   4.1484E-02  1.6097E-01   0.0000E+00  0.0000E+00   0.0000E+00  0.0000E+00   
1.00E+11  0.060  23.933  2.7550E+03  6.4338E+04   4.1484E-02  1.6097E-01   6.8356E-297 1.2522E-297  0.0000E+00  0.0000E+00   
1.00E+11  0.086  23.933  2.7553E+03  6.4348E+04   4.1484E-02  1.6098E-01   4.2043E-209 1.1059E-209  0.0000E+00  0.0000E+00   
1.00E+11  0.129  23.931  2.7559E+03  6.4374E+04   4.1505E-02  1.6110E-01   1.1974E-140 4.7637E-141  0.0000E+00  0.0000E+00   
1.00E+11  0.172  23.930  2.7570E+03  6.4417E+04   4.1653E-02  1.6200E-01   2.6472E-106 1.4157E-106  0.0000E+00  0.0000E+00   
1.00E+11  0.259  23.924  2.7616E+03  6.4578E+04   4.3001E-02  1.7014E-01   8.5478E-72  6.9653E-72   0.0000E+00  0.0000E+00   
1.00E+11  0.431  23.908  2.7719E+03  6.5067E+04   5.3239E-02  2.3259E-01   6.2104E-44  8.6821E-44   0.0000E+00  0.0000E+00   
1.00E+11  0.862  23.832  2.6190E+03  6.2919E+04   1.3120E-01  7.3999E-01   1.1693E-22  3.4633E-22   0.0000E+00  0.0000E+00   
1.00E+11  2.585  23.015  1.4348E+03  4.0780E+04   4.8639E-01  3.3694E+00   2.0432E-07  1.9884E-06   0.0000E+00  0.0000E+00   
