1.00E+04  0.001  0.523   0.0000E+00  0.0000E+00   0.0000E+00  0.0000E+00   0.0000E+00  0.0000E+00   1.8374E-04  2.9720E-04   
1.00E+04  0.009  0.516   6.2868E-104 1.6628E-105  1.0861E-164 9.6599E-166  1.5105E-60  5.8481E-60   1.5704E-04  2.5407E-04   
1.00E+04  0.017  0.498   1.6988E-57  9.1701E-59   4.6992E-89  4.1795E-90   1.3653E-33  5.3088E-33   1.3720E-04  2.2202E-04   
1.00E+04  0.034  0.444   5.0290E-34  5.6770E-35   3.0113E-51  2.7524E-52   1.3237E-19  5.1909E-19   1.2432E-04  2.0119E-04   
1.00E+04  0.060  0.337   9.4375E-24  2.0011E-24   5.5808E-34  2.2985E-34   3.4413E-13  1.3672E-12   1.1829E-04  1.9145E-04   
1.00E+04  0.086  0.209   1.6211E-19  5.1483E-20   3.0114E-26  1.3459E-26   2.1259E-10  8.5629E-10   1.1581E-04  1.8745E-04   
1.00E+04  0.129  0.047   8.0948E-16  4.0559E-16   3.5897E-20  1.6910E-20   2.8342E-08  1.1699E-07   1.1400E-04  1.8476E-04   
1.00E+04  0.172  0.014   1.7420E-13  1.2064E-13   4.5051E-17  2.4827E-17   1.9137E-07  8.1141E-07   1.1460E-04  1.8828E-04   
1.00E+04  0.259  0.004   7.9045E-11  8.6502E-11   1.5803E-13  1.8509E-13   1.4672E-06  6.6375E-06   1.3426E-04  2.5333E-04   
1.00E+04  0.431  0.001   2.7161E-08  5.3705E-08   7.6200E-10  1.2434E-09   1.4801E-05  7.9145E-05   3.1726E-04  8.6520E-04   
1.00E+04  0.862  0.000   1.7186E-05  7.8240E-05   6.6045E-07  1.1372E-06   5.0896E-04  3.3346E-03   1.5114E-03  5.3377E-03   
1.00E+04  2.585  0.000   8.6378E-02  1.0102E+00   1.9329E-05  3.3925E-05   2.6814E-01  3.3881E+00   5.2636E-03  2.2070E-02   
1.00E+05  0.001  0.565   0.0000E+00  0.0000E+00   0.0000E+00  0.0000E+00   0.0000E+00  0.0000E+00   1.8296E-04  2.9501E-04   
1.00E+05  0.009  0.563   1.4305E-101 3.7835E-103  1.0861E-164 9.6599E-166  6.6383E-63  2.5701E-62   1.5636E-04  2.5215E-04   
1.00E+05  0.017  0.558   5.4574E-56  2.9458E-57   4.6992E-89  4.1795E-90   4.2499E-35  1.6525E-34   1.3662E-04  2.2038E-04   
1.00E+05  0.034  0.537   7.4366E-33  8.3760E-34   3.0113E-51  2.7524E-52   8.9347E-21  3.5036E-20   1.2384E-04  1.9985E-04   
1.00E+05  0.060  0.485   1.0928E-22  2.3134E-23   5.5808E-34  2.2985E-34   2.9540E-14  1.1736E-13   1.1789E-04  1.9034E-04   
1.00E+05  0.086  0.413   1.7320E-18  5.5028E-19   3.0115E-26  1.3459E-26   1.9781E-11  7.9676E-11   1.1545E-04  1.8648E-04   
1.00E+05  0.129  0.265   4.3668E-15  2.1904E-15   3.5960E-20  1.6948E-20   5.2478E-09  2.1661E-08   1.1372E-04  1.8402E-04   
1.00E+05  0.172  0.128   3.3784E-13  2.3413E-13   4.5264E-17  2.4958E-17   9.8983E-08  4.1960E-07   1.1441E-04  1.8780E-04   
1.00E+05  0.259  0.035   8.9352E-11  9.7810E-11   1.5837E-13  1.8543E-13   1.3008E-06  5.8835E-06   1.3414E-04  2.5303E-04   
1.00E+05  0.431  0.009   2.7681E-08  5.4737E-08   7.6245E-10  1.2443E-09   1.4531E-05  7.7696E-05   3.1717E-04  8.6490E-04   
1.00E+05  0.862  0.002   1.7221E-05  7.8399E-05   6.6060E-07  1.1376E-06   5.0794E-04  3.3280E-03   1.5113E-03  5.3371E-03   
1.00E+05  2.585  0.000   8.6385E-02  1.0103E+00   1.9330E-05  3.3925E-05   2.6812E-01  3.3878E+00   5.2635E-03  2.2070E-02   
1.00E+06  0.001  0.726   0.0000E+00  0.0000E+00   0.0000E+00  0.0000E+00   0.0000E+00  0.0000E+00   1.7787E-04  2.8117E-04   
1.00E+06  0.009  0.725   2.0415E-93  5.5296E-95   1.0861E-164 9.6599E-166  4.4131E-71  1.7086E-70   1.5202E-04  2.4036E-04   
1.00E+06  0.017  0.724   8.0392E-52  4.4112E-53   4.6992E-89  4.1795E-90   2.7853E-39  1.0830E-38   1.3281E-04  2.1001E-04   
1.00E+06  0.034  0.718   1.3572E-30  1.5385E-31   3.0113E-51  2.7524E-52   4.7575E-23  1.8656E-22   1.2037E-04  1.9045E-04   
1.00E+06  0.060  0.700   3.7073E-21  7.8095E-22   5.5808E-34  2.2985E-34   8.3287E-16  3.3089E-15   1.1465E-04  1.8162E-04   
1.00E+06  0.086  0.672   3.3149E-17  1.0569E-17   3.0115E-26  1.3459E-26   9.8324E-13  3.9605E-12   1.1240E-04  1.7833E-04   
1.00E+06  0.129  0.604   5.7678E-14  2.9239E-14   3.5974E-20  1.6956E-20   3.8290E-10  1.5804E-09   1.1094E-04  1.7677E-04   
1.00E+06  0.172  0.512   3.0545E-12  2.1366E-12   4.5469E-17  2.5085E-17   1.0735E-08  4.5495E-08   1.1195E-04  1.8150E-04   
1.00E+06  0.259  0.299   2.4520E-10  2.6952E-10   1.6011E-13  1.8719E-13   4.7635E-07  2.1524E-06   1.3249E-04  2.4881E-04   
1.00E+06  0.431  0.091   3.3415E-08  6.6136E-08   7.6656E-10  1.2528E-09   1.2092E-05  6.4617E-05   3.1611E-04  8.6157E-04   
1.00E+06  0.862  0.020   1.7571E-05  7.9999E-05   6.6207E-07  1.1406E-06   4.9795E-04  3.2625E-03   1.5100E-03  5.3317E-03   
1.00E+06  2.585  0.002   8.6447E-02  1.0110E+00   1.9334E-05  3.3934E-05   2.6793E-01  3.3854E+00   5.2629E-03  2.2067E-02   
1.00E+07  0.001  1.223   0.0000E+00  0.0000E+00   0.0000E+00  0.0000E+00   0.0000E+00  0.0000E+00   1.4457E-04  2.0242E-04   
1.00E+07  0.009  1.222   1.8487E-77  3.6245E-78   1.0861E-164 9.6599E-166  3.8656E-96  1.4966E-95   1.2360E-04  1.7312E-04   
1.00E+07  0.017  1.222   6.5633E-43  1.3323E-43   4.6992E-89  4.1795E-90   8.0322E-52  3.1232E-51   1.0800E-04  1.5133E-04   
1.00E+07  0.034  1.219   1.3558E-25  3.1182E-26   3.0113E-51  2.7524E-52   2.2935E-29  8.9938E-29   9.7923E-05  1.3736E-04   
1.00E+07  0.060  1.212   4.8212E-18  1.4552E-18   5.5808E-34  2.2985E-34   1.7251E-19  6.8535E-19   9.3394E-05  1.3140E-04   
1.00E+07  0.086  1.200   6.9632E-15  2.7624E-15   3.0115E-26  1.3459E-26   2.1373E-15  8.6089E-15   9.1766E-05  1.2969E-04   
1.00E+07  0.129  1.173   3.0190E-12  1.7442E-12   3.5975E-20  1.6956E-20   4.7003E-12  1.9401E-11   9.1146E-05  1.3035E-04   
1.00E+07  0.172  1.133   8.4670E-11  6.5166E-11   4.5493E-17  2.5100E-17   2.9220E-10  1.2383E-09   9.2989E-05  1.3724E-04   
1.00E+07  0.259  1.021   3.5245E-09  4.0842E-09   1.6107E-13  1.8817E-13   2.9330E-08  1.3246E-07   1.1514E-04  2.0713E-04   
1.00E+07  0.431  0.698   1.3172E-07  2.6424E-07   7.8242E-10  1.2857E-09   3.0377E-06  1.6197E-05   3.0144E-04  8.1605E-04   
1.00E+07  0.862  0.196   2.1455E-05  9.7756E-05   6.7564E-07  1.1687E-06   4.0841E-04  2.6763E-03   1.4968E-03  5.2726E-03   
1.00E+07  2.585  0.021   8.7070E-02  1.0183E+00   1.9379E-05  3.4016E-05   2.6603E-01  3.3611E+00   5.2565E-03  2.2036E-02   
1.00E+08  0.001  2.447   0.0000E+00  0.0000E+00   0.0000E+00  0.0000E+00   0.0000E+00  0.0000E+00   2.5603E-05  1.7087E-05   
1.00E+08  0.009  2.447   1.2545E-74  1.4830E-74   1.0861E-164 9.6599E-166  7.5039E-158 2.9053E-157  2.1929E-05  1.4656E-05   
1.00E+08  0.017  2.446   4.2949E-40  5.0823E-40   4.6992E-89  4.1795E-90   1.1122E-82  4.3248E-82   1.9217E-05  1.2879E-05   
1.00E+08  0.034  2.445   7.7406E-23  9.2068E-23   3.0113E-51  2.7524E-52   8.1650E-45  3.2018E-44   1.7549E-05  1.1865E-05   
1.00E+08  0.060  2.442   1.9666E-15  2.3765E-15   5.5808E-34  2.2985E-34   2.4034E-28  9.5486E-28   1.7086E-05  1.1829E-05   
1.00E+08  0.086  2.437   1.9017E-12  2.3599E-12   3.0115E-26  1.3459E-26   1.2586E-21  5.0695E-21   1.7305E-05  1.2392E-05   
1.00E+08  0.129  2.424   4.4464E-10  5.8674E-10   3.5975E-20  1.6957E-20   2.9378E-16  1.2126E-15   1.8493E-05  1.4430E-05   
1.00E+08  0.172  2.406   7.5898E-09  1.0799E-08   4.5494E-17  2.5100E-17   1.8145E-13  7.6900E-13   2.1402E-05  2.0196E-05   
1.00E+08  0.259  2.355   1.5958E-07  2.6727E-07   1.6114E-13  1.8823E-13   1.6886E-10  7.6258E-10   4.1830E-05  6.9928E-05   
1.00E+08  0.431  2.192   2.7366E-06  6.3289E-06   7.8780E-10  1.2969E-09   9.5644E-08  5.0959E-07   2.0079E-04  5.2232E-04   
1.00E+08  0.862  1.493   9.0282E-05  4.1562E-04   7.2912E-07  1.2811E-06   9.2868E-05  6.0880E-04   1.3242E-03  4.5232E-03   
1.00E+08  2.585  0.209   9.3545E-02  1.0944E+00   1.9815E-05  3.4826E-05   2.4770E-01  3.1282E+00   5.1910E-03  2.1724E-02   
1.00E+09  0.001  5.181   1.2163E-05  1.2371E-05   0.0000E+00  0.0000E+00   0.0000E+00  0.0000E+00   0.0000E+00  0.0000E+00   
1.00E+09  0.009  5.180   1.3391E-05  1.3645E-05   1.0861E-164 9.6599E-166  1.2566E-295 4.8653E-295  4.9581E-65  4.2567E-65   
1.00E+09  0.017  5.180   1.4318E-05  1.4621E-05   4.6992E-89  4.1795E-90   1.4318E-151 5.5672E-151  6.2812E-35  5.4023E-35   
1.00E+09  0.034  5.180   1.5012E-05  1.5426E-05   3.0113E-51  2.7524E-52   2.8721E-79  1.1263E-78   6.8672E-20  5.9402E-20   
1.00E+09  0.060  5.178   1.5530E-05  1.6196E-05   5.5808E-34  2.2985E-34   4.7862E-48  1.9015E-47   1.9383E-13  1.7065E-13   
1.00E+09  0.086  5.176   1.6020E-05  1.7075E-05   3.0115E-26  1.3459E-26   1.9734E-35  7.9489E-35   7.6653E-11  6.9496E-11   
1.00E+09  0.129  5.170   1.7073E-05  1.9224E-05   3.5975E-20  1.6957E-20   1.7455E-25  7.2045E-25   8.8678E-09  8.6552E-09   
1.00E+09  0.172  5.161   1.9004E-05  2.4130E-05   4.5494E-17  2.5100E-17   2.0655E-20  8.7536E-20   1.0895E-07  1.1757E-07   
1.00E+09  0.259  5.138   3.3104E-05  6.9909E-05   1.6114E-13  1.8823E-13   3.5674E-15  1.6110E-14   1.8101E-06  2.4068E-06   
1.00E+09  0.431  5.062   1.6587E-04  5.6498E-04   7.8797E-10  1.2972E-09   1.2239E-10  6.5209E-10   2.8177E-05  5.0659E-05   
1.00E+09  0.862  4.708   2.2009E-03  1.0731E-02   7.4643E-07  1.3182E-06   2.2440E-06  1.4712E-05   4.7314E-04  1.3361E-03   
1.00E+09  2.585  1.972   1.8280E-01  2.1478E+00   2.3273E-05  4.1324E-05   1.2633E-01  1.5906E+00   4.4510E-03  1.8258E-02   
1.00E+10  0.001  11.119  8.9320E-02  2.3773E-01   0.0000E+00  0.0000E+00   0.0000E+00  0.0000E+00   0.0000E+00  0.0000E+00   
1.00E+10  0.009  11.118  9.0041E-02  2.4489E-01   1.0861E-164 9.6599E-166  0.0000E+00  0.0000E+00   0.0000E+00  0.0000E+00   
1.00E+10  0.017  11.118  9.0599E-02  2.5028E-01   4.6992E-89  4.1795E-90   3.3681E-301 1.3096E-300  8.9555E-170 3.3294E-170  
1.00E+10  0.034  11.118  9.1142E-02  2.5437E-01   3.0113E-51  2.7524E-52   4.3657E-154 1.7119E-153  1.8340E-88  7.0496E-89   
1.00E+10  0.060  11.117  9.1702E-02  2.5731E-01   5.5808E-34  2.2985E-34   8.3316E-91  3.3101E-90   1.4340E-53  6.1243E-54   
1.00E+10  0.086  11.116  9.2379E-02  2.6004E-01   3.0115E-26  1.3459E-26   2.2762E-65  9.1684E-65   1.6792E-39  8.6298E-40   
1.00E+10  0.129  11.113  9.3956E-02  2.6578E-01   3.5975E-20  1.6957E-20   1.8732E-45  7.7315E-45   2.4562E-28  1.7016E-28   
1.00E+10  0.172  11.109  9.6323E-02  2.7443E-01   4.5494E-17  2.5100E-17   2.1224E-35  8.9946E-35   1.3676E-22  1.1858E-22   
1.00E+10  0.259  11.098  1.0494E-01  3.0948E-01   1.6114E-13  1.8823E-13   3.4585E-25  1.5618E-24   1.1838E-16  1.3694E-16   
1.00E+10  0.431  11.063  1.4379E-01  4.9733E-01   7.8797E-10  1.2972E-09   1.0933E-16  5.8248E-16   1.0248E-11  1.6504E-11   
1.00E+10  0.862  10.898  3.5924E-01  1.8585E+00   7.4687E-07  1.3191E-06   1.7030E-09  1.1165E-08   3.4893E-07  8.0948E-07   
1.00E+10  2.585  9.163   2.4862E+00  3.0825E+01   2.8048E-05  5.0493E-05   7.9001E-03  9.9155E-02   5.4043E-04  2.1953E-03   
1.00E+11  0.001  23.934  1.4944E+02  1.6468E+03   0.0000E+00  0.0000E+00   0.0000E+00  0.0000E+00   0.0000E+00  0.0000E+00   
1.00E+11  0.009  23.934  1.4687E+02  1.6195E+03   1.0861E-164 9.6599E-166  0.0000E+00  0.0000E+00   0.0000E+00  0.0000E+00   
1.00E+11  0.017  23.933  1.4498E+02  1.5992E+03   4.6992E-89  4.1795E-90   0.0000E+00  0.0000E+00   0.0000E+00  0.0000E+00   
1.00E+11  0.034  23.934  1.4378E+02  1.5866E+03   3.0113E-51  2.7524E-52   1.7705E-316 6.8476E-316  0.0000E+00  0.0000E+00   
1.00E+11  0.060  23.933  1.4323E+02  1.5810E+03   5.5808E-34  2.2985E-34   4.4618E-183 1.7726E-182  0.0000E+00  0.0000E+00   
1.00E+11  0.086  23.933  1.4303E+02  1.5792E+03   3.0115E-26  1.3459E-26   5.8120E-130 2.3411E-129  0.0000E+00  0.0000E+00   
1.00E+11  0.129  23.931  1.4293E+02  1.5792E+03   3.5975E-20  1.6957E-20   1.6059E-88  6.6282E-88   0.0000E+00  0.0000E+00   
1.00E+11  0.172  23.930  1.4295E+02  1.5808E+03   4.5494E-17  2.5100E-17   1.0507E-67  4.4528E-67   0.0000E+00  0.0000E+00   
1.00E+11  0.259  23.924  1.4303E+02  1.5873E+03   1.6114E-13  1.8823E-13   9.8194E-47  4.4344E-46   0.0000E+00  0.0000E+00   
1.00E+11  0.431  23.908  1.4239E+02  1.6051E+03   7.8797E-10  1.2972E-09   1.2349E-29  6.5795E-29   0.0000E+00  0.0000E+00   
1.00E+11  0.862  23.832  1.3245E+02  1.6098E+03   7.4687E-07  1.3191E-06   5.1657E-16  3.3867E-15   0.0000E+00  0.0000E+00   
1.00E+11  2.585  23.015  1.2081E+02  2.1267E+03   2.8436E-05  5.1249E-05   3.7220E-05  4.6705E-04   0.0000E+00  0.0000E+00   
