1.00E+04  0.001  0.523   0.0000E+00  0.0000E+00   0.0000E+00  0.0000E+00   0.0000E+00  0.0000E+00   1.2920E-04  1.9888E-04   
1.00E+04  0.009  0.516   6.5929E-104 1.7369E-105  8.8039E-165 7.8302E-166  1.2468E-60  4.6343E-60   1.1050E-04  1.7015E-04   
1.00E+04  0.017  0.498   2.0268E-57  1.0856E-58   3.8092E-89  3.3879E-90   1.1282E-33  4.2124E-33   9.6618E-05  1.4879E-04   
1.00E+04  0.034  0.444   6.3543E-34  7.0638E-35   2.4450E-51  2.2487E-52   1.0954E-19  4.1257E-19   8.7595E-05  1.3491E-04   
1.00E+04  0.060  0.337   1.1897E-23  2.4593E-24   5.4912E-34  2.2904E-34   2.8518E-13  1.0888E-12   8.3373E-05  1.2842E-04   
1.00E+04  0.086  0.209   2.0013E-19  6.1742E-20   3.0082E-26  1.3453E-26   1.7641E-10  6.8323E-10   8.1637E-05  1.2576E-04   
1.00E+04  0.129  0.047   9.6583E-16  4.7000E-16   3.5877E-20  1.6899E-20   2.3574E-08  9.3656E-08   8.0420E-05  1.2414E-04   
1.00E+04  0.172  0.014   2.0229E-13  1.3626E-13   4.5012E-17  2.4805E-17   1.5965E-07  6.5231E-07   8.1351E-05  1.2825E-04   
1.00E+04  0.259  0.004   8.8208E-11  9.4226E-11   1.5775E-13  1.8479E-13   1.2378E-06  5.4224E-06   1.0142E-04  1.9371E-04   
1.00E+04  0.431  0.001   2.8745E-08  5.5851E-08   7.5709E-10  1.2354E-09   1.3039E-05  6.8587E-05   2.8406E-04  8.0080E-04   
1.00E+04  0.862  0.000   1.7204E-05  7.7978E-05   6.5409E-07  1.1263E-06   4.9106E-04  3.1845E-03   1.4489E-03  5.1209E-03   
1.00E+04  2.585  0.000   8.6290E-02  1.0090E+00   1.9295E-05  3.3864E-05   2.6764E-01  3.3776E+00   4.9982E-03  2.0752E-02   
1.00E+05  0.001  0.565   0.0000E+00  0.0000E+00   0.0000E+00  0.0000E+00   0.0000E+00  0.0000E+00   1.2858E-04  1.9723E-04   
1.00E+05  0.009  0.563   1.5002E-101 3.9523E-103  8.8039E-165 7.8302E-166  5.4793E-63  2.0367E-62   1.0996E-04  1.6870E-04   
1.00E+05  0.017  0.558   6.5114E-56  3.4876E-57   3.8092E-89  3.3879E-90   3.5118E-35  1.3112E-34   9.6153E-05  1.4755E-04   
1.00E+05  0.034  0.537   9.4012E-33  1.0431E-33   2.4450E-51  2.2487E-52   7.3932E-21  2.7847E-20   8.7211E-05  1.3390E-04   
1.00E+05  0.060  0.485   1.3798E-22  2.8477E-23   5.4912E-34  2.2904E-34   2.4480E-14  9.3464E-14   8.3053E-05  1.2759E-04   
1.00E+05  0.086  0.413   2.1415E-18  6.6068E-19   3.0083E-26  1.3454E-26   1.6415E-11  6.3572E-11   8.1356E-05  1.2503E-04   
1.00E+05  0.129  0.265   5.2151E-15  2.5395E-15   3.5940E-20  1.6937E-20   4.3650E-09  1.7340E-08   8.0200E-05  1.2359E-04   
1.00E+05  0.172  0.128   3.9250E-13  2.6450E-13   4.5225E-17  2.4936E-17   8.2577E-08  3.3731E-07   8.1205E-05  1.2789E-04   
1.00E+05  0.259  0.035   9.9724E-11  1.0655E-10   1.5810E-13  1.8514E-13   1.0974E-06  4.8064E-06   1.0132E-04  1.9348E-04   
1.00E+05  0.431  0.009   2.9296E-08  5.6926E-08   7.5754E-10  1.2363E-09   1.2801E-05  6.7331E-05   2.8397E-04  8.0053E-04   
1.00E+05  0.862  0.002   1.7238E-05  7.8136E-05   6.5424E-07  1.1266E-06   4.9008E-04  3.1782E-03   1.4488E-03  5.1204E-03   
1.00E+05  2.585  0.000   8.6297E-02  1.0090E+00   1.9295E-05  3.3865E-05   2.6762E-01  3.3774E+00   4.9981E-03  2.0752E-02   
1.00E+06  0.001  0.726   0.0000E+00  0.0000E+00   0.0000E+00  0.0000E+00   0.0000E+00  0.0000E+00   1.2453E-04  1.8684E-04   
1.00E+06  0.009  0.725   2.2566E-93  5.9451E-95   8.8039E-165 7.8302E-166  3.6426E-71  1.3540E-70   1.0651E-04  1.5984E-04   
1.00E+06  0.017  0.724   9.9349E-52  5.3212E-53   3.8092E-89  3.3879E-90   2.3016E-39  8.5933E-39   9.3116E-05  1.3976E-04   
1.00E+06  0.034  0.718   1.7592E-30  1.9439E-31   2.4450E-51  2.2487E-52   3.9367E-23  1.4828E-22   8.4452E-05  1.2683E-04   
1.00E+06  0.060  0.700   4.7824E-21  9.7650E-22   5.4912E-34  2.2904E-34   6.9021E-16  2.6352E-15   8.0478E-05  1.2104E-04   
1.00E+06  0.086  0.672   4.1735E-17  1.2843E-17   3.0083E-26  1.3454E-26   8.1593E-13  3.1600E-12   7.8928E-05  1.1892E-04   
1.00E+06  0.129  0.604   6.9659E-14  3.4109E-14   3.5954E-20  1.6945E-20   3.1848E-10  1.2651E-09   7.8001E-05  1.1817E-04   
1.00E+06  0.172  0.512   3.5719E-12  2.4215E-12   4.5430E-17  2.5062E-17   8.9552E-09  3.6572E-08   7.9263E-05  1.2319E-04   
1.00E+06  0.259  0.299   2.7422E-10  2.9388E-10   1.5983E-13  1.8689E-13   4.0181E-07  1.7581E-06   1.0001E-04  1.9027E-04   
1.00E+06  0.431  0.091   3.5376E-08  6.8790E-08   7.6163E-10  1.2447E-09   1.0651E-05  5.5994E-05   2.8308E-04  7.9767E-04   
1.00E+06  0.862  0.020   1.7589E-05  7.9731E-05   6.5570E-07  1.1296E-06   4.8043E-04  3.1157E-03   1.4476E-03  5.1151E-03   
1.00E+06  2.585  0.002   8.6359E-02  1.0098E+00   1.9300E-05  3.3873E-05   2.6743E-01  3.3750E+00   4.9975E-03  2.0749E-02   
1.00E+07  0.001  1.223   0.0000E+00  0.0000E+00   0.0000E+00  0.0000E+00   0.0000E+00  0.0000E+00   9.8546E-05  1.2926E-04   
1.00E+07  0.009  1.222   4.1089E-70  2.5467E-71   8.8039E-165 7.8302E-166  3.1907E-96  1.1860E-95   8.4315E-05  1.1063E-04   
1.00E+07  0.017  1.222   7.1793E-40  5.7524E-41   3.8092E-89  3.3879E-90   6.6372E-52  2.4781E-51   7.3731E-05  9.6783E-05   
1.00E+07  0.034  1.219   1.7270E-24  2.2682E-25   2.4450E-51  2.2487E-52   1.8978E-29  7.1482E-29   6.6901E-05  8.7931E-05   
1.00E+07  0.060  1.212   1.4307E-17  3.2725E-18   5.4912E-34  2.2904E-34   1.4296E-19  5.4580E-19   6.3858E-05  8.4235E-05   
1.00E+07  0.086  1.200   1.3454E-14  4.4932E-15   3.0083E-26  1.3454E-26   1.7736E-15  6.8689E-15   6.2802E-05  8.3281E-05   
1.00E+07  0.129  1.173   4.4012E-12  2.2881E-12   3.5955E-20  1.6946E-20   3.9096E-12  1.5530E-11   6.2545E-05  8.4192E-05   
1.00E+07  0.172  1.133   1.0888E-10  7.7972E-11   4.5454E-17  2.5077E-17   2.4376E-10  9.9546E-10   6.4469E-05  9.0762E-05   
1.00E+07  0.259  1.021   4.0630E-09  4.5232E-09   1.6079E-13  1.8787E-13   2.4739E-08  1.0819E-07   8.6373E-05  1.5886E-04   
1.00E+07  0.431  0.698   1.4010E-07  2.7549E-07   7.7739E-10  1.2774E-09   2.6748E-06  1.4033E-05   2.7071E-04  7.5830E-04   
1.00E+07  0.862  0.196   2.1479E-05  9.7434E-05   6.6914E-07  1.1574E-06   3.9400E-04  2.5556E-03   1.4350E-03  5.0586E-03   
1.00E+07  2.585  0.021   8.6981E-02  1.0171E+00   1.9344E-05  3.3955E-05   2.6552E-01  3.3508E+00   4.9914E-03  2.0720E-02   
1.00E+08  0.001  2.447   0.0000E+00  0.0000E+00   0.0000E+00  0.0000E+00   0.0000E+00  0.0000E+00   1.2990E-05  7.3009E-06   
1.00E+08  0.009  2.447   6.7852E-66  6.9870E-66   8.8039E-165 7.8302E-166  6.1938E-158 2.3023E-157  1.1141E-05  6.2734E-06   
1.00E+08  0.017  2.446   8.5839E-36  8.8508E-36   3.8092E-89  3.3879E-90   9.1907E-83  3.4315E-82   9.7810E-06  5.5282E-06   
1.00E+08  0.034  2.445   9.4094E-21  9.7635E-21   2.4450E-51  2.2487E-52   6.7563E-45  2.5448E-44   8.9703E-06  5.1348E-06   
1.00E+08  0.060  2.442   2.6629E-14  2.8136E-14   5.4912E-34  2.2904E-34   1.9917E-28  7.6044E-28   8.8267E-06  5.2250E-06   
1.00E+08  0.086  2.437   1.0573E-11  1.1515E-11   3.0083E-26  1.3454E-26   1.0444E-21  4.0449E-21   9.0728E-06  5.6272E-06   
1.00E+08  0.129  2.424   1.2232E-09  1.4308E-09   3.5955E-20  1.6946E-20   2.4436E-16  9.7069E-16   1.0050E-05  7.0708E-06   
1.00E+08  0.172  2.406   1.4649E-08  1.8728E-08   4.5455E-17  2.5078E-17   1.5137E-13  6.1817E-13   1.2546E-05  1.1918E-05   
1.00E+08  0.259  2.355   2.1973E-07  3.4139E-07   1.6085E-13  1.8793E-13   1.4243E-10  6.2285E-10   3.1631E-05  5.8720E-05   
1.00E+08  0.431  2.192   3.0338E-06  6.7854E-06   7.8273E-10  1.2885E-09   8.4210E-08  4.4147E-07   1.8579E-04  4.9895E-04   
1.00E+08  0.862  1.493   9.0507E-05  4.1458E-04   7.2210E-07  1.2688E-06   8.9546E-05  5.8119E-04   1.2709E-03  4.3397E-03   
1.00E+08  2.585  0.209   9.3450E-02  1.0931E+00   1.9779E-05  3.4764E-05   2.4723E-01  3.1185E+00   4.9285E-03  2.0424E-02   
1.00E+09  0.001  5.181   1.2078E-05  1.2285E-05   0.0000E+00  0.0000E+00   0.0000E+00  0.0000E+00   0.0000E+00  0.0000E+00   
1.00E+09  0.009  5.180   1.3302E-05  1.3554E-05   8.8039E-165 7.8302E-166  1.0372E-295 3.8555E-295  4.9581E-65  4.2567E-65   
1.00E+09  0.017  5.180   1.4226E-05  1.4527E-05   3.8092E-89  3.3879E-90   1.1831E-151 4.4173E-151  6.2812E-35  5.4023E-35   
1.00E+09  0.034  5.180   1.4917E-05  1.5329E-05   2.4450E-51  2.2487E-52   2.3766E-79  8.9516E-79   6.8672E-20  5.9402E-20   
1.00E+09  0.060  5.178   1.5433E-05  1.6094E-05   5.4912E-34  2.2904E-34   3.9664E-48  1.5143E-47   1.9383E-13  1.7065E-13   
1.00E+09  0.086  5.176   1.5920E-05  1.6971E-05   3.0083E-26  1.3454E-26   1.6376E-35  6.3423E-35   7.6653E-11  6.9496E-11   
1.00E+09  0.129  5.170   1.7058E-05  1.9403E-05   3.5955E-20  1.6946E-20   1.4518E-25  5.7673E-25   8.8677E-09  8.6551E-09   
1.00E+09  0.172  5.161   1.9700E-05  2.6630E-05   4.5455E-17  2.5078E-17   1.7231E-20  7.0368E-20   1.0894E-07  1.1756E-07   
1.00E+09  0.259  5.138   3.9310E-05  9.0392E-05   1.6085E-13  1.8793E-13   3.0090E-15  1.3158E-14   1.8090E-06  2.4053E-06   
1.00E+09  0.431  5.062   1.9019E-04  6.4508E-04   7.8290E-10  1.2889E-09   1.0776E-10  5.6493E-10   2.7985E-05  5.0242E-05   
1.00E+09  0.862  4.708   2.2190E-03  1.0767E-02   7.3925E-07  1.3055E-06   2.1634E-06  1.4044E-05   4.5463E-04  1.2758E-03   
1.00E+09  2.585  1.972   1.8262E-01  2.1451E+00   2.3232E-05  4.1250E-05   1.2609E-01  1.5856E+00   4.2189E-03  1.7138E-02   
1.00E+10  0.001  11.119  8.9262E-02  2.3742E-01   0.0000E+00  0.0000E+00   0.0000E+00  0.0000E+00   0.0000E+00  0.0000E+00   
1.00E+10  0.009  11.118  8.9982E-02  2.4456E-01   8.8039E-165 7.8302E-166  0.0000E+00  0.0000E+00   0.0000E+00  0.0000E+00   
1.00E+10  0.017  11.118  9.0539E-02  2.4995E-01   3.8092E-89  3.3879E-90   2.7832E-301 1.0391E-300  9.1437E-170 3.3993E-170  
1.00E+10  0.034  11.118  9.1082E-02  2.5402E-01   2.4450E-51  2.2487E-52   3.6124E-154 1.3606E-153  1.8725E-88  7.1977E-89   
1.00E+10  0.060  11.117  9.1641E-02  2.5696E-01   5.4912E-34  2.2904E-34   6.9045E-91  2.6361E-90   1.4631E-53  6.2460E-54   
1.00E+10  0.086  11.116  9.2318E-02  2.5969E-01   3.0083E-26  1.3454E-26   1.8889E-65  7.3154E-65   1.7080E-39  8.7644E-40   
1.00E+10  0.129  11.113  9.3907E-02  2.6550E-01   3.5955E-20  1.6946E-20   1.5580E-45  6.1892E-45   2.4830E-28  1.7169E-28   
1.00E+10  0.172  11.109  9.6366E-02  2.7473E-01   4.5455E-17  2.5078E-17   1.7706E-35  7.2305E-35   1.3772E-22  1.1924E-22   
1.00E+10  0.259  11.098  1.0568E-01  3.1420E-01   1.6085E-13  1.8793E-13   2.9171E-25  1.2756E-24   1.1882E-16  1.3734E-16   
1.00E+10  0.431  11.063  1.4665E-01  5.1582E-01   7.8290E-10  1.2889E-09   9.6258E-17  5.0462E-16   1.0270E-11  1.6535E-11   
1.00E+10  0.862  10.898  3.6113E-01  1.8708E+00   7.3969E-07  1.3064E-06   1.6418E-09  1.0658E-08   3.4620E-07  8.0338E-07   
1.00E+10  2.585  9.163   2.4842E+00  3.0792E+01   2.7998E-05  5.0402E-05   7.8845E-03  9.8841E-02   5.0762E-04  2.0479E-03   
1.00E+11  0.001  23.934  1.4943E+02  1.6467E+03   0.0000E+00  0.0000E+00   0.0000E+00  0.0000E+00   0.0000E+00  0.0000E+00   
1.00E+11  0.009  23.934  1.4687E+02  1.6194E+03   8.8039E-165 7.8302E-166  0.0000E+00  0.0000E+00   0.0000E+00  0.0000E+00   
1.00E+11  0.017  23.933  1.4497E+02  1.5992E+03   3.8092E-89  3.3879E-90   0.0000E+00  0.0000E+00   0.0000E+00  0.0000E+00   
1.00E+11  0.034  23.934  1.4377E+02  1.5865E+03   2.4450E-51  2.2487E-52   1.4631E-316 5.4328E-316  0.0000E+00  0.0000E+00   
1.00E+11  0.060  23.933  1.4322E+02  1.5809E+03   5.4912E-34  2.2904E-34   3.6975E-183 1.4117E-182  0.0000E+00  0.0000E+00   
1.00E+11  0.086  23.933  1.4303E+02  1.5792E+03   3.0083E-26  1.3454E-26   4.8230E-130 1.8679E-129  0.0000E+00  0.0000E+00   
1.00E+11  0.129  23.931  1.4293E+02  1.5791E+03   3.5955E-20  1.6946E-20   1.3357E-88  5.3059E-88   0.0000E+00  0.0000E+00   
1.00E+11  0.172  23.930  1.4295E+02  1.5808E+03   4.5455E-17  2.5078E-17   8.7652E-68  3.5795E-67   0.0000E+00  0.0000E+00   
1.00E+11  0.259  23.924  1.4304E+02  1.5878E+03   1.6085E-13  1.8793E-13   8.2824E-47  3.6218E-46   0.0000E+00  0.0000E+00   
1.00E+11  0.431  23.908  1.4239E+02  1.6066E+03   7.8290E-10  1.2889E-09   1.0873E-29  5.7001E-29   0.0000E+00  0.0000E+00   
1.00E+11  0.862  23.832  1.3245E+02  1.6107E+03   7.3969E-07  1.3064E-06   4.9801E-16  3.2329E-15   0.0000E+00  0.0000E+00   
1.00E+11  2.585  23.015  1.2083E+02  2.1262E+03   2.8386E-05  5.1157E-05   3.7146E-05  4.6557E-04   0.0000E+00  0.0000E+00   
