1.00E+04  0.001  0.523   0.0000E+00  0.0000E+00   0.0000E+00  0.0000E+00   0.0000E+00  0.0000E+00   6.1291E-05  8.1418E-05   
1.00E+04  0.009  0.516   0.0000E+00  0.0000E+00   0.0000E+00  0.0000E+00   1.3959E-60  4.2359E-60   6.1320E-05  8.1479E-05   
1.00E+04  0.017  0.498   5.4981E-199 2.8631E-200  1.1421E-229 2.7538E-231  1.4485E-33  4.4183E-33   6.1337E-05  8.1515E-05   
1.00E+04  0.034  0.444   2.2104E-103 2.3180E-104  8.2665E-121 6.4334E-122  1.5585E-19  4.8034E-19   6.1352E-05  8.1547E-05   
1.00E+04  0.060  0.337   3.0939E-62  5.7365E-63   1.9443E-73  2.5937E-74   4.2937E-13  1.3447E-12   6.1362E-05  8.1569E-05   
1.00E+04  0.086  0.209   1.0763E-45  2.8797E-46   2.2570E-54  3.1825E-55   2.7338E-10  8.7045E-10   6.1368E-05  8.1584E-05   
1.00E+04  0.129  0.047   1.7836E-32  7.2768E-33   1.5746E-39  2.2666E-40   3.7721E-08  1.2354E-07   6.1428E-05  8.1765E-05   
1.00E+04  0.172  0.014   2.0320E-25  1.1230E-25   4.1213E-32  5.9652E-33   2.6201E-07  8.8372E-07   6.2109E-05  8.3696E-05   
1.00E+04  0.259  0.004   4.3050E-18  3.6772E-18   1.0361E-24  1.5039E-25   2.1027E-06  7.5729E-06   7.0252E-05  1.0626E-04   
1.00E+04  0.431  0.001   6.4440E-12  9.6586E-12   7.7466E-19  1.1263E-19   2.1927E-05  9.2279E-05   1.4426E-04  3.2432E-04   
1.00E+04  0.862  0.000   9.9241E-07  3.2055E-06   1.2831E-14  1.8716E-15   8.3235E-04  5.0744E-03   1.8238E-03  6.7247E-03   
1.00E+04  2.585  0.000   4.1644E-02  4.4056E-01   1.3371E-12  1.9594E-13   2.9059E-01  4.2047E+00   1.6547E-02  7.1904E-02   
1.00E+05  0.001  0.565   0.0000E+00  0.0000E+00   0.0000E+00  0.0000E+00   0.0000E+00  0.0000E+00   6.0813E-05  8.0423E-05   
1.00E+05  0.009  0.563   0.0000E+00  0.0000E+00   0.0000E+00  0.0000E+00   6.1348E-63  1.8616E-62   6.0831E-05  8.0461E-05   
1.00E+05  0.017  0.558   1.7661E-197 9.1969E-199  1.1421E-229 2.7538E-231  4.5087E-35  1.3753E-34   6.0857E-05  8.0519E-05   
1.00E+05  0.034  0.537   3.2746E-102 3.4341E-103  8.2665E-121 6.4334E-122  1.0519E-20  3.2421E-20   6.0917E-05  8.0651E-05   
1.00E+05  0.060  0.485   3.6041E-61  6.6824E-62   1.9443E-73  2.5937E-74   3.6857E-14  1.1543E-13   6.0986E-05  8.0803E-05   
1.00E+05  0.086  0.413   1.1567E-44  3.0948E-45   2.2572E-54  3.1828E-55   2.5438E-11  8.0993E-11   6.1034E-05  8.0913E-05   
1.00E+05  0.129  0.265   9.6562E-32  3.9395E-32   1.5834E-39  2.2805E-40   6.9841E-09  2.2871E-08   6.1168E-05  8.1256E-05   
1.00E+05  0.172  0.128   3.9476E-25  2.1816E-25   4.1771E-32  6.0523E-33   1.3550E-07  4.5690E-07   6.1940E-05  8.3371E-05   
1.00E+05  0.259  0.035   4.8694E-18  4.1593E-18   1.0467E-24  1.5200E-25   1.8639E-06  6.7115E-06   7.0151E-05  1.0607E-04   
1.00E+05  0.431  0.009   6.5687E-12  9.8455E-12   7.7756E-19  1.1306E-19   2.1525E-05  9.0581E-05   1.4419E-04  3.2416E-04   
1.00E+05  0.862  0.002   9.9445E-07  3.2121E-06   1.2840E-14  1.8729E-15   8.3070E-04  5.0643E-03   1.8237E-03  6.7240E-03   
1.00E+05  2.585  0.000   4.1647E-02  4.4059E-01   1.3371E-12  1.9594E-13   2.9057E-01  4.2044E+00   1.6547E-02  7.1903E-02   
1.00E+06  0.001  0.726   0.0000E+00  0.0000E+00   0.0000E+00  0.0000E+00   0.0000E+00  0.0000E+00   5.7791E-05  7.4398E-05   
1.00E+06  0.009  0.725   0.0000E+00  0.0000E+00   0.0000E+00  0.0000E+00   4.0784E-71  1.2376E-70   5.7818E-05  7.4454E-05   
1.00E+06  0.017  0.724   2.6942E-193 1.4029E-194  1.1421E-229 2.7538E-231  2.9549E-39  9.0135E-39   5.7824E-05  7.4472E-05   
1.00E+06  0.034  0.718   6.1475E-100 6.4467E-101  8.2665E-121 6.4334E-122  5.6013E-23  1.7264E-22   5.7883E-05  7.4612E-05   
1.00E+06  0.060  0.700   1.2778E-59  2.3692E-60   1.9443E-73  2.5937E-74   1.0392E-15  3.2545E-15   5.8027E-05  7.4953E-05   
1.00E+06  0.086  0.672   2.3262E-43  6.2237E-44   2.2572E-54  3.1829E-55   1.2644E-12  4.0259E-12   5.8209E-05  7.5380E-05   
1.00E+06  0.129  0.604   1.3236E-30  5.4000E-31   1.5852E-39  2.2835E-40   5.0957E-10  1.6687E-09   5.8613E-05  7.6343E-05   
1.00E+06  0.172  0.512   3.6559E-24  2.0204E-24   4.2313E-32  6.1371E-33   1.4692E-08  4.9529E-08   5.9713E-05  7.9162E-05   
1.00E+06  0.259  0.299   1.3484E-17  1.1518E-17   1.1014E-24  1.6039E-25   6.8197E-07  2.4530E-06   6.8730E-05  1.0339E-04   
1.00E+06  0.431  0.091   7.9475E-12  1.1912E-11   8.0453E-19  1.1710E-19   1.7899E-05  7.5272E-05   1.4342E-04  3.2236E-04   
1.00E+06  0.862  0.020   1.0151E-06  3.2789E-06   1.2926E-14  1.8858E-15   8.1433E-04  4.9643E-03   1.8222E-03  6.7176E-03   
1.00E+06  2.585  0.002   4.1678E-02  4.4091E-01   1.3376E-12  1.9601E-13   2.9036E-01  4.2014E+00   1.6545E-02  7.1893E-02   
1.00E+07  0.001  1.223   0.0000E+00  0.0000E+00   0.0000E+00  0.0000E+00   0.0000E+00  0.0000E+00   4.0681E-05  4.4921E-05   
1.00E+07  0.009  1.222   0.0000E+00  0.0000E+00   0.0000E+00  0.0000E+00   3.5724E-96  1.0840E-95   4.0719E-05  4.4984E-05   
1.00E+07  0.017  1.222   9.2792E-181 4.8316E-182  1.1421E-229 2.7538E-231  8.5214E-52  2.5993E-51   4.0744E-05  4.5032E-05   
1.00E+07  0.034  1.219   1.2680E-93  1.3305E-94   8.2665E-121 6.4334E-122  2.7003E-29  8.3225E-29   4.0828E-05  4.5207E-05   
1.00E+07  0.060  1.212   6.1436E-56  1.1398E-56   1.9443E-73  2.5937E-74   2.1524E-19  6.7408E-19   4.1076E-05  4.5711E-05   
1.00E+07  0.086  1.200   1.0663E-40  2.8540E-41   2.2572E-54  3.1829E-55   2.7485E-15  8.7512E-15   4.1446E-05  4.6463E-05   
1.00E+07  0.129  1.173   1.0747E-28  4.3852E-29   1.5854E-39  2.2837E-40   6.2553E-12  2.0484E-11   4.2368E-05  4.8367E-05   
1.00E+07  0.172  1.133   1.3394E-22  7.4039E-23   4.2378E-32  6.1473E-33   3.9992E-10  1.3481E-09   4.4175E-05  5.2418E-05   
1.00E+07  0.259  1.021   2.2008E-16  1.8806E-16   1.1330E-24  1.6523E-25   4.1971E-08  1.5088E-07   5.4870E-05  7.8750E-05   
1.00E+07  0.431  0.698   3.2430E-11  4.8628E-11   9.1943E-19  1.3437E-19   4.4839E-06  1.8808E-05   1.3304E-04  2.9838E-04   
1.00E+07  0.862  0.196   1.2451E-06  4.0223E-06   1.3755E-14  2.0081E-15   6.6777E-04  4.0697E-03   1.8068E-03  6.6485E-03   
1.00E+07  2.585  0.021   4.1981E-02  4.4413E-01   1.3419E-12  1.9664E-13   2.8832E-01  4.1716E+00   1.6526E-02  7.1797E-02   
1.00E+08  0.001  2.447   0.0000E+00  0.0000E+00   0.0000E+00  0.0000E+00   0.0000E+00  0.0000E+00   1.9903E-06  6.9222E-07   
1.00E+08  0.009  2.447   2.2142E-292 5.7437E-294  0.0000E+00  0.0000E+00   6.9348E-158 2.1044E-157  2.0025E-06  6.9940E-07   
1.00E+08  0.017  2.446   6.6119E-150 3.4420E-151  1.1421E-229 2.7538E-231  1.1800E-82  3.5993E-82   2.0235E-06  7.1361E-07   
1.00E+08  0.034  2.445   3.5039E-78  3.6747E-79   8.2665E-121 6.4334E-122  9.6132E-45  2.9628E-44   2.0913E-06  7.6295E-07   
1.00E+08  0.060  2.442   4.3233E-47  8.0117E-48   1.9443E-73  2.5937E-74   2.9988E-28  9.3916E-28   2.2845E-06  9.0472E-07   
1.00E+08  0.086  2.437   1.7707E-34  4.7325E-35   2.2572E-54  3.1829E-55   1.6185E-21  5.1533E-21   2.5765E-06  1.1290E-06   
1.00E+08  0.129  2.424   1.6769E-24  6.8337E-25   1.5854E-39  2.2837E-40   3.9097E-16  1.2803E-15   3.3154E-06  1.8030E-06   
1.00E+08  0.172  2.406   2.1015E-19  1.1609E-19   4.2380E-32  6.1476E-33   2.4834E-13  8.3718E-13   4.7309E-06  3.6690E-06   
1.00E+08  0.259  2.355   3.7294E-14  3.1897E-14   1.1351E-24  1.6556E-25   2.4163E-10  8.6861E-10   1.2745E-05  1.8125E-05   
1.00E+08  0.431  2.192   1.0194E-09  1.5332E-09   9.6265E-19  1.4090E-19   1.4105E-07  5.9111E-07   7.3904E-05  1.6477E-04   
1.00E+08  0.862  1.493   5.5762E-06  1.8052E-05   1.7629E-14  2.5829E-15   1.5171E-04  9.2357E-04   1.6064E-03  5.7689E-03   
1.00E+08  2.585  0.209   4.5131E-02  4.7753E-01   1.3845E-12  2.0291E-13   2.6867E-01  3.8848E+00   1.6328E-02  7.0817E-02   
1.00E+09  0.001  5.181   0.0000E+00  0.0000E+00   0.0000E+00  0.0000E+00   0.0000E+00  0.0000E+00   0.0000E+00  0.0000E+00   
1.00E+09  0.009  5.180   4.4558E-155 1.1570E-156  0.0000E+00  0.0000E+00   1.1613E-295 3.5241E-295  4.4459E-68  7.3960E-69   
1.00E+09  0.017  5.180   1.8636E-81  9.7579E-83   1.1421E-229 2.7538E-231  1.5190E-151 4.6333E-151  1.8201E-37  3.1614E-38   
1.00E+09  0.034  5.180   4.1585E-44  4.5916E-45   8.2665E-121 6.4334E-122  3.3816E-79  1.0422E-78   4.1836E-22  8.3259E-23   
1.00E+09  0.060  5.178   1.1413E-27  2.3493E-28   1.9443E-73  2.5937E-74   5.9718E-48  1.8702E-47   2.0952E-15  5.3427E-16   
1.00E+09  0.086  5.176   6.9360E-21  2.0532E-21   2.2572E-54  3.1829E-55   2.5378E-35  8.0803E-35   1.2653E-12  4.0627E-13   
1.00E+09  0.129  5.170   1.9852E-15  8.8007E-16   1.5854E-39  2.2837E-40   2.3229E-25  7.6068E-25   2.4971E-10  1.1077E-10   
1.00E+09  0.172  5.161   1.3925E-12  8.2516E-13   4.2380E-32  6.1476E-33   2.8269E-20  9.5297E-20   4.4980E-09  2.6065E-09   
1.00E+09  0.259  5.138   1.4244E-09  1.2802E-09   1.1351E-24  1.6556E-25   5.1047E-15  1.8350E-14   1.2789E-07  1.1704E-07   
1.00E+09  0.431  5.062   6.7382E-07  1.0447E-06   9.6411E-19  1.4112E-19   1.8049E-10  7.5638E-10   6.1056E-06  1.0982E-05   
1.00E+09  0.862  4.708   2.1345E-04  7.0833E-04   1.9131E-14  2.8067E-15   3.6646E-06  2.2302E-05   6.2286E-04  1.9179E-03   
1.00E+09  2.585  1.972   8.8876E-02  9.4247E-01   1.7492E-12  2.5659E-13   1.3781E-01  1.9839E+00   1.4081E-02  5.9875E-02   
1.00E+10  0.001  11.119  4.7079E-03  8.2980E-03   0.0000E+00  0.0000E+00   0.0000E+00  0.0000E+00   0.0000E+00  0.0000E+00   
1.00E+10  0.009  11.118  4.7058E-03  8.2946E-03   0.0000E+00  0.0000E+00   0.0000E+00  0.0000E+00   0.0000E+00  0.0000E+00   
1.00E+10  0.017  11.118  4.7089E-03  8.2994E-03   1.1421E-229 2.7538E-231  3.5732E-301 1.0900E-300  3.5509E-183 2.0024E-184  
1.00E+10  0.034  11.118  4.7389E-03  8.3472E-03   8.2665E-121 6.4334E-122  5.1400E-154 1.5842E-153  5.1924E-95  5.7341E-96   
1.00E+10  0.060  11.117  4.8130E-03  8.4657E-03   1.9443E-73  2.5937E-74   1.0395E-90  3.2557E-90   6.9900E-57  1.3376E-57   
1.00E+10  0.086  11.116  4.9291E-03  8.6539E-03   2.2572E-54  3.1829E-55   2.9272E-65  9.3200E-65   1.8815E-41  5.2016E-42   
1.00E+10  0.129  11.113  5.2191E-03  9.1386E-03   1.5854E-39  2.2837E-40   2.4929E-45  8.1633E-45   2.9254E-29  1.2444E-29   
1.00E+10  0.172  11.109  5.6470E-03  9.9076E-03   4.2380E-32  6.1476E-33   2.9048E-35  9.7921E-35   4.9042E-23  2.7942E-23   
1.00E+10  0.259  11.098  7.1192E-03  1.3085E-02   1.1351E-24  1.6556E-25   4.9488E-25  1.7790E-24   1.2089E-16  1.0153E-16   
1.00E+10  0.431  11.063  1.4557E-02  3.5042E-02   9.6411E-19  1.4112E-19   1.6122E-16  6.7564E-16   2.7703E-11  3.6870E-11   
1.00E+10  0.862  10.898  8.3646E-02  3.5218E-01   1.9171E-14  2.8127E-15   2.7811E-09  1.6924E-08   6.0305E-07  1.4192E-06   
1.00E+10  2.585  9.163   1.3138E+00  1.4486E+01   2.3405E-12  3.4383E-13   8.6724E-03  1.2425E-01   2.0010E-03  8.2387E-03   
1.00E+11  0.001  23.934  6.7771E+01  6.6840E+02   0.0000E+00  0.0000E+00   0.0000E+00  0.0000E+00   0.0000E+00  0.0000E+00   
1.00E+11  0.009  23.934  6.7760E+01  6.6826E+02   0.0000E+00  0.0000E+00   0.0000E+00  0.0000E+00   0.0000E+00  0.0000E+00   
1.00E+11  0.017  23.933  6.7753E+01  6.6818E+02   1.1421E-229 2.7538E-231  0.0000E+00  0.0000E+00   0.0000E+00  0.0000E+00   
1.00E+11  0.034  23.934  6.7765E+01  6.6836E+02   8.2665E-121 6.4334E-122  2.0665E-316 6.2618E-316  0.0000E+00  0.0000E+00   
1.00E+11  0.060  23.933  6.7778E+01  6.6861E+02   1.9443E-73  2.5937E-74   5.5670E-183 1.7435E-182  0.0000E+00  0.0000E+00   
1.00E+11  0.086  23.933  6.7801E+01  6.6901E+02   2.2572E-54  3.1829E-55   7.4742E-130 2.3798E-129  0.0000E+00  0.0000E+00   
1.00E+11  0.129  23.931  6.7855E+01  6.7000E+02   1.5854E-39  2.2837E-40   2.1371E-88  6.9983E-88   0.0000E+00  0.0000E+00   
1.00E+11  0.172  23.930  6.7931E+01  6.7138E+02   4.2380E-32  6.1476E-33   1.4380E-67  4.8476E-67   0.0000E+00  0.0000E+00   
1.00E+11  0.259  23.924  6.8138E+01  6.7542E+02   1.1351E-24  1.6556E-25   1.4051E-46  5.0509E-46   0.0000E+00  0.0000E+00   
1.00E+11  0.431  23.908  6.8745E+01  6.8959E+02   9.6411E-19  1.4112E-19   1.8211E-29  7.6318E-29   0.0000E+00  0.0000E+00   
1.00E+11  0.862  23.832  7.1111E+01  7.6668E+02   1.9171E-14  2.8127E-15   8.4358E-16  5.1337E-15   0.0000E+00  0.0000E+00   
1.00E+11  2.585  23.015  8.2656E+01  1.3038E+03   2.3937E-12  3.5169E-13   4.0877E-05  5.8544E-04   0.0000E+00  0.0000E+00   
