rhoYe is density times electron fraction [g/cm^3], T is temperature [MeV], mu_e is electron chemical potential [MeV]
e-(+) cap is electron (positron) capture, e-(+) dec is electron (positron) decay
For each process, first column is neutrino production [neutrinos/baryon second] and second column is energy loss [MeV/baryon second].
rhoYe     T      mu_e    e- cap                   e+ dec                   e+ cap                   e- dec                   
1.00E+01  0.001  0.509   2.4486E-07  1.5545E-06   1.0474E-01  4.2465E-01   0.0000E+00  0.0000E+00   0.0000E+00  0.0000E+00   
1.00E+01  0.009  0.453   4.6800E-08  2.9739E-07   1.0474E-01  4.2465E-01   0.0000E+00  0.0000E+00   0.0000E+00  0.0000E+00   
1.00E+01  0.017  0.377   3.3390E-08  2.1244E-07   1.0474E-01  4.2465E-01   0.0000E+00  0.0000E+00   0.0000E+00  0.0000E+00   
1.00E+01  0.034  0.205   2.5509E-08  1.6274E-07   1.0474E-01  4.2465E-01   8.3177E-234 8.6486E-235  0.0000E+00  0.0000E+00   
1.00E+01  0.060  0.008   9.2809E-08  5.9498E-07   1.0474E-01  4.2465E-01   3.6352E-134 6.6415E-135  0.0000E+00  0.0000E+00   
1.00E+01  0.086  0.000   1.7587E-06  1.1338E-05   1.0474E-01  4.2469E-01   4.3503E-95  1.1400E-95   0.0000E+00  0.0000E+00   
1.00E+01  0.129  0.000   2.4366E-05  1.5879E-04   1.0483E-01  4.2533E-01   1.4576E-64  5.7668E-65   0.0000E+00  0.0000E+00   
1.00E+01  0.172  0.000   1.0927E-04  7.2122E-04   1.0509E-01  4.2736E-01   3.4559E-49  1.8349E-49   0.0000E+00  0.0000E+00   
1.00E+01  0.259  0.000   6.5625E-04  4.4624E-03   1.0606E-01  4.3498E-01   1.1740E-33  9.4672E-34   0.0000E+00  0.0000E+00   
1.00E+01  0.431  0.000   4.7373E-03  3.4564E-02   1.0785E-01  4.5154E-01   5.5015E-21  7.5670E-21   0.0000E+00  0.0000E+00   
1.00E+01  0.862  0.000   6.0307E-02  5.4108E-01   1.2108E-01  5.6485E-01   4.7542E-11  1.3710E-10   0.0000E+00  0.0000E+00   
1.00E+01  2.585  0.000   2.5236E+00  4.7706E+01   4.0026E-01  2.8319E+00   1.6650E-03  1.5921E-02   0.0000E+00  0.0000E+00   
1.00E+01  0.001  0.509   2.4486E-07  1.5545E-06   1.0474E-01  4.2465E-01   0.0000E+00  0.0000E+00   0.0000E+00  0.0000E+00   
1.00E+01  0.009  0.453   4.6800E-08  2.9739E-07   1.0474E-01  4.2465E-01   0.0000E+00  0.0000E+00   0.0000E+00  0.0000E+00   
1.00E+01  0.017  0.377   3.3390E-08  2.1244E-07   1.0474E-01  4.2465E-01   0.0000E+00  0.0000E+00   0.0000E+00  0.0000E+00   
1.00E+01  0.034  0.205   2.5509E-08  1.6274E-07   1.0474E-01  4.2465E-01   8.3177E-234 8.6486E-235  0.0000E+00  0.0000E+00   
1.00E+01  0.060  0.008   9.2809E-08  5.9498E-07   1.0474E-01  4.2465E-01   3.6352E-134 6.6415E-135  0.0000E+00  0.0000E+00   
1.00E+01  0.086  0.000   1.7587E-06  1.1338E-05   1.0474E-01  4.2469E-01   4.3503E-95  1.1400E-95   0.0000E+00  0.0000E+00   
1.00E+01  0.129  0.000   2.4366E-05  1.5879E-04   1.0483E-01  4.2533E-01   1.4576E-64  5.7668E-65   0.0000E+00  0.0000E+00   
1.00E+01  0.172  0.000   1.0927E-04  7.2122E-04   1.0509E-01  4.2736E-01   3.4559E-49  1.8349E-49   0.0000E+00  0.0000E+00   
1.00E+01  0.259  0.000   6.5625E-04  4.4624E-03   1.0606E-01  4.3498E-01   1.1740E-33  9.4672E-34   0.0000E+00  0.0000E+00   
1.00E+01  0.431  0.000   4.7373E-03  3.4564E-02   1.0785E-01  4.5154E-01   5.5015E-21  7.5670E-21   0.0000E+00  0.0000E+00   
1.00E+01  0.862  0.000   6.0307E-02  5.4108E-01   1.2108E-01  5.6485E-01   4.7542E-11  1.3710E-10   0.0000E+00  0.0000E+00   
1.00E+01  2.585  0.000   2.5236E+00  4.7706E+01   4.0026E-01  2.8319E+00   1.6650E-03  1.5921E-02   0.0000E+00  0.0000E+00   
1.00E+02  0.001  0.511   2.4946E-06  1.5837E-05   1.0474E-01  4.2465E-01   0.0000E+00  0.0000E+00   0.0000E+00  0.0000E+00   
1.00E+02  0.009  0.473   4.6752E-07  2.9709E-06   1.0474E-01  4.2465E-01   0.0000E+00  0.0000E+00   0.0000E+00  0.0000E+00   
1.00E+02  0.017  0.416   3.3374E-07  2.1233E-06   1.0474E-01  4.2465E-01   0.0000E+00  0.0000E+00   0.0000E+00  0.0000E+00   
1.00E+02  0.034  0.284   2.5505E-07  1.6272E-06   1.0474E-01  4.2465E-01   8.3143E-235 8.6451E-236  0.0000E+00  0.0000E+00   
1.00E+02  0.060  0.065   2.4026E-07  1.5403E-06   1.0474E-01  4.2465E-01   1.4040E-134 2.5651E-135  0.0000E+00  0.0000E+00   
1.00E+02  0.086  0.005   1.8486E-06  1.1918E-05   1.0474E-01  4.2469E-01   4.1384E-95  1.0845E-95   0.0000E+00  0.0000E+00   
1.00E+02  0.129  0.000   2.4447E-05  1.5932E-04   1.0483E-01  4.2533E-01   1.4527E-64  5.7476E-65   0.0000E+00  0.0000E+00   
1.00E+02  0.172  0.000   1.0935E-04  7.2174E-04   1.0509E-01  4.2736E-01   3.4534E-49  1.8335E-49   0.0000E+00  0.0000E+00   
1.00E+02  0.259  0.000   6.5633E-04  4.4630E-03   1.0606E-01  4.3498E-01   1.1739E-33  9.4660E-34   0.0000E+00  0.0000E+00   
1.00E+02  0.431  0.000   4.7373E-03  3.4565E-02   1.0785E-01  4.5154E-01   5.5014E-21  7.5669E-21   0.0000E+00  0.0000E+00   
1.00E+02  0.862  0.000   6.0307E-02  5.4109E-01   1.2108E-01  5.6485E-01   4.7542E-11  1.3710E-10   0.0000E+00  0.0000E+00   
1.00E+02  2.585  0.000   2.5236E+00  4.7706E+01   4.0026E-01  2.8319E+00   1.6650E-03  1.5921E-02   0.0000E+00  0.0000E+00   
1.00E+01  0.001  0.509   2.4486E-07  1.5545E-06   1.0474E-01  4.2465E-01   0.0000E+00  0.0000E+00   0.0000E+00  0.0000E+00   
1.00E+01  0.009  0.453   4.6800E-08  2.9739E-07   1.0474E-01  4.2465E-01   0.0000E+00  0.0000E+00   0.0000E+00  0.0000E+00   
1.00E+01  0.017  0.377   3.3390E-08  2.1244E-07   1.0474E-01  4.2465E-01   0.0000E+00  0.0000E+00   0.0000E+00  0.0000E+00   
1.00E+01  0.034  0.205   2.5509E-08  1.6274E-07   1.0474E-01  4.2465E-01   8.3177E-234 8.6486E-235  0.0000E+00  0.0000E+00   
1.00E+01  0.060  0.008   9.2809E-08  5.9498E-07   1.0474E-01  4.2465E-01   3.6352E-134 6.6415E-135  0.0000E+00  0.0000E+00   
1.00E+01  0.086  0.000   1.7587E-06  1.1338E-05   1.0474E-01  4.2469E-01   4.3503E-95  1.1400E-95   0.0000E+00  0.0000E+00   
1.00E+01  0.129  0.000   2.4366E-05  1.5879E-04   1.0483E-01  4.2533E-01   1.4576E-64  5.7668E-65   0.0000E+00  0.0000E+00   
1.00E+01  0.172  0.000   1.0927E-04  7.2122E-04   1.0509E-01  4.2736E-01   3.4559E-49  1.8349E-49   0.0000E+00  0.0000E+00   
1.00E+01  0.259  0.000   6.5625E-04  4.4624E-03   1.0606E-01  4.3498E-01   1.1740E-33  9.4672E-34   0.0000E+00  0.0000E+00   
1.00E+01  0.431  0.000   4.7373E-03  3.4564E-02   1.0785E-01  4.5154E-01   5.5015E-21  7.5670E-21   0.0000E+00  0.0000E+00   
1.00E+01  0.862  0.000   6.0307E-02  5.4108E-01   1.2108E-01  5.6485E-01   4.7542E-11  1.3710E-10   0.0000E+00  0.0000E+00   
1.00E+01  2.585  0.000   2.5236E+00  4.7706E+01   4.0026E-01  2.8319E+00   1.6650E-03  1.5921E-02   0.0000E+00  0.0000E+00   
1.00E+02  0.001  0.511   2.4946E-06  1.5837E-05   1.0474E-01  4.2465E-01   0.0000E+00  0.0000E+00   0.0000E+00  0.0000E+00   
1.00E+02  0.009  0.473   4.6752E-07  2.9709E-06   1.0474E-01  4.2465E-01   0.0000E+00  0.0000E+00   0.0000E+00  0.0000E+00   
1.00E+02  0.017  0.416   3.3374E-07  2.1233E-06   1.0474E-01  4.2465E-01   0.0000E+00  0.0000E+00   0.0000E+00  0.0000E+00   
1.00E+02  0.034  0.284   2.5505E-07  1.6272E-06   1.0474E-01  4.2465E-01   8.3143E-235 8.6451E-236  0.0000E+00  0.0000E+00   
1.00E+02  0.060  0.065   2.4026E-07  1.5403E-06   1.0474E-01  4.2465E-01   1.4040E-134 2.5651E-135  0.0000E+00  0.0000E+00   
1.00E+02  0.086  0.005   1.8486E-06  1.1918E-05   1.0474E-01  4.2469E-01   4.1384E-95  1.0845E-95   0.0000E+00  0.0000E+00   
1.00E+02  0.129  0.000   2.4447E-05  1.5932E-04   1.0483E-01  4.2533E-01   1.4527E-64  5.7476E-65   0.0000E+00  0.0000E+00   
1.00E+02  0.172  0.000   1.0935E-04  7.2174E-04   1.0509E-01  4.2736E-01   3.4534E-49  1.8335E-49   0.0000E+00  0.0000E+00   
1.00E+02  0.259  0.000   6.5633E-04  4.4630E-03   1.0606E-01  4.3498E-01   1.1739E-33  9.4660E-34   0.0000E+00  0.0000E+00   
1.00E+02  0.431  0.000   4.7373E-03  3.4565E-02   1.0785E-01  4.5154E-01   5.5014E-21  7.5669E-21   0.0000E+00  0.0000E+00   
1.00E+02  0.862  0.000   6.0307E-02  5.4109E-01   1.2108E-01  5.6485E-01   4.7542E-11  1.3710E-10   0.0000E+00  0.0000E+00   
1.00E+02  2.585  0.000   2.5236E+00  4.7706E+01   4.0026E-01  2.8319E+00   1.6650E-03  1.5921E-02   0.0000E+00  0.0000E+00   
1.00E+03  0.001  0.513   9.4075E-06  5.9728E-05   1.0474E-01  4.2465E-01   0.0000E+00  0.0000E+00   0.0000E+00  0.0000E+00   
1.00E+03  0.009  0.493   4.6292E-06  2.9417E-05 1.00E+01  0.001  0.509   2.4486E-07  1.5545E-06   1.0474E-01  4.2465E-01   0.0000E+00  0.0000E+00   0.0000E+00  0.0000E+00   
1.00E+01  0.009  0.453   4.6800E-08  2.9739E-07   1.0474E-01  4.2465E-01   0.0000E+00  0.0000E+00   0.0000E+00  0.0000E+00   
1.00E+01  0.017  0.377   3.3390E-08  2.1244E-07   1.0474E-01  4.2465E-01   0.0000E+00  0.0000E+00   0.0000E+00  0.0000E+00   
1.00E+01  0.034  0.205   2.5509E-08  1.6274E-07   1.0474E-01  4.2465E-01   8.3177E-234 8.6486E-235  0.0000E+00  0.0000E+00   
1.00E+01  0.060  0.008   9.2809E-08  5.9498E-07   1.0474E-01  4.2465E-01   3.6352E-134 6.6415E-135  0.0000E+00  0.0000E+00   
1.00E+01  0.086  0.000   1.7587E-06  1.1338E-05   1.0474E-01  4.2469E-01   4.3503E-95  1.1400E-95   0.0000E+00  0.0000E+00   
1.00E+01  0.129  0.000   2.4366E-05  1.5879E-04   1.0483E-01  4.2533E-01   1.4576E-64  5.7668E-65   0.0000E+00  0.0000E+00   
1.00E+01  0.172  0.000   1.0927E-04  7.2122E-04   1.0509E-01  4.2736E-01   3.4559E-49  1.8349E-49   0.0000E+00  0.0000E+00   
1.00E+01  0.259  0.000   6.5625E-04  4.4624E-03   1.0606E-01  4.3498E-01   1.1740E-33  9.4672E-34   0.0000E+00  0.0000E+00   
1.00E+01  0.431  0.000   4.7373E-03  3.4564E-02   1.0785E-01  4.5154E-01   5.5015E-21  7.5670E-21   0.0000E+00  0.0000E+00   
1.00E+01  0.862  0.000   6.0307E-02  5.4108E-01   1.2108E-01  5.6485E-01   4.7542E-11  1.3710E-10   0.0000E+00  0.0000E+00   
1.00E+01  2.585  0.000   2.5236E+00  4.7706E+01   4.0026E-01  2.8319E+00   1.6650E-03  1.5921E-02   0.0000E+00  0.0000E+00   
1.00E+02  0.001  0.511   2.4946E-06  1.5837E-05   1.0474E-01  4.2465E-01   0.0000E+00  0.0000E+00   0.0000E+00  0.0000E+00   
1.00E+02  0.009  0.473   4.6752E-07  2.9709E-06   1.0474E-01  4.2465E-01   0.0000E+00  0.0000E+00   0.0000E+00  0.0000E+00   
1.00E+02  0.017  0.416   3.3374E-07  2.1233E-06   1.0474E-01  4.2465E-01   0.0000E+00  0.0000E+00   0.0000E+00  0.0000E+00   
1.00E+02  0.034  0.284   2.5505E-07  1.6272E-06   1.0474E-01  4.2465E-01   8.3143E-235 8.6451E-236  0.0000E+00  0.0000E+00   
1.00E+02  0.060  0.065   2.4026E-07  1.5403E-06   1.0474E-01  4.2465E-01   1.4040E-134 2.5651E-135  0.0000E+00  0.0000E+00   
1.00E+02  0.086  0.005   1.8486E-06  1.1918E-05   1.0474E-01  4.2469E-01   4.1384E-95  1.0845E-95   0.0000E+00  0.0000E+00   
1.00E+02  0.129  0.000   2.4447E-05  1.5932E-04   1.0483E-01  4.2533E-01   1.4527E-64  5.7476E-65   0.0000E+00  0.0000E+00   
1.00E+02  0.172  0.000   1.0935E-04  7.2174E-04   1.0509E-01  4.2736E-01   3.4534E-49  1.8335E-49   0.0000E+00  0.0000E+00   
1.00E+02  0.259  0.000   6.5633E-04  4.4630E-03   1.0606E-01  4.3498E-01   1.1739E-33  9.4660E-34   0.0000E+00  0.0000E+00   
1.00E+02  0.431  0.000   4.7373E-03  3.4565E-02   1.0785E-01  4.5154E-01   5.5014E-21  7.5669E-21   0.0000E+00  0.0000E+00   
1.00E+02  0.862  0.000   6.0307E-02  5.4109E-01   1.2108E-01  5.6485E-01   4.7542E-11  1.3710E-10   0.0000E+00  0.0000E+00   
1.00E+02  2.585  0.000   2.5236E+00  4.7706E+01   4.0026E-01  2.8319E+00   1.6650E-03  1.5921E-02   0.0000E+00  0.0000E+00   
1.00E+03  0.001  0.513   9.4075E-06  5.9728E-05   1.0474E-01  4.2465E-01   0.0000E+00  0.0000E+00   0.0000E+00  0.0000E+00   
1.00E+03  0.009  0.493   4.6292E-06  2.9417E-05   1.0474E-01  4.2465E-01   0.0000E+00  0.0000E+00   0.0000E+00  0.0000E+00   
1.00E+03  0.009  0.493   4.6292E-06  2.9417E-05 1.00E+01  0.001  0.509   2.4486E-07  1.5545E-06   1.0474E-01  4.2465E-01   0.0000E+00  0.0000E+00   0.0000E+00  0.0000E+00   
1.00E+03  0.017  0.456   3.3209E-06  2.1129E-05   1.0474E-01  4.2465E-01   0.0000E+00  0.0000E+00   0.0000E+00  0.0000E+00   
1.00E+03  0.034  0.364   2.5473E-06  1.6251E-05   1.0474E-01  4.2465E-01   8.2799E-236 8.6093E-237  0.0000E+00  0.0000E+00   
1.00E+03  0.060  0.197   2.1286E-06  1.3646E-05   1.0474E-01  4.2465E-01   1.5817E-135 2.8897E-136  0.0000E+00  0.0000E+00   
1.00E+03  0.086  0.046   2.9693E-06  1.9142E-05   1.0474E-01  4.2469E-01   2.5748E-95  6.7472E-96   0.0000E+00  0.0000E+00   
1.00E+03  0.129  0.005   2.5272E-05  1.6470E-04   1.0483E-01  4.2533E-01   1.4050E-64  5.5588E-65   0.0000E+00  0.0000E+00   
1.00E+03  0.172  0.001   1.1014E-04  7.2694E-04   1.0509E-01  4.2737E-01   3.4283E-49  1.8202E-49   0.0000E+00  0.0000E+00   
1.00E+03  0.259  0.000   6.5712E-04  4.4683E-03   1.0606E-01  4.3498E-01   1.1724E-33  9.4543E-34   0.0000E+00  0.0000E+00   
1.00E+03  0.431  0.000   4.7382E-03  3.4571E-02   1.0785E-01  4.5154E-01   5.5003E-21  7.5654E-21   0.0000E+00  0.0000E+00   
1.00E+03  0.862  0.000   6.0308E-02  5.4110E-01   1.2108E-01  5.6486E-01   4.7541E-11  1.3709E-10   0.0000E+00  0.0000E+00   
1.00E+03  2.585  0.000   2.5236E+00  4.7706E+01   4.0026E-01  2.8319E+00   1.6650E-03  1.5921E-02   0.0000E+00  0.0000E+00   
1.00E+04  0.001  0.523   5.2759E-05  3.3515E-04   1.0474E-01  4.2465E-01   0.0000E+00  0.0000E+00   0.0000E+00  0.0000E+00   
1.00E+04  0.009  0.516   3.9409E-05  2.5051E-04   1.0474E-01  4.2465E-01   0.0000E+00  0.0000E+00   0.0000E+00  0.0000E+00   
1.00E+04  0.017  0.498   3.1692E-05  2.0167E-04   1.0474E-01  4.2465E-01   0.0000E+00  0.0000E+00   0.0000E+00  0.0000E+00   
1.00E+04  0.034  0.444   2.5161E-05  1.6055E-04   1.0474E-01  4.2465E-01   7.9445E-237 8.2606E-238  0.0000E+00  0.0000E+00   
1.00E+04  0.060  0.337   2.1170E-05  1.3573E-04   1.0474E-01  4.2465E-01   1.5594E-136 2.8490E-137  0.0000E+00  0.0000E+00   
1.00E+04  0.086  0.209   1.9519E-05  1.2585E-04   1.0474E-01  4.2469E-01   3.8803E-96  1.0168E-96   0.0000E+00  0.0000E+00   
1.00E+04  0.129  0.047   3.4938E-05  2.2770E-04   1.0483E-01  4.2533E-01   1.0137E-64  4.0107E-65   0.0000E+00  0.0000E+00   
1.00E+04  0.172  0.014   1.1832E-04  7.8094E-04   1.0509E-01  4.2737E-01   3.1876E-49  1.6924E-49   0.0000E+00  0.0000E+00   
1.00E+04  0.259  0.004   6.6502E-04  4.5221E-03   1.0606E-01  4.3498E-01   1.1580E-33  9.3382E-34   0.0000E+00  0.0000E+00   
1.00E+04  0.431  0.001   4.7468E-03  3.4634E-02   1.0785E-01  4.5155E-01   5.4898E-21  7.5509E-21   0.0000E+00  0.0000E+00   
1.00E+04  0.862  0.000   6.0320E-02  5.4120E-01   1.2108E-01  5.6486E-01   4.7531E-11  1.3706E-10   0.0000E+00  0.0000E+00   
1.00E+04  2.585  0.000   2.5236E+00  4.7707E+01   4.0026E-01  2.8319E+00   1.6649E-03  1.5920E-02   0.0000E+00  0.0000E+00   
1.00E+05  0.001  0.565   2.7147E-04  1.7290E-03   1.0474E-01  4.2465E-01   0.0000E+00  0.0000E+00   0.0000E+00  0.0000E+00   
1.00E+05  0.009  0.563   2.6389E-04  1.6811E-03   1.0474E-01  4.2465E-01   0.0000E+00  0.0000E+00   0.0000E+00  0.0000E+00   
1.00E+05  0.017  0.558   2.5298E-04  1.6128E-03   1.0474E-01  4.2465E-01   0.0000E+00  0.0000E+00   0.0000E+00  0.0000E+00   
1.00E+05  0.034  0.537   2.2888E-04  1.4624E-03   1.0474E-01  4.2465E-01   5.3622E-238 5.5755E-239  0.0000E+00  0.0000E+00   
1.00E+05  0.060  0.485   2.0443E-04  1.3121E-03   1.0474E-01  4.2465E-01   1.3386E-137 2.4456E-138  0.0000E+00  0.0000E+00   
1.00E+05  0.086  0.413   1.9059E-04  1.2299E-03   1.0474E-01  4.2469E-01   3.6103E-97  9.4607E-98   0.0000E+00  0.0000E+00   
1.00E+05  0.129  0.265   1.8205E-04  1.1872E-03   1.0483E-01  4.2535E-01   1.8724E-65  7.4081E-66   0.0000E+00  0.0000E+00   
1.00E+05  0.172  0.128   2.2642E-04  1.4949E-03   1.0510E-01  4.2742E-01   1.6407E-49  8.7113E-50   0.0000E+00  0.0000E+00   
1.00E+05  0.259  0.035   7.4898E-04  5.0939E-03   1.0607E-01  4.3505E-01   1.0238E-33  8.2557E-34   0.0000E+00  0.0000E+00   
1.00E+05  0.431  0.009   4.8340E-03  3.5273E-02   1.0786E-01  4.5161E-01   5.3855E-21  7.4075E-21   0.0000E+00  0.0000E+00   
1.00E+05  0.862  0.002   6.0437E-02  5.4226E-01   1.2109E-01  5.6489E-01   4.7433E-11  1.3678E-10   0.0000E+00  0.0000E+00   
1.00E+05  2.585  0.000   2.5238E+00  4.7710E+01   4.0026E-01  2.8319E+00   1.6648E-03  1.5919E-02   0.0000E+00  0.0000E+00   
1.00E+06  0.001  0.726   1.8120E-03  1.1673E-02   1.0474E-01  4.2465E-01   0.0000E+00  0.0000E+00   0.0000E+00  0.0000E+00   
1.00E+06  0.009  0.725   1.7990E-03  1.1590E-02   1.0474E-01  4.2465E-01   0.0000E+00  0.0000E+00   0.0000E+00  0.0000E+00   
1.00E+06  0.017  0.724   1.8024E-03  1.1616E-02   1.0474E-01  4.2465E-01   0.0000E+00  0.0000E+00   0.0000E+00  0.0000E+00   
1.00E+06  0.034  0.718   1.7952E-03  1.1583E-02   1.0474E-01  4.2465E-01   2.8553E-240 2.9688E-241  0.0000E+00  0.0000E+00   
1.00E+06  0.060  0.700   1.7769E-03  1.1500E-02   1.0474E-01  4.2465E-01   3.7741E-139 6.8952E-140  0.0000E+00  0.0000E+00   
1.00E+06  0.086  0.672   1.7553E-03  1.1407E-02   1.0474E-01  4.2469E-01   1.7946E-98  4.7026E-99   0.0000E+00  0.0000E+00   
1.00E+06  0.129  0.604   1.7282E-03  1.1333E-02   1.0483E-01  4.2535E-01   1.3654E-66  5.4024E-67   0.0000E+00  0.0000E+00   
1.00E+06  0.172  0.512   1.7235E-03  1.1429E-02   1.0511E-01  4.2746E-01   1.7710E-50  9.4031E-51   0.0000E+00  0.0000E+00   
1.00E+06  0.259  0.299   1.9539E-03  1.3320E-02   1.0613E-01  4.3536E-01   3.6963E-34  2.9806E-34   0.0000E+00  0.0000E+00   
1.00E+06  0.431  0.091   5.7870E-03  4.2260E-02   1.0796E-01  4.5211E-01   4.4507E-21  6.1217E-21   0.0000E+00  0.0000E+00   
1.00E+06  0.862  0.020   6.1621E-02  5.5299E-01   1.2116E-01  5.6523E-01   4.6467E-11  1.3400E-10   0.0000E+00  0.0000E+00   
1.00E+06  2.585  0.002   2.5255E+00  4.7743E+01   4.0029E-01  2.8321E+00   1.6636E-03  1.5908E-02   0.0000E+00  0.0000E+00   
1.00E+07  0.001  1.223   1.6608E-02  1.1134E-01   1.0474E-01  4.2465E-01   0.0000E+00  0.0000E+00   0.0000E+00  0.0000E+00   
1.00E+07  0.009  1.222   1.6572E-02  1.1111E-01   1.0474E-01  4.2465E-01   0.0000E+00  0.0000E+00   0.0000E+00  0.0000E+00   
1.00E+07  0.017  1.222   1.6575E-02  1.1114E-01   1.0474E-01  4.2465E-01   0.0000E+00  0.0000E+00   0.0000E+00  0.0000E+00   
1.00E+07  0.034  1.219   1.6602E-02  1.1139E-01   1.0474E-01  4.2465E-01   1.3765E-246 1.4312E-247  0.0000E+00  0.0000E+00   
1.00E+07  0.060  1.212   1.6650E-02  1.1187E-01   1.0474E-01  4.2465E-01   7.8169E-143 1.4281E-143  0.0000E+00  0.0000E+00   
1.00E+07  0.086  1.200   1.6724E-02  1.1263E-01   1.0474E-01  4.2469E-01   3.9009E-101 1.0222E-101  0.0000E+00  0.0000E+00   
1.00E+07  0.129  1.173   1.6897E-02  1.1443E-01   1.0483E-01  4.2535E-01   1.6761E-68  6.6315E-69   0.0000E+00  0.0000E+00   
1.00E+07  0.172  1.133   1.7124E-02  1.1686E-01   1.0511E-01  4.2746E-01   4.8181E-52  2.5581E-52   0.0000E+00  0.0000E+00   
1.00E+07  0.259  1.021   1.7733E-02  1.2357E-01   1.0616E-01  4.3553E-01   2.2582E-35  1.8210E-35   0.0000E+00  0.0000E+00   
1.00E+07  0.431  0.698   2.0418E-02  1.5069E-01   1.0833E-01  4.5404E-01   1.0889E-21  1.4978E-21   0.0000E+00  0.0000E+00   
1.00E+07  0.862  0.196   7.4650E-02  6.7122E-01   1.2175E-01  5.6828E-01   3.7870E-11  1.0921E-10   0.0000E+00  0.0000E+00   
1.00E+07  2.585  0.021   2.5430E+00  4.8079E+01   4.0053E-01  2.8342E+00   1.6516E-03  1.5792E-02   0.0000E+00  0.0000E+00   
1.00E+08  0.001  2.447   2.0465E-01  1.5244E+00   1.0474E-01  4.2465E-01   0.0000E+00  0.0000E+00   0.0000E+00  0.0000E+00   
1.00E+08  0.009  2.447   2.0449E-01  1.5232E+00   1.0474E-01  4.2465E-01   0.0000E+00  0.0000E+00   0.0000E+00  0.0000E+00   
1.00E+08  0.017  2.446   2.0443E-01  1.5229E+00   1.0474E-01  4.2465E-01   0.0000E+00  0.0000E+00   0.0000E+00  0.0000E+00   
1.00E+08  0.034  2.445   2.0463E-01  1.5248E+00   1.0474E-01  4.2465E-01   4.9003E-262 5.0952E-263  0.0000E+00  0.0000E+00   
1.00E+08  0.060  2.442   2.0494E-01  1.5283E+00   1.0474E-01  4.2465E-01   1.0891E-151 1.9898E-152  0.0000E+00  0.0000E+00   
1.00E+08  0.086  2.437   2.0543E-01  1.5337E+00   1.0474E-01  4.2469E-01   2.2971E-107 6.0195E-108  0.0000E+00  0.0000E+00   
1.00E+08  0.129  2.424   2.0660E-01  1.5471E+00   1.0483E-01  4.2535E-01   1.0476E-72  4.1448E-73   0.0000E+00  0.0000E+00   
1.00E+08  0.172  2.406   2.0819E-01  1.5657E+00   1.0511E-01  4.2746E-01   2.9920E-55  1.5885E-55   0.0000E+00  0.0000E+00   
1.00E+08  0.259  2.355   2.1247E-01  1.6180E+00   1.0616E-01  4.3555E-01   1.2995E-37  1.0479E-37   0.0000E+00  0.0000E+00   
1.00E+08  0.431  2.192   2.2494E-01  1.7788E+00   1.0846E-01  4.5469E-01   3.3983E-23  4.6742E-23   0.0000E+00  0.0000E+00   
1.00E+08  0.862  1.493   2.8359E-01  2.6142E+00   1.2401E-01  5.7990E-01   8.4056E-12  2.4239E-11   0.0000E+00  0.0000E+00   
1.00E+08  2.585  0.209   2.7247E+00  5.1563E+01   4.0293E-01  2.8542E+00   1.5358E-03  1.4685E-02   0.0000E+00  0.0000E+00   
1.00E+09  0.001  5.181   3.4129E+00  3.1860E+01   1.0474E-01  4.2465E-01   0.0000E+00  0.0000E+00   0.0000E+00  0.0000E+00   
1.00E+09  0.009  5.180   3.4115E+00  3.1846E+01   1.0474E-01  4.2465E-01   0.0000E+00  0.0000E+00   0.0000E+00  0.0000E+00   
1.00E+09  0.017  5.180   3.4108E+00  3.1839E+01   1.0474E-01  4.2465E-01   0.0000E+00  0.0000E+00   0.0000E+00  0.0000E+00   
1.00E+09  0.034  5.180   3.4123E+00  3.1858E+01   1.0474E-01  4.2465E-01   1.7237E-296 1.7923E-297  0.0000E+00  0.0000E+00   
1.00E+09  0.060  5.178   3.4143E+00  3.1888E+01   1.0474E-01  4.2465E-01   2.1688E-171 3.9624E-172  0.0000E+00  0.0000E+00   
1.00E+09  0.086  5.176   3.4175E+00  3.1936E+01   1.0474E-01  4.2469E-01   3.6018E-121 9.4384E-122  0.0000E+00  0.0000E+00   
1.00E+09  0.129  5.170   3.4247E+00  3.2050E+01   1.0483E-01  4.2535E-01   6.2243E-82  2.4626E-82   0.0000E+00  0.0000E+00   
1.00E+09  0.172  5.161   3.4338E+00  3.2205E+01   1.0511E-01  4.2746E-01   3.4058E-62  1.8083E-62   0.0000E+00  0.0000E+00   
1.00E+09  0.259  5.138   3.4560E+00  3.2625E+01   1.0616E-01  4.3555E-01   2.7452E-42  2.2137E-42   0.0000E+00  0.0000E+00   
1.00E+09  0.431  5.062   3.5156E+00  3.3881E+01   1.0846E-01  4.5471E-01   4.3475E-26  5.9797E-26   0.0000E+00  0.0000E+00   
1.00E+09  0.862  4.708   3.7287E+00  3.9416E+01   1.2471E-01  5.8353E-01   2.0159E-13  5.8133E-13   0.0000E+00  0.0000E+00   
1.00E+09  2.585  1.972   5.1499E+00  9.8575E+01   4.2020E-01  2.9990E+00   7.7650E-04  7.4243E-03   0.0000E+00  0.0000E+00   
1.00E+10  0.001  11.119  7.8626E+01  1.0904E+03   1.0474E-01  4.2465E-01   0.0000E+00  0.0000E+00   0.0000E+00  0.0000E+00   
1.00E+10  0.009  11.118  7.8599E+01  1.0900E+03   1.0474E-01  4.2465E-01   0.0000E+00  0.0000E+00   0.0000E+00  0.0000E+00   
1.00E+10  0.017  11.118  7.8589E+01  1.0898E+03   1.0474E-01  4.2465E-01   0.0000E+00  0.0000E+00   0.0000E+00  0.0000E+00   
1.00E+10  0.034  11.118  7.8604E+01  1.0901E+03   1.0474E-01  4.2465E-01   0.0000E+00  0.0000E+00   0.0000E+00  0.0000E+00   
1.00E+10  0.060  11.117  7.8618E+01  1.0905E+03   1.0474E-01  4.2465E-01   3.7754E-214 6.8976E-215  0.0000E+00  0.0000E+00   
1.00E+10  0.086  11.116  7.8641E+01  1.0910E+03   1.0474E-01  4.2469E-01   4.1544E-151 1.0886E-151  0.0000E+00  0.0000E+00   
1.00E+10  0.129  11.113  7.8681E+01  1.0922E+03   1.0483E-01  4.2535E-01   6.6796E-102 2.6428E-102  0.0000E+00  0.0000E+00   
1.00E+10  0.172  11.109  7.8702E+01  1.0935E+03   1.0511E-01  4.2746E-01   3.4996E-77  1.8581E-77   0.0000E+00  0.0000E+00   
1.00E+10  0.259  11.098  7.8652E+01  1.0960E+03   1.0616E-01  4.3555E-01   2.6614E-52  2.1461E-52   0.0000E+00  0.0000E+00   
1.00E+10  0.431  11.063  7.8246E+01  1.1008E+03   1.0846E-01  4.5471E-01   3.8834E-32  5.3414E-32   0.0000E+00  0.0000E+00   
1.00E+10  0.862  10.898  7.5804E+01  1.1144E+03   1.2473E-01  5.8362E-01   1.5296E-16  4.4108E-16   0.0000E+00  0.0000E+00   
1.00E+10  2.585  9.163   5.1137E+01  1.0856E+03   4.4005E-01  3.1674E+00   4.8117E-05  4.6002E-04   0.0000E+00  0.0000E+00   
1.00E+11  0.001  23.934  2.4035E+03  5.8226E+04   1.0474E-01  4.2465E-01   0.0000E+00  0.0000E+00   0.0000E+00  0.0000E+00   
1.00E+11  0.009  23.934  2.4031E+03  5.8215E+04   1.0474E-01  4.2465E-01   0.0000E+00  0.0000E+00   0.0000E+00  0.0000E+00   
1.00E+11  0.017  23.933  2.4031E+03  5.8214E+04   1.0474E-01  4.2465E-01   0.0000E+00  0.0000E+00   0.0000E+00  0.0000E+00   
1.00E+11  0.034  23.934  2.4033E+03  5.8220E+04   1.0474E-01  4.2465E-01   0.0000E+00  0.0000E+00   0.0000E+00  0.0000E+00   
1.00E+11  0.060  23.933  2.4034E+03  5.8225E+04   1.0474E-01  4.2465E-01   2.0218E-306 3.6938E-307  0.0000E+00  0.0000E+00   
1.00E+11  0.086  23.933  2.4035E+03  5.8232E+04   1.0474E-01  4.2469E-01   1.0608E-215 2.7797E-216  0.0000E+00  0.0000E+00   
1.00E+11  0.129  23.931  2.4033E+03  5.8238E+04   1.0483E-01  4.2535E-01   5.7263E-145 2.2656E-145  0.0000E+00  0.0000E+00   
1.00E+11  0.172  23.930  2.4017E+03  5.8217E+04   1.0511E-01  4.2746E-01   1.7325E-109 9.1983E-110  0.0000E+00  0.0000E+00   
1.00E+11  0.259  23.924  2.3928E+03  5.8070E+04   1.0616E-01  4.3555E-01   7.5563E-74  6.0933E-74   0.0000E+00  0.0000E+00   
1.00E+11  0.431  23.908  2.3567E+03  5.7414E+04   1.0846E-01  4.5471E-01   4.3865E-45  6.0334E-45   0.0000E+00  0.0000E+00   
1.00E+11  0.862  23.832  2.1847E+03  5.4173E+04   1.2473E-01  5.8362E-01   4.6397E-23  1.3379E-22   0.0000E+00  0.0000E+00   
1.00E+11  2.585  23.015  1.0700E+03  3.1385E+04   4.4150E-01  3.1798E+00   2.2655E-07  2.1659E-06   0.0000E+00  0.0000E+00   
