1.00E+04  0.001  0.523   0.0000E+00  0.0000E+00   0.0000E+00  0.0000E+00   0.0000E+00  0.0000E+00   1.7691E-02  5.4966E-02   
1.00E+04  0.009  0.516   0.0000E+00  0.0000E+00   0.0000E+00  0.0000E+00   6.3499E-59  3.4802E-58   1.7691E-02  5.4969E-02   
1.00E+04  0.017  0.498   0.0000E+00  0.0000E+00   0.0000E+00  0.0000E+00   5.6746E-32  3.1159E-31   1.7692E-02  5.4971E-02   
1.00E+04  0.034  0.444   0.0000E+00  0.0000E+00   0.0000E+00  0.0000E+00   5.4518E-18  3.0050E-17   1.7692E-02  5.4973E-02   
1.00E+04  0.060  0.337   0.0000E+00  0.0000E+00   0.0000E+00  0.0000E+00   1.3939E-11  7.7292E-11   1.7692E-02  5.4974E-02   
1.00E+04  0.086  0.209   0.0000E+00  0.0000E+00   0.0000E+00  0.0000E+00   8.4920E-09  4.7386E-08   1.7693E-02  5.4975E-02   
1.00E+04  0.129  0.047   0.0000E+00  0.0000E+00   0.0000E+00  0.0000E+00   1.1116E-06  6.2738E-06   1.7692E-02  5.4970E-02   
1.00E+04  0.172  0.014   0.0000E+00  0.0000E+00   0.0000E+00  0.0000E+00   7.3860E-06  4.2204E-05   1.7686E-02  5.4946E-02   
1.00E+04  0.259  0.004   0.0000E+00  0.0000E+00   0.0000E+00  0.0000E+00   5.4265E-05  3.1868E-04   1.7659E-02  5.4826E-02   
1.00E+04  0.431  0.001   0.0000E+00  0.0000E+00   0.0000E+00  0.0000E+00   4.6013E-04  2.8817E-03   1.7619E-02  5.4763E-02   
1.00E+04  0.862  0.000   0.0000E+00  0.0000E+00   0.0000E+00  0.0000E+00   7.4462E-03  5.8354E-02   2.5357E-02  1.0116E-01   
1.00E+04  2.585  0.000   0.0000E+00  0.0000E+00   0.0000E+00  0.0000E+00   6.8782E-01  1.3002E+01   3.1902E-01  2.0252E+00   
1.00E+05  0.001  0.565   0.0000E+00  0.0000E+00   0.0000E+00  0.0000E+00   0.0000E+00  0.0000E+00   1.7675E-02  5.4891E-02   
1.00E+05  0.009  0.563   0.0000E+00  0.0000E+00   0.0000E+00  0.0000E+00   2.7907E-61  1.5295E-60   1.7675E-02  5.4893E-02   
1.00E+05  0.017  0.558   0.0000E+00  0.0000E+00   0.0000E+00  0.0000E+00   1.7663E-33  9.6990E-33   1.7676E-02  5.4896E-02   
1.00E+05  0.034  0.537   0.0000E+00  0.0000E+00   0.0000E+00  0.0000E+00   3.6798E-19  2.0283E-18   1.7678E-02  5.4904E-02   
1.00E+05  0.060  0.485   0.0000E+00  0.0000E+00   0.0000E+00  0.0000E+00   1.1966E-12  6.6348E-12   1.7679E-02  5.4912E-02   
1.00E+05  0.086  0.413   0.0000E+00  0.0000E+00   0.0000E+00  0.0000E+00   7.9016E-10  4.4092E-09   1.7680E-02  5.4918E-02   
1.00E+05  0.129  0.265   0.0000E+00  0.0000E+00   0.0000E+00  0.0000E+00   2.0586E-07  1.1618E-06   1.7681E-02  5.4923E-02   
1.00E+05  0.172  0.128   0.0000E+00  0.0000E+00   0.0000E+00  0.0000E+00   3.8214E-06  2.1833E-05   1.7679E-02  5.4914E-02   
1.00E+05  0.259  0.035   0.0000E+00  0.0000E+00   0.0000E+00  0.0000E+00   4.8118E-05  2.8255E-04   1.7654E-02  5.4805E-02   
1.00E+05  0.431  0.009   0.0000E+00  0.0000E+00   0.0000E+00  0.0000E+00   4.5176E-04  2.8291E-03   1.7616E-02  5.4749E-02   
1.00E+05  0.862  0.002   0.0000E+00  0.0000E+00   0.0000E+00  0.0000E+00   7.4316E-03  5.8239E-02   2.5355E-02  1.0116E-01   
1.00E+05  2.585  0.000   0.0000E+00  0.0000E+00   0.0000E+00  0.0000E+00   6.8777E-01  1.3001E+01   3.1901E-01  2.0252E+00   
1.00E+06  0.001  0.726   0.0000E+00  0.0000E+00   0.0000E+00  0.0000E+00   0.0000E+00  0.0000E+00   1.7560E-02  5.4357E-02   
1.00E+06  0.009  0.725   0.0000E+00  0.0000E+00   0.0000E+00  0.0000E+00   1.8552E-69  1.0168E-68   1.7561E-02  5.4361E-02   
1.00E+06  0.017  0.724   0.0000E+00  0.0000E+00   0.0000E+00  0.0000E+00   1.1576E-37  6.3565E-37   1.7561E-02  5.4361E-02   
1.00E+06  0.034  0.718   0.0000E+00  0.0000E+00   0.0000E+00  0.0000E+00   1.9594E-21  1.0800E-20   1.7563E-02  5.4368E-02   
1.00E+06  0.060  0.700   0.0000E+00  0.0000E+00   0.0000E+00  0.0000E+00   3.3736E-14  1.8707E-13   1.7566E-02  5.4385E-02   
1.00E+06  0.086  0.672   0.0000E+00  0.0000E+00   0.0000E+00  0.0000E+00   3.9277E-11  2.1917E-10   1.7570E-02  5.4406E-02   
1.00E+06  0.129  0.604   0.0000E+00  0.0000E+00   0.0000E+00  0.0000E+00   1.5021E-08  8.4771E-08   1.7577E-02  5.4445E-02   
1.00E+06  0.172  0.512   0.0000E+00  0.0000E+00   0.0000E+00  0.0000E+00   4.1455E-07  2.3682E-06   1.7583E-02  5.4480E-02   
1.00E+06  0.259  0.299   0.0000E+00  0.0000E+00   0.0000E+00  0.0000E+00   1.7635E-05  1.0350E-04   1.7587E-02  5.4509E-02   
1.00E+06  0.431  0.091   0.0000E+00  0.0000E+00   0.0000E+00  0.0000E+00   3.7611E-04  2.3542E-03   1.7579E-02  5.4593E-02   
1.00E+06  0.862  0.020   0.0000E+00  0.0000E+00   0.0000E+00  0.0000E+00   7.2874E-03  5.7100E-02   2.5335E-02  1.0107E-01   
1.00E+06  2.585  0.002   0.0000E+00  0.0000E+00   0.0000E+00  0.0000E+00   6.8729E-01  1.2992E+01   3.1899E-01  2.0250E+00   
1.00E+07  0.001  1.223   0.0000E+00  0.0000E+00   0.0000E+00  0.0000E+00   0.0000E+00  0.0000E+00   1.6698E-02  5.0561E-02   
1.00E+07  0.009  1.222   0.0000E+00  0.0000E+00   0.0000E+00  0.0000E+00   1.6250E-94  8.9063E-94   1.6700E-02  5.0569E-02   
1.00E+07  0.017  1.222   0.0000E+00  0.0000E+00   0.0000E+00  0.0000E+00   3.3383E-50  1.8331E-49   1.6701E-02  5.0572E-02   
1.00E+07  0.034  1.219   0.0000E+00  0.0000E+00   0.0000E+00  0.0000E+00   9.4459E-28  5.2065E-27   1.6702E-02  5.0582E-02   
1.00E+07  0.060  1.212   0.0000E+00  0.0000E+00   0.0000E+00  0.0000E+00   6.9875E-18  3.8745E-17   1.6708E-02  5.0614E-02   
1.00E+07  0.086  1.200   0.0000E+00  0.0000E+00   0.0000E+00  0.0000E+00   8.5376E-14  4.7641E-13   1.6717E-02  5.0662E-02   
1.00E+07  0.129  1.173   0.0000E+00  0.0000E+00   0.0000E+00  0.0000E+00   1.8439E-10  1.0406E-09   1.6737E-02  5.0773E-02   
1.00E+07  0.172  1.133   0.0000E+00  0.0000E+00   0.0000E+00  0.0000E+00   1.1284E-08  6.4463E-08   1.6763E-02  5.0915E-02   
1.00E+07  0.259  1.021   0.0000E+00  0.0000E+00   0.0000E+00  0.0000E+00   1.0863E-06  6.3735E-06   1.6828E-02  5.1263E-02   
1.00E+07  0.431  0.698   0.0000E+00  0.0000E+00   0.0000E+00  0.0000E+00   9.4667E-05  5.9134E-04   1.7050E-02  5.2415E-02   
1.00E+07  0.862  0.196   0.0000E+00  0.0000E+00   0.0000E+00  0.0000E+00   5.9929E-03  4.6892E-02   2.5118E-02  1.0014E-01   
1.00E+07  2.585  0.021   0.0000E+00  0.0000E+00   0.0000E+00  0.0000E+00   6.8255E-01  1.2901E+01   3.1876E-01  2.0233E+00   
1.00E+08  0.001  2.447   0.0000E+00  0.0000E+00   0.0000E+00  0.0000E+00   0.0000E+00  0.0000E+00   1.1714E-02  3.1988E-02   
1.00E+08  0.009  2.447   0.0000E+00  0.0000E+00   0.0000E+00  0.0000E+00   3.1545E-156 1.7289E-155  1.1717E-02  3.1999E-02   
1.00E+08  0.017  2.446   0.0000E+00  0.0000E+00   0.0000E+00  0.0000E+00   4.6227E-81  2.5383E-80   1.1720E-02  3.2009E-02   
1.00E+08  0.034  2.445   0.0000E+00  0.0000E+00   0.0000E+00  0.0000E+00   3.3627E-43  1.8535E-42   1.1724E-02  3.2027E-02   
1.00E+08  0.060  2.442   0.0000E+00  0.0000E+00   0.0000E+00  0.0000E+00   9.7353E-27  5.3982E-26   1.1738E-02  3.2090E-02   
1.00E+08  0.086  2.437   0.0000E+00  0.0000E+00   0.0000E+00  0.0000E+00   5.0275E-20  2.8054E-19   1.1760E-02  3.2185E-02   
1.00E+08  0.129  2.424   0.0000E+00  0.0000E+00   0.0000E+00  0.0000E+00   1.1525E-14  6.5041E-14   1.1812E-02  3.2415E-02   
1.00E+08  0.172  2.406   0.0000E+00  0.0000E+00   0.0000E+00  0.0000E+00   7.0075E-12  4.0031E-11   1.1883E-02  3.2729E-02   
1.00E+08  0.259  2.355   0.0000E+00  0.0000E+00   0.0000E+00  0.0000E+00   6.2547E-09  3.6695E-08   1.2079E-02  3.3582E-02   
1.00E+08  0.431  2.192   0.0000E+00  0.0000E+00   0.0000E+00  0.0000E+00   2.9826E-06  1.8618E-05   1.2722E-02  3.6349E-02   
1.00E+08  0.862  1.493   0.0000E+00  0.0000E+00   0.0000E+00  0.0000E+00   1.3763E-03  1.0712E-02   2.2307E-02  8.8433E-02   
1.00E+08  2.585  0.209   0.0000E+00  0.0000E+00   0.0000E+00  0.0000E+00   6.3682E-01  1.2027E+01   3.1643E-01  2.0056E+00   
1.00E+09  0.001  5.181   0.0000E+00  0.0000E+00   0.0000E+00  0.0000E+00   0.0000E+00  0.0000E+00   1.7625E-03  4.3207E-03   
1.00E+09  0.009  5.180   0.0000E+00  0.0000E+00   0.0000E+00  0.0000E+00   5.2827E-294 2.8953E-293  1.7634E-03  4.3234E-03   
1.00E+09  0.017  5.180   0.0000E+00  0.0000E+00   0.0000E+00  0.0000E+00   5.9507E-150 3.2675E-149  1.7643E-03  4.3261E-03   
1.00E+09  0.034  5.180   0.0000E+00  0.0000E+00   0.0000E+00  0.0000E+00   1.1829E-77  6.5200E-77   1.7658E-03  4.3305E-03   
1.00E+09  0.060  5.178   0.0000E+00  0.0000E+00   0.0000E+00  0.0000E+00   1.9387E-46  1.0750E-45   1.7709E-03  4.3460E-03   
1.00E+09  0.086  5.176   0.0000E+00  0.0000E+00   0.0000E+00  0.0000E+00   7.8830E-34  4.3988E-33   1.7789E-03  4.3698E-03   
1.00E+09  0.129  5.170   0.0000E+00  0.0000E+00   0.0000E+00  0.0000E+00   6.8474E-24  3.8644E-23   1.7989E-03  4.4291E-03   
1.00E+09  0.172  5.161   0.0000E+00  0.0000E+00   0.0000E+00  0.0000E+00   7.9767E-19  4.5568E-18   1.8276E-03  4.5135E-03   
1.00E+09  0.259  5.138   0.0000E+00  0.0000E+00   0.0000E+00  0.0000E+00   1.3213E-13  7.7521E-13   1.9318E-03  4.7783E-03   
1.00E+09  0.431  5.062   0.0000E+00  0.0000E+00   0.0000E+00  0.0000E+00   3.8169E-09  2.3825E-08   2.3228E-03  5.8799E-03   
1.00E+09  0.862  4.708   0.0000E+00  0.0000E+00   0.0000E+00  0.0000E+00   3.3357E-05  2.5919E-04   9.3396E-03  3.7968E-02   
1.00E+09  2.585  1.972   0.0000E+00  0.0000E+00   0.0000E+00  0.0000E+00   3.2957E-01  6.1871E+00   2.8885E-01  1.7992E+00   
1.00E+10  0.001  11.119  0.0000E+00  0.0000E+00   0.0000E+00  0.0000E+00   0.0000E+00  0.0000E+00   0.0000E+00  0.0000E+00   
1.00E+10  0.009  11.118  0.0000E+00  0.0000E+00   0.0000E+00  0.0000E+00   0.0000E+00  0.0000E+00   2.0839E-147 1.0451E-147  
1.00E+10  0.017  11.118  0.0000E+00  0.0000E+00   0.0000E+00  0.0000E+00   1.3998E-299 7.6866E-299  5.9943E-77  3.0223E-77   
1.00E+10  0.034  11.118  0.0000E+00  0.0000E+00   0.0000E+00  0.0000E+00   1.7980E-152 9.9105E-152  1.0347E-41  5.3214E-42   
1.00E+10  0.060  11.117  0.0000E+00  0.0000E+00   0.0000E+00  0.0000E+00   3.3748E-89  1.8713E-88   1.7289E-26  1.0222E-26   
1.00E+10  0.086  11.116  0.0000E+00  0.0000E+00   0.0000E+00  0.0000E+00   9.0925E-64  5.0737E-63   4.0161E-20  2.8753E-20   
1.00E+10  0.129  11.113  0.0000E+00  0.0000E+00   0.0000E+00  0.0000E+00   7.3483E-44  4.1471E-43   6.0025E-15  5.0075E-15   
1.00E+10  0.172  11.109  0.0000E+00  0.0000E+00   0.0000E+00  0.0000E+00   8.1964E-34  4.6823E-33   2.7351E-12  2.5459E-12   
1.00E+10  0.259  11.098  0.0000E+00  0.0000E+00   0.0000E+00  0.0000E+00   1.2810E-23  7.5154E-23   1.6355E-09  1.9685E-09   
1.00E+10  0.431  11.063  0.0000E+00  0.0000E+00   0.0000E+00  0.0000E+00   3.4094E-15  2.1282E-14   6.4932E-07  1.2695E-06   
1.00E+10  0.862  10.898  0.0000E+00  0.0000E+00   0.0000E+00  0.0000E+00   2.5316E-08  1.9671E-07   4.4508E-04  1.5203E-03   
1.00E+10  2.585  9.163   0.0000E+00  0.0000E+00   0.0000E+00  0.0000E+00   2.0950E-02  3.9069E-01   1.0465E-01  5.7459E-01   
1.00E+11  0.001  23.934  0.0000E+00  0.0000E+00   0.0000E+00  0.0000E+00   0.0000E+00  0.0000E+00   0.0000E+00  0.0000E+00   
1.00E+11  0.009  23.934  0.0000E+00  0.0000E+00   0.0000E+00  0.0000E+00   0.0000E+00  0.0000E+00   0.0000E+00  0.0000E+00   
1.00E+11  0.017  23.933  0.0000E+00  0.0000E+00   0.0000E+00  0.0000E+00   0.0000E+00  0.0000E+00   0.0000E+00  0.0000E+00   
1.00E+11  0.034  23.934  0.0000E+00  0.0000E+00   0.0000E+00  0.0000E+00   9.4795E-315 5.1934E-314  0.0000E+00  0.0000E+00   
1.00E+11  0.060  23.933  0.0000E+00  0.0000E+00   0.0000E+00  0.0000E+00   1.8073E-181 1.0021E-180  0.0000E+00  0.0000E+00   
1.00E+11  0.086  23.933  0.0000E+00  0.0000E+00   0.0000E+00  0.0000E+00   2.3217E-128 1.2955E-127  0.0000E+00  0.0000E+00   
1.00E+11  0.129  23.931  0.0000E+00  0.0000E+00   0.0000E+00  0.0000E+00   6.2997E-87  3.5552E-86   0.0000E+00  0.0000E+00   
1.00E+11  0.172  23.930  0.0000E+00  0.0000E+00   0.0000E+00  0.0000E+00   4.0576E-66  2.3180E-65   0.0000E+00  0.0000E+00   
1.00E+11  0.259  23.924  0.0000E+00  0.0000E+00   0.0000E+00  0.0000E+00   3.6371E-45  2.1338E-44   0.0000E+00  0.0000E+00   
1.00E+11  0.431  23.908  0.0000E+00  0.0000E+00   0.0000E+00  0.0000E+00   3.8512E-28  2.4039E-27   0.0000E+00  0.0000E+00   
1.00E+11  0.862  23.832  0.0000E+00  0.0000E+00   0.0000E+00  0.0000E+00   7.6792E-15  5.9667E-14   0.0000E+00  0.0000E+00   
1.00E+11  2.585  23.015  0.0000E+00  0.0000E+00   0.0000E+00  0.0000E+00   9.8820E-05  1.8419E-03   0.0000E+00  0.0000E+00   
