1.00E+04  0.001  0.523   6.8670E-06  2.6903E-05   2.5390E-03  4.2266E-03   0.0000E+00  0.0000E+00   0.0000E+00  0.0000E+00   
1.00E+04  0.009  0.516   5.2483E-06  2.0590E-05   2.5390E-03  4.2266E-03   0.0000E+00  0.0000E+00   0.0000E+00  0.0000E+00   
1.00E+04  0.017  0.498   4.3444E-06  1.7084E-05   2.5390E-03  4.2266E-03   1.1635E-315 6.0685E-317  0.0000E+00  0.0000E+00   
1.00E+04  0.034  0.444   3.6006E-06  1.4241E-05   2.5390E-03  4.2266E-03   5.2824E-160 5.5571E-161  0.0000E+00  0.0000E+00   
1.00E+04  0.060  0.337   3.1642E-06  1.2641E-05   2.5394E-03  4.2276E-03   9.4955E-93  1.7699E-93   0.0000E+00  0.0000E+00   
1.00E+04  0.086  0.209   3.0117E-06  1.2172E-05   2.5421E-03  4.2337E-03   1.4447E-65  3.8930E-66   0.0000E+00  0.0000E+00   
1.00E+04  0.129  0.047   5.6196E-06  2.3216E-05   2.5526E-03  4.2573E-03   1.9572E-44  8.0625E-45   0.0000E+00  0.0000E+00   
1.00E+04  0.172  0.014   1.9705E-05  8.3439E-05   2.5646E-03  4.2839E-03   4.3392E-34  2.4261E-34   0.0000E+00  0.0000E+00   
1.00E+04  0.259  0.004   1.1759E-04  5.2588E-04   2.5782E-03  4.3126E-03   1.1015E-23  9.5414E-24   0.0000E+00  0.0000E+00   
1.00E+04  0.431  0.001   9.3469E-04  4.7067E-03   2.5972E-03  4.3892E-03   4.3182E-15  6.5706E-15   0.0000E+00  0.0000E+00   
1.00E+04  0.862  0.000   1.5834E-02  1.0705E-01   3.6428E-03  8.3760E-03   4.7963E-08  1.5800E-07   0.0000E+00  0.0000E+00   
1.00E+04  2.585  0.000   2.2833E+00  3.4889E+01   2.5332E-02  1.1320E-01   2.6678E-02  2.9039E-01   0.0000E+00  0.0000E+00   
1.00E+05  0.001  0.565   3.8229E-05  1.5057E-04   2.5390E-03  4.2266E-03   0.0000E+00  0.0000E+00   0.0000E+00  0.0000E+00   
1.00E+05  0.009  0.563   3.7254E-05  1.4681E-04   2.5390E-03  4.2266E-03   0.0000E+00  0.0000E+00   0.0000E+00  0.0000E+00   
1.00E+05  0.017  0.558   3.6049E-05  1.4229E-04   2.5390E-03  4.2266E-03   3.6215E-317 1.8890E-318  0.0000E+00  0.0000E+00   
1.00E+05  0.034  0.537   3.3407E-05  1.3250E-04   2.5390E-03  4.2266E-03   3.5654E-161 3.7508E-162  0.0000E+00  0.0000E+00   
1.00E+05  0.060  0.485   3.0845E-05  1.2349E-04   2.5394E-03  4.2276E-03   8.1511E-94  1.5193E-94   0.0000E+00  0.0000E+00   
1.00E+05  0.086  0.413   2.9566E-05  1.1969E-04   2.5421E-03  4.2338E-03   1.3442E-66  3.6222E-67   0.0000E+00  0.0000E+00   
1.00E+05  0.129  0.265   2.9353E-05  1.2140E-04   2.5529E-03  4.2583E-03   3.6152E-45  1.4892E-45   0.0000E+00  0.0000E+00   
1.00E+05  0.172  0.128   3.7747E-05  1.5993E-04   2.5659E-03  4.2873E-03   2.2335E-34  1.2487E-34   0.0000E+00  0.0000E+00   
1.00E+05  0.259  0.035   1.3249E-04  5.9266E-04   2.5799E-03  4.3170E-03   9.7384E-24  8.4353E-24   0.0000E+00  0.0000E+00   
1.00E+05  0.431  0.009   9.5195E-04  4.7941E-03   2.5985E-03  4.3924E-03   4.2362E-15  6.4458E-15   0.0000E+00  0.0000E+00   
1.00E+05  0.862  0.002   1.5865E-02  1.0726E-01   3.6435E-03  8.3776E-03   4.7864E-08  1.5767E-07   0.0000E+00  0.0000E+00   
1.00E+05  2.585  0.000   2.2834E+00  3.4892E+01   2.5333E-02  1.1320E-01   2.6676E-02  2.9037E-01   0.0000E+00  0.0000E+00   
1.00E+06  0.001  0.726   2.8331E-04  1.1419E-03   2.5390E-03  4.2266E-03   0.0000E+00  0.0000E+00   0.0000E+00  0.0000E+00   
1.00E+06  0.009  0.725   2.8127E-04  1.1337E-03   2.5390E-03  4.2266E-03   0.0000E+00  0.0000E+00   0.0000E+00  0.0000E+00   
1.00E+06  0.017  0.724   2.8209E-04  1.1378E-03   2.5390E-03  4.2266E-03   2.3715E-321 1.2352E-322  0.0000E+00  0.0000E+00   
1.00E+06  0.034  0.718   2.8199E-04  1.1402E-03   2.5390E-03  4.2266E-03   1.8985E-163 1.9972E-164  0.0000E+00  0.0000E+00   
1.00E+06  0.060  0.700   2.8175E-04  1.1464E-03   2.5394E-03  4.2276E-03   2.2982E-95  4.2836E-96   0.0000E+00  0.0000E+00   
1.00E+06  0.086  0.672   2.8185E-04  1.1568E-03   2.5421E-03  4.2338E-03   6.6815E-68  1.8005E-68   0.0000E+00  0.0000E+00   
1.00E+06  0.129  0.604   2.8435E-04  1.1886E-03   2.5530E-03  4.2585E-03   2.6364E-46  1.0860E-46   0.0000E+00  0.0000E+00   
1.00E+06  0.172  0.512   2.9096E-04  1.2428E-03   2.5671E-03  4.2906E-03   2.4109E-35  1.3479E-35   0.0000E+00  0.0000E+00   
1.00E+06  0.259  0.299   3.4726E-04  1.5596E-03   2.5886E-03  4.3391E-03   3.5159E-24  3.0454E-24   0.0000E+00  0.0000E+00   
1.00E+06  0.431  0.091   1.1409E-03  5.7527E-03   2.6109E-03  4.4211E-03   3.5010E-15  5.3270E-15   0.0000E+00  0.0000E+00   
1.00E+06  0.862  0.020   1.6179E-02  1.0941E-01   3.6499E-03  8.3930E-03   4.6890E-08  1.5446E-07   0.0000E+00  0.0000E+00   
1.00E+06  2.585  0.002   2.2850E+00  3.4917E+01   2.5336E-02  1.1322E-01   2.6657E-02  2.9016E-01   0.0000E+00  0.0000E+00   
1.00E+07  0.001  1.223   2.8889E-03  1.2565E-02   2.5390E-03  4.2266E-03   0.0000E+00  0.0000E+00   0.0000E+00  0.0000E+00   
1.00E+07  0.009  1.222   2.8826E-03  1.2538E-02   2.5390E-03  4.2266E-03   0.0000E+00  0.0000E+00   0.0000E+00  0.0000E+00   
1.00E+07  0.017  1.222   2.8837E-03  1.2546E-02   2.5390E-03  4.2266E-03   0.0000E+00  0.0000E+00   0.0000E+00  0.0000E+00   
1.00E+07  0.034  1.219   2.8909E-03  1.2590E-02   2.5390E-03  4.2266E-03   9.1524E-170 9.6283E-171  0.0000E+00  0.0000E+00   
1.00E+07  0.060  1.212   2.9059E-03  1.2692E-02   2.5394E-03  4.2276E-03   4.7600E-99  8.8722E-100  0.0000E+00  0.0000E+00   
1.00E+07  0.086  1.200   2.9297E-03  1.2853E-02   2.5421E-03  4.2338E-03   1.4524E-70  3.9137E-71   0.0000E+00  0.0000E+00   
1.00E+07  0.129  1.173   2.9877E-03  1.3248E-02   2.5530E-03  4.2586E-03   3.2362E-48  1.3331E-48   0.0000E+00  0.0000E+00   
1.00E+07  0.172  1.133   3.0658E-03  1.3788E-02   2.5673E-03  4.2910E-03   6.5588E-37  3.6670E-37   0.0000E+00  0.0000E+00   
1.00E+07  0.259  1.021   3.2750E-03  1.5273E-02   2.5933E-03  4.3512E-03   2.1481E-25  1.8606E-25   0.0000E+00  0.0000E+00   
1.00E+07  0.431  0.698   4.0851E-03  2.0935E-02   2.6581E-03  4.5319E-03   8.5665E-16  1.3034E-15   0.0000E+00  0.0000E+00   
1.00E+07  0.862  0.196   1.9641E-02  1.3313E-01   3.7092E-03  8.5349E-03   3.8223E-08  1.2590E-07   0.0000E+00  0.0000E+00   
1.00E+07  2.585  0.021   2.3011E+00  3.5165E+01   2.5365E-02  1.1336E-01   2.6465E-02  2.8806E-01   0.0000E+00  0.0000E+00   
1.00E+08  0.001  2.447   4.1147E-02  2.1352E-01   2.5390E-03  4.2266E-03   0.0000E+00  0.0000E+00   0.0000E+00  0.0000E+00   
1.00E+08  0.009  2.447   4.1114E-02  2.1334E-01   2.5390E-03  4.2266E-03   0.0000E+00  0.0000E+00   0.0000E+00  0.0000E+00   
1.00E+08  0.017  2.446   4.1104E-02  2.1331E-01   2.5390E-03  4.2266E-03   0.0000E+00  0.0000E+00   0.0000E+00  0.0000E+00   
1.00E+08  0.034  2.445   4.1158E-02  2.1369E-01   2.5390E-03  4.2266E-03   3.2583E-185 3.4277E-186  0.0000E+00  0.0000E+00   
1.00E+08  0.060  2.442   4.1255E-02  2.1446E-01   2.5394E-03  4.2276E-03   6.6318E-108 1.2361E-108  0.0000E+00  0.0000E+00   
1.00E+08  0.086  2.437   4.1417E-02  2.1574E-01   2.5421E-03  4.2338E-03   8.5525E-77  2.3046E-77   0.0000E+00  0.0000E+00   
1.00E+08  0.129  2.424   4.1831E-02  2.1898E-01   2.5530E-03  4.2586E-03   2.0227E-52  8.3320E-53   0.0000E+00  0.0000E+00   
1.00E+08  0.172  2.406   4.2407E-02  2.2351E-01   2.5673E-03  4.2911E-03   4.0729E-40  2.2772E-40   0.0000E+00  0.0000E+00   
1.00E+08  0.259  2.355   4.3985E-02  2.3617E-01   2.5936E-03  4.3520E-03   1.2361E-27  1.0707E-27   0.0000E+00  0.0000E+00   
1.00E+08  0.431  2.192   4.8895E-02  2.7729E-01   2.6740E-03  4.5696E-03   2.6734E-17  4.0676E-17   0.0000E+00  0.0000E+00   
1.00E+08  0.862  1.493   7.6610E-02  5.3488E-01   3.9417E-03  9.0976E-03   8.4902E-09  2.7954E-08   0.0000E+00  0.0000E+00   
1.00E+08  2.585  0.209   2.4677E+00  3.7748E+01   2.5655E-02  1.1473E-01   2.4621E-02  2.6793E-01   0.0000E+00  0.0000E+00   
1.00E+09  0.001  5.181   8.6314E-01  6.0864E+00   2.5390E-03  4.2266E-03   0.0000E+00  0.0000E+00   0.0000E+00  0.0000E+00   
1.00E+09  0.009  5.180   8.6275E-01  6.0834E+00   2.5390E-03  4.2266E-03   0.0000E+00  0.0000E+00   0.0000E+00  0.0000E+00   
1.00E+09  0.017  5.180   8.6257E-01  6.0822E+00   2.5390E-03  4.2266E-03   0.0000E+00  0.0000E+00   0.0000E+00  0.0000E+00   
1.00E+09  0.034  5.180   8.6308E-01  6.0870E+00   2.5390E-03  4.2266E-03   1.1461E-219 1.2057E-220  0.0000E+00  0.0000E+00   
1.00E+09  0.060  5.178   8.6389E-01  6.0957E+00   2.5394E-03  4.2276E-03   1.3207E-127 2.4616E-128  0.0000E+00  0.0000E+00   
1.00E+09  0.086  5.176   8.6534E-01  6.1108E+00   2.5421E-03  4.2338E-03   1.3410E-90  3.6136E-91   0.0000E+00  0.0000E+00   
1.00E+09  0.129  5.170   8.6923E-01  6.1504E+00   2.5530E-03  4.2586E-03   1.2018E-61  4.9504E-62   0.0000E+00  0.0000E+00   
1.00E+09  0.172  5.161   8.7461E-01  6.2056E+00   2.5673E-03  4.2911E-03   4.6363E-47  2.5921E-47   0.0000E+00  0.0000E+00   
1.00E+09  0.259  5.138   8.8884E-01  6.3548E+00   2.5936E-03  4.3520E-03   2.6113E-32  2.2619E-32   0.0000E+00  0.0000E+00   
1.00E+09  0.431  5.062   9.3208E-01  6.8252E+00   2.6745E-03  4.5708E-03   3.4201E-20  5.2037E-20   0.0000E+00  0.0000E+00   
1.00E+09  0.862  4.708   1.1513E+00  9.4223E+00   4.0166E-03  9.2809E-03   2.0366E-10  6.7050E-10   0.0000E+00  0.0000E+00   
1.00E+09  2.585  1.972   4.7129E+00  7.2972E+01   2.7823E-02  1.2495E-01   1.2486E-02  1.3566E-01   0.0000E+00  0.0000E+00   
1.00E+10  0.001  11.119  2.8034E+01  3.0886E+02   2.5390E-03  4.2266E-03   0.0000E+00  0.0000E+00   0.0000E+00  0.0000E+00   
1.00E+10  0.009  11.118  2.8024E+01  3.0873E+02   2.5390E-03  4.2266E-03   0.0000E+00  0.0000E+00   0.0000E+00  0.0000E+00   
1.00E+10  0.017  11.118  2.8020E+01  3.0868E+02   2.5390E-03  4.2266E-03   0.0000E+00  0.0000E+00   0.0000E+00  0.0000E+00   
1.00E+10  0.034  11.118  2.8027E+01  3.0878E+02   2.5390E-03  4.2266E-03   1.7421E-294 1.8327E-295  0.0000E+00  0.0000E+00   
1.00E+10  0.060  11.117  2.8035E+01  3.0893E+02   2.5394E-03  4.2276E-03   2.2990E-170 4.2851E-171  0.0000E+00  0.0000E+00   
1.00E+10  0.086  11.116  2.8052E+01  3.0922E+02   2.5421E-03  4.2338E-03   1.5468E-120 4.1681E-121  0.0000E+00  0.0000E+00   
1.00E+10  0.129  11.113  2.8100E+01  3.1003E+02   2.5530E-03  4.2586E-03   1.2897E-81  5.3126E-82   0.0000E+00  0.0000E+00   
1.00E+10  0.172  11.109  2.8165E+01  3.1113E+02   2.5673E-03  4.2911E-03   4.7639E-62  2.6635E-62   0.0000E+00  0.0000E+00   
1.00E+10  0.259  11.098  2.8329E+01  3.1395E+02   2.5936E-03  4.3520E-03   2.5316E-42  2.1928E-42   0.0000E+00  0.0000E+00   
1.00E+10  0.431  11.063  2.8795E+01  3.2222E+02   2.6745E-03  4.5708E-03   3.0551E-26  4.6483E-26   0.0000E+00  0.0000E+00   
1.00E+10  0.862  10.898  3.1016E+01  3.6494E+02   4.0185E-03  9.2856E-03   1.5453E-13  5.0874E-13   0.0000E+00  0.0000E+00   
1.00E+10  2.585  9.163   5.0840E+01  8.8331E+02   3.0497E-02  1.3758E-01   7.7604E-04  8.4177E-03   0.0000E+00  0.0000E+00   
1.00E+11  0.001  23.934  1.2192E+03  2.5044E+04   2.5390E-03  4.2266E-03   0.0000E+00  0.0000E+00   0.0000E+00  0.0000E+00   
1.00E+11  0.009  23.934  1.2190E+03  2.5039E+04   2.5390E-03  4.2266E-03   0.0000E+00  0.0000E+00   0.0000E+00  0.0000E+00   
1.00E+11  0.017  23.933  1.2189E+03  2.5038E+04   2.5390E-03  4.2266E-03   0.0000E+00  0.0000E+00   0.0000E+00  0.0000E+00   
1.00E+11  0.034  23.934  1.2190E+03  2.5041E+04   2.5390E-03  4.2266E-03   0.0000E+00  0.0000E+00   0.0000E+00  0.0000E+00   
1.00E+11  0.060  23.933  1.2191E+03  2.5044E+04   2.5394E-03  4.2276E-03   1.2312E-262 2.2948E-263  0.0000E+00  0.0000E+00   
1.00E+11  0.086  23.933  1.2193E+03  2.5051E+04   2.5421E-03  4.2338E-03   3.9495E-185 1.0643E-185  0.0000E+00  0.0000E+00   
1.00E+11  0.129  23.931  1.2197E+03  2.5069E+04   2.5530E-03  4.2586E-03   1.1056E-124 4.5544E-125  0.0000E+00  0.0000E+00   
1.00E+11  0.172  23.930  1.2203E+03  2.5095E+04   2.5673E-03  4.2911E-03   2.3584E-94  1.3186E-94   0.0000E+00  0.0000E+00   
1.00E+11  0.259  23.924  1.2217E+03  2.5157E+04   2.5936E-03  4.3520E-03   7.1878E-64  6.2259E-64   0.0000E+00  0.0000E+00   
1.00E+11  0.431  23.908  1.2254E+03  2.5322E+04   2.6745E-03  4.5708E-03   3.4509E-39  5.2505E-39   0.0000E+00  0.0000E+00   
1.00E+11  0.862  23.832  1.2330E+03  2.6004E+04   4.0185E-03  9.2856E-03   4.6873E-20  1.5432E-19   0.0000E+00  0.0000E+00   
1.00E+11  2.585  23.015  1.2736E+03  3.2106E+04   3.0701E-02  1.3855E-01   3.6546E-06  3.9637E-05   0.0000E+00  0.0000E+00   
