1.00E+04  0.001  0.523   0.0000E+00  0.0000E+00   0.0000E+00  0.0000E+00   0.0000E+00  0.0000E+00   1.1477E-06  4.5594E-07   
1.00E+04  0.009  0.516   0.0000E+00  0.0000E+00   0.0000E+00  0.0000E+00   1.7264E-60  2.5022E-60   1.1545E-06  4.6003E-07   
1.00E+04  0.017  0.498   0.0000E+00  0.0000E+00   0.0000E+00  0.0000E+00   1.7518E-33  2.5646E-33   1.1587E-06  4.6257E-07   
1.00E+04  0.034  0.444   2.7477E-183 2.8683E-184  0.0000E+00  0.0000E+00   1.8854E-19  2.8174E-19   1.1626E-06  4.6502E-07   
1.00E+04  0.060  0.337   2.2729E-107 4.1791E-108  0.0000E+00  0.0000E+00   5.3209E-13  8.2187E-13   1.1656E-06  4.6690E-07   
1.00E+04  0.086  0.209   6.7458E-77  1.7828E-77   0.0000E+00  0.0000E+00   3.4979E-10  5.6011E-10   1.1674E-06  4.6799E-07   
1.00E+04  0.129  0.047   7.9466E-53  3.1814E-53   0.0000E+00  0.0000E+00   5.1136E-08  8.7459E-08   1.1675E-06  4.7150E-07   
1.00E+04  0.172  0.014   2.4803E-40  1.3367E-40   0.0000E+00  0.0000E+00   3.7605E-07  6.9086E-07   1.1999E-06  5.4608E-07   
1.00E+04  0.259  0.004   1.5143E-27  1.2468E-27   0.0000E+00  0.0000E+00   3.3158E-06  7.0911E-06   2.0133E-06  2.0349E-06   
1.00E+04  0.431  0.001   5.4236E-17  7.6937E-17   0.0000E+00  0.0000E+00   3.7417E-05  1.0719E-04   1.5239E-05  3.3252E-05   
1.00E+04  0.862  0.000   1.2589E-08  3.7989E-08   0.0000E+00  0.0000E+00   1.4772E-03  7.9807E-03   2.2583E-03  8.9793E-03   
1.00E+04  2.585  0.000   1.7997E-02  1.8323E-01   0.0000E+00  0.0000E+00   4.4262E-01  7.3075E+00   6.5472E-02  3.0818E-01   
1.00E+05  0.001  0.565   0.0000E+00  0.0000E+00   0.0000E+00  0.0000E+00   0.0000E+00  0.0000E+00   1.0430E-06  3.9680E-07   
1.00E+05  0.009  0.563   0.0000E+00  0.0000E+00   0.0000E+00  0.0000E+00   7.5873E-63  1.0996E-62   1.0475E-06  3.9954E-07   
1.00E+05  0.017  0.558   0.0000E+00  0.0000E+00   0.0000E+00  0.0000E+00   5.4528E-35  7.9830E-35   1.0551E-06  4.0441E-07   
1.00E+05  0.034  0.537   4.0709E-182 4.2496E-183  0.0000E+00  0.0000E+00   1.2725E-20  1.9016E-20   1.0729E-06  4.1569E-07   
1.00E+05  0.060  0.485   2.6477E-106 4.8684E-107  0.0000E+00  0.0000E+00   4.5675E-14  7.0550E-14   1.0943E-06  4.2906E-07   
1.00E+05  0.086  0.413   7.2502E-76  1.9161E-76   0.0000E+00  0.0000E+00   3.2547E-11  5.2116E-11   1.1099E-06  4.3847E-07   
1.00E+05  0.129  0.265   4.3023E-52  1.7224E-52   0.0000E+00  0.0000E+00   9.4660E-09  1.6187E-08   1.1298E-06  4.5296E-07   
1.00E+05  0.172  0.128   4.8187E-40  2.5969E-40   0.0000E+00  0.0000E+00   1.9437E-07  3.5690E-07   1.1791E-06  5.3605E-07   
1.00E+05  0.259  0.035   1.7129E-27  1.4103E-27   0.0000E+00  0.0000E+00   2.9381E-06  6.2806E-06   2.0036E-06  2.0288E-06   
1.00E+05  0.431  0.009   5.5286E-17  7.8427E-17   0.0000E+00  0.0000E+00   3.6726E-05  1.0519E-04   1.5230E-05  3.3235E-05   
1.00E+05  0.862  0.002   1.2615E-08  3.8067E-08   0.0000E+00  0.0000E+00   1.4742E-03  7.9647E-03   2.2581E-03  8.9785E-03   
1.00E+05  2.585  0.000   1.7998E-02  1.8325E-01   0.0000E+00  0.0000E+00   4.4259E-01  7.3070E+00   6.5471E-02  3.0817E-01   
1.00E+06  0.001  0.726   0.0000E+00  0.0000E+00   0.0000E+00  0.0000E+00   0.0000E+00  0.0000E+00   5.5798E-07  1.6504E-07   
1.00E+06  0.009  0.725   0.0000E+00  0.0000E+00   0.0000E+00  0.0000E+00   5.0439E-71  7.3103E-71   5.6272E-07  1.6728E-07   
1.00E+06  0.017  0.724   0.0000E+00  0.0000E+00   0.0000E+00  0.0000E+00   3.5737E-39  5.2319E-39   5.6770E-07  1.7020E-07   
1.00E+06  0.034  0.718   7.6452E-180 7.9809E-181  0.0000E+00  0.0000E+00   6.7759E-23  1.0126E-22   5.9099E-07  1.8317E-07   
1.00E+06  0.060  0.700   9.3909E-105 1.7267E-105  0.0000E+00  0.0000E+00   1.2878E-15  1.9891E-15   6.4521E-07  2.1312E-07   
1.00E+06  0.086  0.672   1.4586E-74  3.8548E-75   0.0000E+00  0.0000E+00   1.6178E-12  2.5906E-12   7.0808E-07  2.4700E-07   
1.00E+06  0.129  0.604   5.8996E-51  2.3619E-51   0.0000E+00  0.0000E+00   6.9063E-10  1.1809E-09   8.0917E-07  3.0268E-07   
1.00E+06  0.172  0.512   4.4641E-39  2.4058E-39   0.0000E+00  0.0000E+00   2.1066E-08  3.8661E-08   9.3368E-07  4.2099E-07   
1.00E+06  0.259  0.299   4.7444E-27  3.9064E-27   0.0000E+00  0.0000E+00   1.0728E-06  2.2884E-06   1.8750E-06  1.9469E-06   
1.00E+06  0.431  0.091   6.6897E-17  9.4899E-17   0.0000E+00  0.0000E+00   3.0504E-05  8.7256E-05   1.5133E-05  3.3047E-05   
1.00E+06  0.862  0.020   1.2877E-08  3.8859E-08   0.0000E+00  0.0000E+00   1.4450E-03  7.8066E-03   2.2566E-03  8.9711E-03   
1.00E+06  2.585  0.002   1.8012E-02  1.8338E-01   0.0000E+00  0.0000E+00   4.4228E-01  7.3018E+00   6.5464E-02  3.0813E-01   
1.00E+07  0.001  1.223   0.0000E+00  0.0000E+00   0.0000E+00  0.0000E+00   0.0000E+00  0.0000E+00   0.0000E+00  0.0000E+00   
1.00E+07  0.009  1.222   0.0000E+00  0.0000E+00   0.0000E+00  0.0000E+00   4.4182E-96  6.4034E-96   8.2584E-81  1.3010E-80   
1.00E+07  0.017  1.222   0.0000E+00  0.0000E+00   0.0000E+00  0.0000E+00   1.0306E-51  1.5088E-51   1.4755E-42  2.3247E-42   
1.00E+07  0.034  1.219   1.5859E-173 1.6555E-174  0.0000E+00  0.0000E+00   3.2666E-29  4.8815E-29   1.9738E-23  3.1117E-23   
1.00E+07  0.060  1.212   4.5340E-101 8.3367E-102  0.0000E+00  0.0000E+00   2.6673E-19  4.1199E-19   3.1141E-15  4.9181E-15   
1.00E+07  0.086  1.200   6.7101E-72  1.7734E-72   0.0000E+00  0.0000E+00   3.5166E-15  5.6311E-15   5.9409E-12  9.4066E-12   
1.00E+07  0.129  1.173   4.8061E-49  1.9241E-49   0.0000E+00  0.0000E+00   8.4779E-12  1.4497E-11   2.1283E-09  3.3892E-09   
1.00E+07  0.172  1.133   1.6409E-37  8.8433E-38   0.0000E+00  0.0000E+00   5.7337E-10  1.0522E-09   1.6678E-07  1.0484E-07   
1.00E+07  0.259  1.021   7.7657E-26  6.3940E-26   0.0000E+00  0.0000E+00   6.5955E-08  1.4052E-07   1.0668E-06  1.3772E-06   
1.00E+07  0.431  0.698   2.7342E-16  3.8787E-16   0.0000E+00  0.0000E+00   7.6068E-06  2.1650E-05   1.3893E-05  3.0551E-05   
1.00E+07  0.862  0.196   1.5800E-08  4.7680E-08   0.0000E+00  0.0000E+00   1.1839E-03  6.3930E-03   2.2399E-03  8.8904E-03   
1.00E+07  2.585  0.021   1.8143E-02  1.8472E-01   0.0000E+00  0.0000E+00   4.3920E-01  7.2504E+00   6.5394E-02  3.0776E-01   
1.00E+08  0.001  2.447   0.0000E+00  0.0000E+00   0.0000E+00  0.0000E+00   0.0000E+00  0.0000E+00   0.0000E+00  0.0000E+00   
1.00E+08  0.009  2.447   0.0000E+00  0.0000E+00   0.0000E+00  0.0000E+00   8.5766E-158 1.2430E-157  2.3371E-81  2.3361E-81   
1.00E+08  0.017  2.446   7.3079E-311 3.7966E-312  0.0000E+00  0.0000E+00   1.4271E-82  2.0892E-82   4.1801E-43  4.1828E-43   
1.00E+08  0.034  2.445   4.4546E-158 4.6502E-159  0.0000E+00  0.0000E+00   1.1629E-44  1.7378E-44   5.6039E-24  5.6266E-24   
1.00E+08  0.060  2.442   3.2543E-92  5.9836E-93   0.0000E+00  0.0000E+00   3.7162E-28  5.7401E-28   8.9032E-16  9.0258E-16   
1.00E+08  0.086  2.437   1.1395E-65  3.0115E-66   0.0000E+00  0.0000E+00   2.0708E-21  3.3160E-21   1.7164E-12  1.7650E-12   
1.00E+08  0.129  2.424   7.6895E-45  3.0785E-45   0.0000E+00  0.0000E+00   5.2989E-16  9.0606E-16   6.3033E-10  6.6932E-10   
1.00E+08  0.172  2.406   2.6425E-34  1.4241E-34   0.0000E+00  0.0000E+00   3.5606E-13  6.5341E-13   1.2407E-08  1.3702E-08   
1.00E+08  0.259  2.355   1.3495E-23  1.1111E-23   0.0000E+00  0.0000E+00   3.7969E-10  8.0886E-10   2.6110E-07  3.1856E-07   
1.00E+08  0.431  2.192   8.7609E-15  1.2428E-14   0.0000E+00  0.0000E+00   2.3890E-07  6.7881E-07   7.5738E-06  1.6659E-05   
1.00E+08  0.862  1.493   7.1168E-08  2.1479E-07   0.0000E+00  0.0000E+00   2.6803E-04  1.4449E-03   2.0211E-03  7.8509E-03   
1.00E+08  2.585  0.209   1.9508E-02  1.9863E-01   0.0000E+00  0.0000E+00   4.0954E-01  6.7557E+00   6.4681E-02  3.0389E-01   
1.00E+09  0.001  5.181   0.0000E+00  0.0000E+00   0.0000E+00  0.0000E+00   0.0000E+00  0.0000E+00   0.0000E+00  0.0000E+00   
1.00E+09  0.009  5.180   0.0000E+00  0.0000E+00   0.0000E+00  0.0000E+00   1.4363E-295 2.0816E-295  1.4238E-214 1.2768E-214  
1.00E+09  0.017  5.180   5.2184E-242 2.7112E-243  0.0000E+00  0.0000E+00   1.8370E-151 2.6894E-151  1.5292E-109 1.3712E-109  
1.00E+09  0.034  5.180   1.1717E-123 1.2242E-124  0.0000E+00  0.0000E+00   4.0907E-79  6.1130E-79   5.0718E-57  4.5450E-57   
1.00E+09  0.060  5.178   1.5224E-72  2.8019E-73   0.0000E+00  0.0000E+00   7.4004E-48  1.1431E-47   1.7837E-34  1.6272E-34   
1.00E+09  0.086  5.176   6.8034E-52  1.8016E-52   0.0000E+00  0.0000E+00   3.2470E-35  5.1994E-35   2.4207E-25  2.3786E-25   
1.00E+09  0.129  5.170   1.2211E-35  4.9115E-36   0.0000E+00  0.0000E+00   3.1483E-25  5.3833E-25   4.9719E-18  5.5811E-18   
1.00E+09  0.172  5.161   2.2075E-27  1.1979E-27   0.0000E+00  0.0000E+00   4.0530E-20  7.4378E-20   3.0125E-14  3.7446E-14   
1.00E+09  0.259  5.138   6.1579E-19  5.1160E-19   0.0000E+00  0.0000E+00   8.0212E-15  1.7088E-14   2.7161E-10  3.9691E-10   
1.00E+09  0.431  5.062   6.7049E-12  9.5887E-12   0.0000E+00  0.0000E+00   3.0569E-10  8.6853E-10   7.1872E-07  1.4860E-06   
1.00E+09  0.862  4.708   2.9381E-06  8.9096E-06   0.0000E+00  0.0000E+00   6.4674E-06  3.4846E-05   8.7753E-04  2.9708E-03   
1.00E+09  2.585  1.972   3.8510E-02  3.9253E-01   0.0000E+00  0.0000E+00   2.1105E-01  3.4633E+00   5.6505E-02  2.6030E-01   
1.00E+10  0.001  11.119  0.0000E+00  0.0000E+00   0.0000E+00  0.0000E+00   0.0000E+00  0.0000E+00   0.0000E+00  0.0000E+00   
1.00E+10  0.009  11.118  3.1303E-181 8.1031E-183  0.0000E+00  0.0000E+00   0.0000E+00  0.0000E+00   0.0000E+00  0.0000E+00   
1.00E+10  0.017  11.118  4.4474E-95  2.3054E-96   0.0000E+00  0.0000E+00   4.3215E-301 6.3267E-301  1.5403E-230 1.9131E-231  
1.00E+10  0.034  11.118  1.0445E-50  1.0859E-51   0.0000E+00  0.0000E+00   6.2178E-154 9.2918E-154  8.2631E-118 1.3843E-118  
1.00E+10  0.060  11.117  4.2507E-31  7.9964E-32   0.0000E+00  0.0000E+00   1.2882E-90  1.9898E-90   3.4826E-69  9.0362E-70   
1.00E+10  0.086  11.116  4.8883E-23  1.3890E-23   0.0000E+00  0.0000E+00   3.7452E-65  5.9971E-65   1.5803E-49  5.6118E-50   
1.00E+10  0.129  11.113  1.5138E-16  6.8063E-17   0.0000E+00  0.0000E+00   3.3786E-45  5.7771E-45   4.9471E-34  2.5416E-34   
1.00E+10  0.172  11.109  3.7682E-13  2.3335E-13   0.0000E+00  0.0000E+00   4.1647E-35  7.6426E-35   3.8191E-26  2.5780E-26   
1.00E+10  0.259  11.098  1.5362E-09  1.4622E-09   0.0000E+00  0.0000E+00   7.7763E-25  1.6566E-24   4.6863E-18  4.6709E-18   
1.00E+10  0.431  11.063  2.5403E-06  4.1585E-06   0.0000E+00  0.0000E+00   2.7306E-16  7.7582E-16   2.4758E-11  3.7826E-11   
1.00E+10  0.862  10.898  2.3362E-03  8.0904E-03   0.0000E+00  0.0000E+00   4.9079E-09  2.6443E-08   4.3534E-06  1.1004E-05   
1.00E+10  2.585  9.163   5.9190E-01  6.1779E+00   0.0000E+00  0.0000E+00   1.3353E-02  2.1784E-01   1.1390E-02  4.8994E-02   
1.00E+11  0.001  23.934  1.0024E+01  6.8979E+01   0.0000E+00  0.0000E+00   0.0000E+00  0.0000E+00   0.0000E+00  0.0000E+00   
1.00E+11  0.009  23.934  1.0022E+01  6.8965E+01   0.0000E+00  0.0000E+00   0.0000E+00  0.0000E+00   0.0000E+00  0.0000E+00   
1.00E+11  0.017  23.933  1.0021E+01  6.8956E+01   0.0000E+00  0.0000E+00   0.0000E+00  0.0000E+00   0.0000E+00  0.0000E+00   
1.00E+11  0.034  23.934  1.0024E+01  6.8986E+01   0.0000E+00  0.0000E+00   2.5579E-316 3.6974E-316  0.0000E+00  0.0000E+00   
1.00E+11  0.060  23.933  1.0028E+01  6.9034E+01   0.0000E+00  0.0000E+00   6.8989E-183 1.0656E-182  0.0000E+00  0.0000E+00   
1.00E+11  0.086  23.933  1.0034E+01  6.9112E+01   0.0000E+00  0.0000E+00   9.5630E-130 1.5313E-129  0.0000E+00  0.0000E+00   
1.00E+11  0.129  23.931  1.0049E+01  6.9303E+01   0.0000E+00  0.0000E+00   2.8965E-88  4.9527E-88   0.0000E+00  0.0000E+00   
1.00E+11  0.172  23.930  1.0070E+01  6.9578E+01   0.0000E+00  0.0000E+00   2.0617E-67  3.7835E-67   0.0000E+00  0.0000E+00   
1.00E+11  0.259  23.924  1.0145E+01  7.0479E+01   0.0000E+00  0.0000E+00   2.2079E-46  4.7035E-46   0.0000E+00  0.0000E+00   
1.00E+11  0.431  23.908  1.0482E+01  7.4309E+01   0.0000E+00  0.0000E+00   3.0844E-29  8.7634E-29   0.0000E+00  0.0000E+00   
1.00E+11  0.862  23.832  1.3911E+01  1.1394E+02   0.0000E+00  0.0000E+00   1.4887E-15  8.0211E-15   0.0000E+00  0.0000E+00   
1.00E+11  2.585  23.015  4.6701E+01  6.7251E+02   0.0000E+00  0.0000E+00   6.2962E-05  1.0267E-03   0.0000E+00  0.0000E+00   
