1.00E+04  0.001  0.523   0.0000E+00  0.0000E+00   0.0000E+00  0.0000E+00   0.0000E+00  0.0000E+00   1.9626E-02  5.8179E-02   
1.00E+04  0.009  0.516   0.0000E+00  0.0000E+00   0.0000E+00  0.0000E+00   4.5158E-59  2.5435E-58   1.9628E-02  5.8201E-02   
1.00E+04  0.017  0.498   0.0000E+00  0.0000E+00   0.0000E+00  0.0000E+00   4.4504E-32  2.5196E-31   1.9640E-02  5.8410E-02   
1.00E+04  0.034  0.444   0.0000E+00  0.0000E+00   0.0000E+00  0.0000E+00   4.4915E-18  2.5735E-17   1.9671E-02  5.8940E-02   
1.00E+04  0.060  0.337   0.0000E+00  0.0000E+00   0.0000E+00  0.0000E+00   1.1705E-11  6.7990E-11   1.9697E-02  5.9396E-02   
1.00E+04  0.086  0.209   0.0000E+00  0.0000E+00   0.0000E+00  0.0000E+00   7.1831E-09  4.2180E-08   1.9710E-02  5.9630E-02   
1.00E+04  0.129  0.047   0.0000E+00  0.0000E+00   0.0000E+00  0.0000E+00   9.4433E-07  5.6366E-06   1.9721E-02  5.9827E-02   
1.00E+04  0.172  0.014   0.0000E+00  0.0000E+00   0.0000E+00  0.0000E+00   6.2728E-06  3.8048E-05   1.9723E-02  5.9918E-02   
1.00E+04  0.259  0.004   0.0000E+00  0.0000E+00   0.0000E+00  0.0000E+00   4.5733E-05  2.8700E-04   1.9780E-02  6.0304E-02   
1.00E+04  0.431  0.001   0.0000E+00  0.0000E+00   0.0000E+00  0.0000E+00   3.7779E-04  2.5795E-03   2.1719E-02  7.0578E-02   
1.00E+04  0.862  0.000   0.0000E+00  0.0000E+00   0.0000E+00  0.0000E+00   5.9525E-03  5.4504E-02   5.3386E-02  2.3997E-01   
1.00E+04  2.585  0.000   0.0000E+00  0.0000E+00   0.0000E+00  0.0000E+00   5.4543E-01  1.0399E+01   2.0649E-01  1.1034E+00   
1.00E+05  0.001  0.565   0.0000E+00  0.0000E+00   0.0000E+00  0.0000E+00   0.0000E+00  0.0000E+00   1.9606E-02  5.8083E-02   
1.00E+05  0.009  0.563   0.0000E+00  0.0000E+00   0.0000E+00  0.0000E+00   1.9846E-61  1.1178E-60   1.9607E-02  5.8103E-02   
1.00E+05  0.017  0.558   0.0000E+00  0.0000E+00   0.0000E+00  0.0000E+00   1.3853E-33  7.8429E-33   1.9620E-02  5.8314E-02   
1.00E+05  0.034  0.537   0.0000E+00  0.0000E+00   0.0000E+00  0.0000E+00   3.0316E-19  1.7370E-18   1.9653E-02  5.8853E-02   
1.00E+05  0.060  0.485   0.0000E+00  0.0000E+00   0.0000E+00  0.0000E+00   1.0048E-12  5.8363E-12   1.9681E-02  5.9320E-02   
1.00E+05  0.086  0.413   0.0000E+00  0.0000E+00   0.0000E+00  0.0000E+00   6.6837E-10  3.9248E-09   1.9696E-02  5.9561E-02   
1.00E+05  0.129  0.265   0.0000E+00  0.0000E+00   0.0000E+00  0.0000E+00   1.7487E-07  1.0437E-06   1.9709E-02  5.9772E-02   
1.00E+05  0.172  0.128   0.0000E+00  0.0000E+00   0.0000E+00  0.0000E+00   3.2451E-06  1.9681E-05   1.9715E-02  5.9881E-02   
1.00E+05  0.259  0.035   0.0000E+00  0.0000E+00   0.0000E+00  0.0000E+00   4.0553E-05  2.5445E-04   1.9775E-02  6.0280E-02   
1.00E+05  0.431  0.009   0.0000E+00  0.0000E+00   0.0000E+00  0.0000E+00   3.7093E-04  2.5324E-03   2.1715E-02  7.0561E-02   
1.00E+05  0.862  0.002   0.0000E+00  0.0000E+00   0.0000E+00  0.0000E+00   5.9409E-03  5.4397E-02   5.3383E-02  2.3995E-01   
1.00E+05  2.585  0.000   0.0000E+00  0.0000E+00   0.0000E+00  0.0000E+00   5.4539E-01  1.0399E+01   2.0649E-01  1.1033E+00   
1.00E+06  0.001  0.726   0.0000E+00  0.0000E+00   0.0000E+00  0.0000E+00   0.0000E+00  0.0000E+00   1.9466E-02  5.7435E-02   
1.00E+06  0.009  0.725   0.0000E+00  0.0000E+00   0.0000E+00  0.0000E+00   1.3193E-69  7.4311E-69   1.9468E-02  5.7457E-02   
1.00E+06  0.017  0.724   0.0000E+00  0.0000E+00   0.0000E+00  0.0000E+00   9.0789E-38  5.1401E-37   1.9481E-02  5.7667E-02   
1.00E+06  0.034  0.718   0.0000E+00  0.0000E+00   0.0000E+00  0.0000E+00   1.6142E-21  9.2490E-21   1.9517E-02  5.8214E-02   
1.00E+06  0.060  0.700   0.0000E+00  0.0000E+00   0.0000E+00  0.0000E+00   2.8330E-14  1.6455E-13   1.9550E-02  5.8700E-02   
1.00E+06  0.086  0.672   0.0000E+00  0.0000E+00   0.0000E+00  0.0000E+00   3.3223E-11  1.9509E-10   1.9570E-02  5.8964E-02   
1.00E+06  0.129  0.604   0.0000E+00  0.0000E+00   0.0000E+00  0.0000E+00   1.2759E-08  7.6153E-08   1.9591E-02  5.9218E-02   
1.00E+06  0.172  0.512   0.0000E+00  0.0000E+00   0.0000E+00  0.0000E+00   3.5199E-07  2.1345E-06   1.9608E-02  5.9383E-02   
1.00E+06  0.259  0.299   0.0000E+00  0.0000E+00   0.0000E+00  0.0000E+00   1.4861E-05  9.3188E-05   1.9701E-02  5.9942E-02   
1.00E+06  0.431  0.091   0.0000E+00  0.0000E+00   0.0000E+00  0.0000E+00   3.0888E-04  2.1075E-03   2.1673E-02  7.0377E-02   
1.00E+06  0.862  0.020   0.0000E+00  0.0000E+00   0.0000E+00  0.0000E+00   5.8262E-03  5.3339E-02   5.3354E-02  2.3979E-01   
1.00E+06  2.585  0.002   0.0000E+00  0.0000E+00   0.0000E+00  0.0000E+00   5.4501E-01  1.0391E+01   2.0647E-01  1.1032E+00   
1.00E+07  0.001  1.223   0.0000E+00  0.0000E+00   0.0000E+00  0.0000E+00   0.0000E+00  0.0000E+00   1.8435E-02  5.2966E-02   
1.00E+07  0.009  1.222   0.0000E+00  0.0000E+00   0.0000E+00  0.0000E+00   1.1557E-94  6.5092E-94   1.8439E-02  5.2994E-02   
1.00E+07  0.017  1.222   0.0000E+00  0.0000E+00   0.0000E+00  0.0000E+00   2.6182E-50  1.4823E-49   1.8462E-02  5.3229E-02   
1.00E+07  0.034  1.219   0.0000E+00  0.0000E+00   0.0000E+00  0.0000E+00   7.7821E-28  4.4588E-27   1.8523E-02  5.3831E-02   
1.00E+07  0.060  1.212   0.0000E+00  0.0000E+00   0.0000E+00  0.0000E+00   5.8677E-18  3.4082E-17   1.8580E-02  5.4377E-02   
1.00E+07  0.086  1.200   0.0000E+00  0.0000E+00   0.0000E+00  0.0000E+00   7.2217E-14  4.2407E-13   1.8615E-02  5.4692E-02   
1.00E+07  0.129  1.173   0.0000E+00  0.0000E+00   0.0000E+00  0.0000E+00   1.5663E-10  9.3483E-10   1.8659E-02  5.5044E-02   
1.00E+07  0.172  1.133   0.0000E+00  0.0000E+00   0.0000E+00  0.0000E+00   9.5815E-09  5.8100E-08   1.8701E-02  5.5336E-02   
1.00E+07  0.259  1.021   0.0000E+00  0.0000E+00   0.0000E+00  0.0000E+00   9.1545E-07  5.7382E-06   1.8865E-02  5.6257E-02   
1.00E+07  0.431  0.698   0.0000E+00  0.0000E+00   0.0000E+00  0.0000E+00   7.7801E-05  5.2964E-04   2.1081E-02  6.7792E-02   
1.00E+07  0.862  0.196   0.0000E+00  0.0000E+00   0.0000E+00  0.0000E+00   4.7955E-03  4.3844E-02   5.3036E-02  2.3807E-01   
1.00E+07  2.585  0.021   0.0000E+00  0.0000E+00   0.0000E+00  0.0000E+00   5.4126E-01  1.0319E+01   2.0629E-01  1.1020E+00   
1.00E+08  0.001  2.447   0.0000E+00  0.0000E+00   0.0000E+00  0.0000E+00   0.0000E+00  0.0000E+00   1.2523E-02  3.1739E-02   
1.00E+08  0.009  2.447   0.0000E+00  0.0000E+00   0.0000E+00  0.0000E+00   2.2434E-156 1.2636E-155  1.2532E-02  3.1772E-02   
1.00E+08  0.017  2.446   0.0000E+00  0.0000E+00   0.0000E+00  0.0000E+00   3.6254E-81  2.0526E-80   1.2599E-02  3.2033E-02   
1.00E+08  0.034  2.445   0.0000E+00  0.0000E+00   0.0000E+00  0.0000E+00   2.7704E-43  1.5873E-42   1.2768E-02  3.2692E-02   
1.00E+08  0.060  2.442   0.0000E+00  0.0000E+00   0.0000E+00  0.0000E+00   8.1752E-27  4.7485E-26   1.2926E-02  3.3314E-02   
1.00E+08  0.086  2.437   0.0000E+00  0.0000E+00   0.0000E+00  0.0000E+00   4.2527E-20  2.4972E-19   1.3023E-02  3.3704E-02   
1.00E+08  0.129  2.424   0.0000E+00  0.0000E+00   0.0000E+00  0.0000E+00   9.7895E-15  5.8429E-14   1.3143E-02  3.4208E-02   
1.00E+08  0.172  2.406   0.0000E+00  0.0000E+00   0.0000E+00  0.0000E+00   5.9500E-12  3.6080E-11   1.3258E-02  3.4700E-02   
1.00E+08  0.259  2.355   0.0000E+00  0.0000E+00   0.0000E+00  0.0000E+00   5.2707E-09  3.3037E-08   1.3584E-02  3.6146E-02   
1.00E+08  0.431  2.192   0.0000E+00  0.0000E+00   0.0000E+00  0.0000E+00   2.4518E-06  1.6678E-05   1.6167E-02  4.8393E-02   
1.00E+08  0.862  1.493   0.0000E+00  0.0000E+00   0.0000E+00  0.0000E+00   1.1050E-03  1.0051E-02   4.8805E-02  2.1550E-01   
1.00E+08  2.585  0.209   0.0000E+00  0.0000E+00   0.0000E+00  0.0000E+00   5.0505E-01  9.6197E+00   2.0438E-01  1.0900E+00   
1.00E+09  0.001  5.181   0.0000E+00  0.0000E+00   0.0000E+00  0.0000E+00   0.0000E+00  0.0000E+00   1.4234E-03  2.7530E-03   
1.00E+09  0.009  5.180   0.0000E+00  0.0000E+00   0.0000E+00  0.0000E+00   3.7569E-294 2.1160E-293  1.4246E-03  2.7526E-03   
1.00E+09  0.017  5.180   0.0000E+00  0.0000E+00   0.0000E+00  0.0000E+00   4.6670E-150 2.6422E-149  1.4276E-03  2.7193E-03   
1.00E+09  0.034  5.180   0.0000E+00  0.0000E+00   0.0000E+00  0.0000E+00   9.7453E-78  5.5837E-77   1.4348E-03  2.6326E-03   
1.00E+09  0.060  5.178   0.0000E+00  0.0000E+00   0.0000E+00  0.0000E+00   1.6280E-46  9.4562E-46   1.4471E-03  2.5731E-03   
1.00E+09  0.086  5.176   0.0000E+00  0.0000E+00   0.0000E+00  0.0000E+00   6.6680E-34  3.9156E-33   1.4621E-03  2.5640E-03   
1.00E+09  0.129  5.170   0.0000E+00  0.0000E+00   0.0000E+00  0.0000E+00   5.8164E-24  3.4715E-23   1.4959E-03  2.6081E-03   
1.00E+09  0.172  5.161   0.0000E+00  0.0000E+00   0.0000E+00  0.0000E+00   6.7730E-19  4.1070E-18   1.5429E-03  2.7048E-03   
1.00E+09  0.259  5.138   0.0000E+00  0.0000E+00   0.0000E+00  0.0000E+00   1.1135E-13  6.9794E-13   1.7110E-03  3.1399E-03   
1.00E+09  0.431  5.062   0.0000E+00  0.0000E+00   0.0000E+00  0.0000E+00   3.1376E-09  2.1343E-08   3.2087E-03  8.1938E-03   
1.00E+09  0.862  4.708   0.0000E+00  0.0000E+00   0.0000E+00  0.0000E+00   2.6811E-05  2.4347E-04   2.5031E-02  9.8822E-02   
1.00E+09  2.585  1.972   0.0000E+00  0.0000E+00   0.0000E+00  0.0000E+00   2.6158E-01  4.9501E+00   1.8216E-01  9.5220E-01   
1.00E+10  0.001  11.119  0.0000E+00  0.0000E+00   0.0000E+00  0.0000E+00   0.0000E+00  0.0000E+00   0.0000E+00  0.0000E+00   
1.00E+10  0.009  11.118  0.0000E+00  0.0000E+00   0.0000E+00  0.0000E+00   0.0000E+00  0.0000E+00   2.9158E-165 2.3723E-166  
1.00E+10  0.017  11.118  0.0000E+00  0.0000E+00   0.0000E+00  0.0000E+00   1.0979E-299 6.2157E-299  9.1139E-86  8.6919E-87   
1.00E+10  0.034  11.118  0.0000E+00  0.0000E+00   0.0000E+00  0.0000E+00   1.4813E-152 8.4872E-152  7.1161E-46  9.7074E-47   
1.00E+10  0.060  11.117  0.0000E+00  0.0000E+00   0.0000E+00  0.0000E+00   2.8340E-89  1.6461E-88   1.5074E-28  3.1970E-29   
1.00E+10  0.086  11.116  0.0000E+00  0.0000E+00   0.0000E+00  0.0000E+00   7.6911E-64  4.5163E-63   1.8540E-21  5.4806E-22   
1.00E+10  0.129  11.113  0.0000E+00  0.0000E+00   0.0000E+00  0.0000E+00   6.2419E-44  3.7255E-43   9.3695E-16  4.2398E-16   
1.00E+10  0.172  11.109  0.0000E+00  0.0000E+00   0.0000E+00  0.0000E+00   6.9595E-34  4.2201E-33   9.3277E-13  5.7610E-13   
1.00E+10  0.259  11.098  0.0000E+00  0.0000E+00   0.0000E+00  0.0000E+00   1.0795E-23  6.7663E-23   1.4656E-09  1.3552E-09   
1.00E+10  0.431  11.063  0.0000E+00  0.0000E+00   0.0000E+00  0.0000E+00   2.8027E-15  1.9065E-14   1.0360E-06  1.5854E-06   
1.00E+10  0.862  10.898  0.0000E+00  0.0000E+00   0.0000E+00  0.0000E+00   2.0349E-08  1.8478E-07   3.9947E-04  1.0937E-03   
1.00E+10  2.585  9.163   0.0000E+00  0.0000E+00   0.0000E+00  0.0000E+00   1.6643E-02  3.1265E-01   4.9944E-02  2.3326E-01   
1.00E+11  0.001  23.934  0.0000E+00  0.0000E+00   0.0000E+00  0.0000E+00   0.0000E+00  0.0000E+00   0.0000E+00  0.0000E+00   
1.00E+11  0.009  23.934  0.0000E+00  0.0000E+00   0.0000E+00  0.0000E+00   0.0000E+00  0.0000E+00   0.0000E+00  0.0000E+00   
1.00E+11  0.017  23.933  0.0000E+00  0.0000E+00   0.0000E+00  0.0000E+00   0.0000E+00  0.0000E+00   0.0000E+00  0.0000E+00   
1.00E+11  0.034  23.934  0.0000E+00  0.0000E+00   0.0000E+00  0.0000E+00   6.4654E-315 3.6759E-314  0.0000E+00  0.0000E+00   
1.00E+11  0.060  23.933  0.0000E+00  0.0000E+00   0.0000E+00  0.0000E+00   1.5177E-181 8.8153E-181  0.0000E+00  0.0000E+00   
1.00E+11  0.086  23.933  0.0000E+00  0.0000E+00   0.0000E+00  0.0000E+00   1.9638E-128 1.1532E-127  0.0000E+00  0.0000E+00   
1.00E+11  0.129  23.931  0.0000E+00  0.0000E+00   0.0000E+00  0.0000E+00   5.3511E-87  3.1938E-86   0.0000E+00  0.0000E+00   
1.00E+11  0.172  23.930  0.0000E+00  0.0000E+00   0.0000E+00  0.0000E+00   3.4453E-66  2.0892E-65   0.0000E+00  0.0000E+00   
1.00E+11  0.259  23.924  0.0000E+00  0.0000E+00   0.0000E+00  0.0000E+00   3.0649E-45  1.9211E-44   0.0000E+00  0.0000E+00   
1.00E+11  0.431  23.908  0.0000E+00  0.0000E+00   0.0000E+00  0.0000E+00   3.1658E-28  2.1535E-27   0.0000E+00  0.0000E+00   
1.00E+11  0.862  23.832  0.0000E+00  0.0000E+00   0.0000E+00  0.0000E+00   6.1723E-15  5.6048E-14   0.0000E+00  0.0000E+00   
1.00E+11  2.585  23.015  0.0000E+00  0.0000E+00   0.0000E+00  0.0000E+00   7.8507E-05  1.4741E-03   0.0000E+00  0.0000E+00   
