1.00E+04  0.001  0.523   0.0000E+00  0.0000E+00   0.0000E+00  0.0000E+00   0.0000E+00  0.0000E+00   2.0430E-02  6.5178E-02   
1.00E+04  0.009  0.516   0.0000E+00  0.0000E+00   0.0000E+00  0.0000E+00   4.0007E-59  2.3246E-58   2.0438E-02  6.5212E-02   
1.00E+04  0.017  0.498   0.0000E+00  0.0000E+00   0.0000E+00  0.0000E+00   3.9579E-32  2.3120E-31   2.0519E-02  6.5572E-02   
1.00E+04  0.034  0.444   1.7964E-174 1.8718E-175  0.0000E+00  0.0000E+00   4.0355E-18  2.3866E-17   2.0726E-02  6.6488E-02   
1.00E+04  0.060  0.337   1.9480E-102 3.5724E-103  0.0000E+00  0.0000E+00   1.0613E-11  6.3629E-11   2.0904E-02  6.7278E-02   
1.00E+04  0.086  0.209   1.5296E-73  4.0295E-74   0.0000E+00  0.0000E+00   6.5429E-09  3.9645E-08   2.0995E-02  6.7682E-02   
1.00E+04  0.129  0.047   1.0192E-50  4.0644E-51   0.0000E+00  0.0000E+00   8.6352E-07  5.3139E-06   2.1073E-02  6.8028E-02   
1.00E+04  0.172  0.014   7.2873E-39  3.9091E-39   0.0000E+00  0.0000E+00   5.7471E-06  3.5901E-05   2.1112E-02  6.8199E-02   
1.00E+04  0.259  0.004   9.4614E-27  7.7438E-27   0.0000E+00  0.0000E+00   4.1979E-05  2.7067E-04   2.1208E-02  6.8656E-02   
1.00E+04  0.431  0.001   8.8264E-17  1.2422E-16   0.0000E+00  0.0000E+00   3.4832E-04  2.4317E-03   2.3159E-02  7.8802E-02   
1.00E+04  0.862  0.000   6.9707E-09  2.0841E-08   0.0000E+00  0.0000E+00   5.6496E-03  5.2411E-02   5.4575E-02  2.4643E-01   
1.00E+04  2.585  0.000   9.9069E-03  9.9143E-02   0.0000E+00  0.0000E+00   5.4129E-01  1.0336E+01   2.0709E-01  1.1081E+00   
1.00E+05  0.001  0.565   0.0000E+00  0.0000E+00   0.0000E+00  0.0000E+00   0.0000E+00  0.0000E+00   2.0412E-02  6.5088E-02   
1.00E+05  0.009  0.563   0.0000E+00  0.0000E+00   0.0000E+00  0.0000E+00   1.7582E-61  1.0216E-60   2.0419E-02  6.5120E-02   
1.00E+05  0.017  0.558   0.0000E+00  0.0000E+00   0.0000E+00  0.0000E+00   1.2320E-33  7.1966E-33   2.0501E-02  6.5482E-02   
1.00E+05  0.034  0.537   2.6614E-173 2.7733E-174  0.0000E+00  0.0000E+00   2.7238E-19  1.6109E-18   2.0709E-02  6.6406E-02   
1.00E+05  0.060  0.485   2.2693E-101 4.1616E-102  0.0000E+00  0.0000E+00   9.1100E-13  5.4620E-12   2.0889E-02  6.7205E-02   
1.00E+05  0.086  0.413   1.6439E-72  4.3308E-73   0.0000E+00  0.0000E+00   6.0880E-10  3.6889E-09   2.0982E-02  6.7616E-02   
1.00E+05  0.129  0.265   5.5181E-50  2.2005E-50   0.0000E+00  0.0000E+00   1.5991E-07  9.8396E-07   2.1062E-02  6.7974E-02   
1.00E+05  0.172  0.128   1.4158E-38  7.5947E-39   0.0000E+00  0.0000E+00   2.9732E-06  1.8570E-05   2.1105E-02  6.8162E-02   
1.00E+05  0.259  0.035   1.0702E-26  8.7591E-27   0.0000E+00  0.0000E+00   3.7224E-05  2.3998E-04   2.1203E-02  6.8633E-02   
1.00E+05  0.431  0.009   8.9973E-17  1.2663E-16   0.0000E+00  0.0000E+00   3.4199E-04  2.3874E-03   2.3155E-02  7.8785E-02   
1.00E+05  0.862  0.002   6.9851E-09  2.0884E-08   0.0000E+00  0.0000E+00   5.6386E-03  5.2308E-02   5.4572E-02  2.4642E-01   
1.00E+05  2.585  0.000   9.9076E-03  9.9150E-02   0.0000E+00  0.0000E+00   5.4125E-01  1.0335E+01   2.0709E-01  1.1081E+00   
1.00E+06  0.001  0.726   0.0000E+00  0.0000E+00   0.0000E+00  0.0000E+00   0.0000E+00  0.0000E+00   2.0287E-02  6.4480E-02   
1.00E+06  0.009  0.725   0.0000E+00  0.0000E+00   0.0000E+00  0.0000E+00   1.1689E-69  6.7915E-69   2.0295E-02  6.4514E-02   
1.00E+06  0.017  0.724   0.0000E+00  0.0000E+00   0.0000E+00  0.0000E+00   8.0743E-38  4.7165E-37   2.0376E-02  6.4872E-02   
1.00E+06  0.034  0.718   4.9983E-171 5.2083E-172  0.0000E+00  0.0000E+00   1.4503E-21  8.5776E-21   2.0586E-02  6.5796E-02   
1.00E+06  0.060  0.700   8.0488E-100 1.4760E-100  0.0000E+00  0.0000E+00   2.5685E-14  1.5400E-13   2.0769E-02  6.6607E-02   
1.00E+06  0.086  0.672   3.3072E-71  8.7127E-72   0.0000E+00  0.0000E+00   3.0262E-11  1.8337E-10   2.0866E-02  6.7037E-02   
1.00E+06  0.129  0.604   7.5668E-49  3.0175E-49   0.0000E+00  0.0000E+00   1.1667E-08  7.1793E-08   2.0953E-02  6.7434E-02   
1.00E+06  0.172  0.512   1.3116E-37  7.0359E-38   0.0000E+00  0.0000E+00   3.2249E-07  2.0141E-06   2.1005E-02  6.7673E-02   
1.00E+06  0.259  0.299   2.9643E-26  2.4261E-26   0.0000E+00  0.0000E+00   1.3642E-05  8.7895E-05   2.1133E-02  6.8299E-02   
1.00E+06  0.431  0.091   1.0887E-16  1.5322E-16   0.0000E+00  0.0000E+00   2.8479E-04  1.9869E-03   2.3116E-02  7.8600E-02   
1.00E+06  0.862  0.020   7.1303E-09  2.1318E-08   0.0000E+00  0.0000E+00   5.5298E-03  5.1291E-02   5.4543E-02  2.4626E-01   
1.00E+06  2.585  0.002   9.9148E-03  9.9222E-02   0.0000E+00  0.0000E+00   5.4088E-01  1.0328E+01   2.0707E-01  1.1080E+00   
1.00E+07  0.001  1.223   0.0000E+00  0.0000E+00   0.0000E+00  0.0000E+00   0.0000E+00  0.0000E+00   1.9361E-02  6.0234E-02   
1.00E+07  0.009  1.222   0.0000E+00  0.0000E+00   0.0000E+00  0.0000E+00   1.0238E-94  5.9489E-94   1.9370E-02  6.0273E-02   
1.00E+07  0.017  1.222   4.9407E-324 0.0000E+00   0.0000E+00  0.0000E+00   2.3285E-50  1.3601E-49   1.9456E-02  6.0635E-02   
1.00E+07  0.034  1.219   1.0368E-164 1.0804E-165  0.0000E+00  0.0000E+00   6.9919E-28  4.1351E-27   1.9678E-02  6.1564E-02   
1.00E+07  0.060  1.212   3.8861E-96  7.1265E-97   0.0000E+00  0.0000E+00   5.3199E-18  3.1896E-17   1.9874E-02  6.2391E-02   
1.00E+07  0.086  1.200   1.5215E-68  4.0082E-69   0.0000E+00  0.0000E+00   6.5781E-14  3.9858E-13   1.9980E-02  6.2848E-02   
1.00E+07  0.129  1.173   6.1643E-47  2.4582E-47   0.0000E+00  0.0000E+00   1.4322E-10  8.8131E-10   2.0084E-02  6.3319E-02   
1.00E+07  0.172  1.133   4.8212E-36  2.5862E-36   0.0000E+00  0.0000E+00   8.7785E-09  5.4823E-08   2.0157E-02  6.3669E-02   
1.00E+07  0.259  1.021   4.8519E-25  3.9711E-25   0.0000E+00  0.0000E+00   8.4032E-07  5.4125E-06   2.0347E-02  6.4630E-02   
1.00E+07  0.431  0.698   4.4497E-16  6.2625E-16   0.0000E+00  0.0000E+00   7.1736E-05  4.9944E-04   2.2552E-02  7.5994E-02   
1.00E+07  0.862  0.196   8.7489E-09  2.6158E-08   0.0000E+00  0.0000E+00   4.5516E-03  4.2164E-02   5.4228E-02  2.4450E-01   
1.00E+07  2.585  0.021   9.9871E-03  9.9946E-02   0.0000E+00  0.0000E+00   5.3715E-01  1.0256E+01   2.0688E-01  1.1068E+00   
1.00E+08  0.001  2.447   0.0000E+00  0.0000E+00   0.0000E+00  0.0000E+00   0.0000E+00  0.0000E+00   1.3931E-02  3.9153E-02   
1.00E+08  0.009  2.447   0.0000E+00  0.0000E+00   0.0000E+00  0.0000E+00   1.9875E-156 1.1548E-155  1.3943E-02  3.9189E-02   
1.00E+08  0.017  2.446   4.3992E-293 2.2833E-294  0.0000E+00  0.0000E+00   3.2243E-81  1.8834E-80   1.4046E-02  3.9492E-02   
1.00E+08  0.034  2.445   2.9123E-149 3.0347E-150  0.0000E+00  0.0000E+00   2.4891E-43  1.4721E-42   1.4306E-02  4.0258E-02   
1.00E+08  0.060  2.442   2.7892E-87  5.1150E-88   0.0000E+00  0.0000E+00   7.4120E-27  4.4439E-26   1.4541E-02  4.0971E-02   
1.00E+08  0.086  2.437   2.5837E-62  6.8066E-63   0.0000E+00  0.0000E+00   3.8736E-20  2.3471E-19   1.4677E-02  4.1406E-02   
1.00E+08  0.129  2.424   9.8626E-43  3.9329E-43   0.0000E+00  0.0000E+00   8.9518E-15  5.5084E-14   1.4827E-02  4.1945E-02   
1.00E+08  0.172  2.406   7.7639E-33  4.1648E-33   0.0000E+00  0.0000E+00   5.4514E-12  3.4045E-11   1.4953E-02  4.2452E-02   
1.00E+08  0.259  2.355   8.4317E-23  6.9010E-23   0.0000E+00  0.0000E+00   4.8382E-09  3.1162E-08   1.5279E-02  4.3893E-02   
1.00E+08  0.431  2.192   1.4258E-14  2.0067E-14   0.0000E+00  0.0000E+00   2.2607E-06  1.5728E-05   1.7794E-02  5.5943E-02   
1.00E+08  0.862  1.493   3.9412E-08  1.1784E-07   0.0000E+00  0.0000E+00   1.0489E-03  9.6684E-03   5.0021E-02  2.2152E-01   
1.00E+08  2.585  0.209   1.0739E-02  1.0748E-01   0.0000E+00  0.0000E+00   5.0123E-01  9.5611E+00   2.0497E-01  1.0948E+00   
1.00E+09  0.001  5.181   0.0000E+00  0.0000E+00   0.0000E+00  0.0000E+00   0.0000E+00  0.0000E+00   2.2560E-03  4.4950E-03   
1.00E+09  0.009  5.180   0.0000E+00  0.0000E+00   0.0000E+00  0.0000E+00   3.3284E-294 1.9339E-293  2.2572E-03  4.4940E-03   
1.00E+09  0.017  5.180   3.3354E-224 1.7326E-225  0.0000E+00  0.0000E+00   4.1505E-150 2.4245E-149  2.2549E-03  4.4385E-03   
1.00E+09  0.034  5.180   8.0977E-115 8.4478E-116  0.0000E+00  0.0000E+00   8.7558E-78  5.1783E-77   2.2481E-03  4.2938E-03   
1.00E+09  0.060  5.178   1.3719E-67  2.5209E-68   0.0000E+00  0.0000E+00   1.4760E-46  8.8497E-46   2.2494E-03  4.1899E-03   
1.00E+09  0.086  5.176   1.6170E-48  4.2726E-49   0.0000E+00  0.0000E+00   6.0737E-34  3.6802E-33   2.2599E-03  4.1657E-03   
1.00E+09  0.129  5.170   1.6344E-33  6.5437E-34   0.0000E+00  0.0000E+00   5.3187E-24  3.2728E-23   2.2929E-03  4.2147E-03   
1.00E+09  0.172  5.161   6.7336E-26  3.6273E-26   0.0000E+00  0.0000E+00   6.2054E-19  3.8754E-18   2.3433E-03  4.3378E-03   
1.00E+09  0.259  5.138   3.9521E-18  3.2475E-18   0.0000E+00  0.0000E+00   1.0221E-13  6.5832E-13   2.5247E-03  4.8641E-03   
1.00E+09  0.431  5.062   1.1057E-11  1.5619E-11   0.0000E+00  0.0000E+00   2.8931E-09  2.0127E-08   4.0840E-03  1.0206E-02   
1.00E+09  0.862  4.708   1.6333E-06  4.8983E-06   0.0000E+00  0.0000E+00   2.5451E-05  2.3422E-04   2.5827E-02  1.0133E-01   
1.00E+09  2.585  1.972   2.1213E-02  2.1246E-01   0.0000E+00  0.0000E+00   2.5961E-01  4.9201E+00   1.8272E-01  9.5659E-01   
1.00E+10  0.001  11.119  0.0000E+00  0.0000E+00   0.0000E+00  0.0000E+00   0.0000E+00  0.0000E+00   0.0000E+00  0.0000E+00   
1.00E+10  0.009  11.118  2.5034E-143 6.4799E-145  0.0000E+00  0.0000E+00   0.0000E+00  0.0000E+00   2.9158E-165 2.3723E-166  
1.00E+10  0.017  11.118  4.0415E-75  2.0949E-76   0.0000E+00  0.0000E+00   9.7638E-300 5.7034E-299  9.1139E-86  8.6919E-87   
1.00E+10  0.034  11.118  1.5189E-40  1.5789E-41   0.0000E+00  0.0000E+00   1.3309E-152 7.8711E-152  7.1161E-46  9.7074E-47   
1.00E+10  0.060  11.117  2.2840E-25  4.1849E-26   0.0000E+00  0.0000E+00   2.5694E-89  1.5405E-88   1.5074E-28  3.1971E-29   
1.00E+10  0.086  11.116  4.1297E-19  1.0998E-19   0.0000E+00  0.0000E+00   7.0056E-64  4.2449E-63   1.8541E-21  5.4811E-22   
1.00E+10  0.129  11.113  4.7299E-14  1.9773E-14   0.0000E+00  0.0000E+00   5.7078E-44  3.5122E-43   9.3707E-16  4.2405E-16   
1.00E+10  0.172  11.109  2.1894E-11  1.2635E-11   0.0000E+00  0.0000E+00   6.3763E-34  3.9821E-33   9.3296E-13  5.7624E-13   
1.00E+10  0.259  11.098  1.5551E-08  1.3933E-08   0.0000E+00  0.0000E+00   9.9090E-24  6.3822E-23   1.4670E-09  1.3566E-09   
1.00E+10  0.431  11.063  5.7286E-06  8.9614E-06   0.0000E+00  0.0000E+00   2.5843E-15  1.7979E-14   1.0420E-06  1.5952E-06   
1.00E+10  0.862  10.898  1.4594E-03  4.8521E-03   0.0000E+00  0.0000E+00   1.9317E-08  1.7776E-07   4.0390E-04  1.1085E-03   
1.00E+10  2.585  9.163   3.3076E-01  3.3690E+00   0.0000E+00  0.0000E+00   1.6518E-02  3.1077E-01   5.0004E-02  2.3421E-01   
1.00E+11  0.001  23.934  1.0582E+01  7.9427E+01   0.0000E+00  0.0000E+00   0.0000E+00  0.0000E+00   0.0000E+00  0.0000E+00   
1.00E+11  0.009  23.934  1.0561E+01  7.9252E+01   0.0000E+00  0.0000E+00   0.0000E+00  0.0000E+00   0.0000E+00  0.0000E+00   
1.00E+11  0.017  23.933  1.0318E+01  7.7316E+01   0.0000E+00  0.0000E+00   0.0000E+00  0.0000E+00   0.0000E+00  0.0000E+00   
1.00E+11  0.034  23.934  9.7006E+00  7.2407E+01   0.0000E+00  0.0000E+00   5.8104E-315 3.4121E-314  0.0000E+00  0.0000E+00   
1.00E+11  0.060  23.933  9.1695E+00  6.8192E+01   0.0000E+00  0.0000E+00   1.3760E-181 8.2499E-181  0.0000E+00  0.0000E+00   
1.00E+11  0.086  23.933  8.9006E+00  6.6075E+01   0.0000E+00  0.0000E+00   1.7888E-128 1.0839E-127  0.0000E+00  0.0000E+00   
1.00E+11  0.129  23.931  8.6748E+00  6.4337E+01   0.0000E+00  0.0000E+00   4.8932E-87  3.0110E-86   0.0000E+00  0.0000E+00   
1.00E+11  0.172  23.930  8.5640E+00  6.3540E+01   0.0000E+00  0.0000E+00   3.1566E-66  1.9713E-65   0.0000E+00  0.0000E+00   
1.00E+11  0.259  23.924  8.4694E+00  6.3025E+01   0.0000E+00  0.0000E+00   2.8134E-45  1.8120E-44   0.0000E+00  0.0000E+00   
1.00E+11  0.431  23.908  8.4631E+00  6.3741E+01   0.0000E+00  0.0000E+00   2.9191E-28  2.0308E-27   0.0000E+00  0.0000E+00   
1.00E+11  0.862  23.832  1.0206E+01  8.4256E+01   0.0000E+00  0.0000E+00   5.8594E-15  5.3921E-14   0.0000E+00  0.0000E+00   
1.00E+11  2.585  23.015  3.0180E+01  4.0968E+02   0.0000E+00  0.0000E+00   7.7918E-05  1.4652E-03   0.0000E+00  0.0000E+00   
