1.00E+04  0.001  0.523   1.7816E-10  2.6500E-10   2.1663E-10  6.0293E-11   0.0000E+00  0.0000E+00   0.0000E+00  0.0000E+00   
1.00E+04  0.009  0.516   1.3774E-10  2.0570E-10   2.1663E-10  6.0293E-11   3.8335E-251 9.9665E-253  1.3956E-297 8.1266E-298  
1.00E+04  0.017  0.498   1.1589E-10  1.7432E-10   2.1689E-10  6.0597E-11   4.7593E-129 2.4876E-130  3.0523E-153 1.7791E-153  
1.00E+04  0.034  0.444   1.2282E-10  2.1644E-10   4.8068E-09  5.5769E-09   2.5963E-67  2.7420E-68   4.5168E-81  2.6352E-81   
1.00E+04  0.060  0.337   1.5180E-09  4.0881E-09   3.0680E-07  3.6858E-07   2.6530E-40  4.9770E-41   3.8651E-50  2.2638E-50   
1.00E+04  0.086  0.209   7.4826E-09  2.0940E-08   1.6488E-06  1.9856E-06   3.2538E-29  8.8462E-30   9.8363E-38  6.0025E-38   
1.00E+04  0.129  0.047   5.2273E-08  1.5254E-07   6.2960E-06  7.6838E-06   1.3819E-20  5.7639E-21   7.1015E-28  5.3685E-28   
1.00E+04  0.172  0.014   3.6193E-07  1.1084E-06   1.3018E-05  1.6252E-05   1.7712E-16  1.0058E-16   1.1905E-22  1.1262E-22   
1.00E+04  0.259  0.004   4.4203E-06  1.5057E-05   3.0157E-05  3.9649E-05   2.7143E-12  2.3991E-12   4.7340E-17  5.4095E-17   
1.00E+04  0.431  0.001   6.7788E-05  2.8387E-04   7.6796E-05  1.1293E-04   1.1897E-08  1.8581E-08   3.1504E-12  4.6775E-12   
1.00E+04  0.862  0.000   2.4572E-03  1.5052E-02   2.8062E-04  5.3112E-04   2.6891E-05  9.2284E-05   4.6984E-08  1.0598E-07   
1.00E+04  2.585  0.000   1.0233E+00  1.4551E+01   3.2914E-03  1.2066E-02   1.5984E-01  1.8326E+00   1.7318E-05  4.3241E-05   
1.00E+05  0.001  0.565   1.0326E-09  1.5601E-09   2.1663E-10  6.0293E-11   0.0000E+00  0.0000E+00   0.0000E+00  0.0000E+00   
1.00E+05  0.009  0.563   1.0086E-09  1.5263E-09   2.1663E-10  6.0293E-11   1.6848E-253 4.3801E-255  1.3363E-297 7.5904E-298  
1.00E+05  0.017  0.558   9.8349E-10  1.4955E-09   2.1689E-10  6.0597E-11   1.4814E-130 7.7433E-132  2.9261E-153 1.6655E-153  
1.00E+05  0.034  0.537   1.1541E-09  2.0465E-09   4.8068E-09  5.5769E-09   1.7524E-68  1.8508E-69   4.3503E-81  2.4880E-81   
1.00E+05  0.060  0.485   1.4864E-08  4.0144E-08   3.0680E-07  3.6858E-07   2.2774E-41  4.2723E-42   3.7461E-50  2.1619E-50   
1.00E+05  0.086  0.413   7.3658E-08  2.0661E-07   1.6488E-06  1.9856E-06   3.0274E-30  8.2308E-31   9.5898E-38  5.7934E-38   
1.00E+05  0.129  0.265   2.7344E-07  7.9912E-07   6.2981E-06  7.6874E-06   2.5524E-21  1.0646E-21   7.0031E-28  5.2758E-28   
1.00E+05  0.172  0.128   6.9381E-07  2.1266E-06   1.3032E-05  1.6276E-05   9.1168E-17  5.1770E-17   1.1833E-22  1.1180E-22   
1.00E+05  0.259  0.035   4.9814E-06  1.6974E-05   3.0193E-05  3.9713E-05   2.3997E-12  2.1210E-12   4.7227E-17  5.3943E-17   
1.00E+05  0.431  0.009   6.9045E-05  2.8917E-04   7.6851E-05  1.1303E-04   1.1671E-08  1.8228E-08   3.1475E-12  4.6730E-12   
1.00E+05  0.862  0.002   2.4620E-03  1.5082E-02   2.8068E-04  5.3124E-04   2.6836E-05  9.2094E-05   4.6976E-08  1.0596E-07   
1.00E+05  2.585  0.000   1.0234E+00  1.4552E+01   3.2914E-03  1.2066E-02   1.5983E-01  1.8325E+00   1.7318E-05  4.3240E-05   
1.00E+06  0.001  0.726   8.4350E-09  1.3615E-08   2.1663E-10  6.0293E-11   0.0000E+00  0.0000E+00   0.0000E+00  0.0000E+00   
1.00E+06  0.009  0.725   8.3759E-09  1.3523E-08   2.1663E-10  6.0293E-11   1.1200E-261 2.9118E-263  1.0060E-297 4.9463E-298  
1.00E+06  0.017  0.724   8.4200E-09  1.3624E-08   2.1689E-10  6.0597E-11   9.7090E-135 5.0748E-136  2.2012E-153 1.0851E-153  
1.00E+06  0.034  0.718   1.0435E-08  1.9310E-08   4.8068E-09  5.5769E-09   9.3310E-71  9.8549E-72   3.2880E-81  1.6394E-81   
1.00E+06  0.060  0.700   1.3964E-07  3.8572E-07   3.0680E-07  3.6858E-07   6.4210E-43  1.2046E-43   2.8860E-50  1.4816E-50   
1.00E+06  0.086  0.672   7.1654E-07  2.0486E-06   1.6488E-06  1.9856E-06   1.5048E-31  4.0913E-32   7.6581E-38  4.2525E-38   
1.00E+06  0.129  0.604   2.6844E-06  7.9608E-06   6.2985E-06  7.6882E-06   1.8613E-22  7.7638E-23   6.0856E-28  4.4369E-28   
1.00E+06  0.172  0.512   5.3956E-06  1.6719E-05   1.3045E-05  1.6300E-05   9.8410E-18  5.5882E-18   1.0918E-22  1.0159E-22   
1.00E+06  0.259  0.299   1.3102E-05  4.4875E-05   3.0373E-05  4.0037E-05   8.6640E-13  7.6577E-13   4.5680E-17  5.1853E-17   
1.00E+06  0.431  0.091   8.2812E-05  3.4731E-04   7.7347E-05  1.1395E-04   9.6461E-09  1.5064E-08   3.1162E-12  4.6236E-12   
1.00E+06  0.862  0.020   2.5110E-03  1.5386E-02   2.8129E-04  5.3249E-04   2.6291E-05  9.0221E-05   4.6890E-08  1.0575E-07   
1.00E+06  2.585  0.002   1.0241E+00  1.4563E+01   3.2919E-03  1.2068E-02   1.5971E-01  1.8311E+00   1.7315E-05  4.3232E-05   
1.00E+07  0.001  1.223   1.0808E-07  2.1392E-07   2.1663E-10  6.0293E-11   0.0000E+00  0.0000E+00   0.0000E+00  0.0000E+00   
1.00E+07  0.009  1.222   1.0784E-07  2.1343E-07   2.1663E-10  6.0293E-11   9.8106E-287 2.5506E-288  6.5837E-299 1.1167E-299  
1.00E+07  0.017  1.222   1.0795E-07  2.1382E-07   2.1689E-10  6.0597E-11   2.7999E-147 1.4635E-148  1.4931E-154 2.6283E-155  
1.00E+07  0.034  1.219   1.3026E-07  2.8340E-07   4.8068E-09  5.5769E-09   4.4984E-77  4.7509E-78   2.5190E-82  5.0033E-83   
1.00E+07  0.060  1.212   1.5727E-06  4.8004E-06   3.0680E-07  3.6858E-07   1.3299E-46  2.4949E-47   2.9369E-51  7.5161E-52   
1.00E+07  0.086  1.200   8.0259E-06  2.5193E-05   1.6488E-06  1.9856E-06   3.2711E-34  8.8932E-35   1.2379E-38  4.6881E-39   
1.00E+07  0.129  1.173   2.9998E-05  9.6562E-05   6.2985E-06  7.6883E-06   2.2848E-24  9.5302E-25   2.1695E-28  1.3784E-28   
1.00E+07  0.172  1.133   5.9748E-05  1.9862E-04   1.3047E-05  1.6302E-05   2.6772E-19  1.5203E-19   5.8553E-23  4.9626E-23   
1.00E+07  0.259  1.021   1.2740E-04  4.5813E-04   3.0472E-05  4.0215E-05   5.2933E-14  4.6785E-14   3.1992E-17  3.4157E-17   
1.00E+07  0.431  0.698   2.9944E-04  1.2794E-03   7.9262E-05  1.1752E-04   2.3606E-09  3.6862E-09   2.7109E-12  3.9917E-12   
1.00E+07  0.862  0.196   3.0518E-03  1.8740E-02   2.8690E-04  5.4400E-04   2.1437E-05  7.3550E-05   4.5969E-08  1.0350E-07   
1.00E+07  2.585  0.021   1.0313E+00  1.4667E+01   3.2967E-03  1.2086E-02   1.5857E-01  1.8179E+00   1.7282E-05  4.3143E-05   
1.00E+08  0.001  2.447   3.5834E-06  7.0945E-06   2.1663E-10  6.0293E-11   0.0000E+00  0.0000E+00   0.0000E+00  0.0000E+00   
1.00E+08  0.009  2.447   3.5807E-06  7.0891E-06   2.1663E-10  6.0293E-11   0.0000E+00  0.0000E+00   0.0000E+00  0.0000E+00   
1.00E+08  0.017  2.446   3.5913E-06  7.0985E-06   2.1689E-10  6.0597E-11   3.8771E-178 2.0265E-179  9.3104E-183 1.5669E-183  
1.00E+08  0.034  2.445   4.0092E-06  8.5877E-06   4.8068E-09  5.5769E-09   1.6014E-92  1.6913E-93   2.9117E-95  5.6340E-96   
1.00E+08  0.060  2.442   2.7719E-05  1.0300E-04   3.0680E-07  3.6858E-07   1.8529E-55  3.4760E-56   1.2016E-57  2.9919E-58   
1.00E+08  0.086  2.437   1.3248E-04  5.2323E-04   1.6488E-06  1.9856E-06   1.9262E-40  5.2369E-41   1.7210E-42  5.5144E-43   
1.00E+08  0.129  2.424   4.8112E-04  1.9422E-03   6.2985E-06  7.6883E-06   1.4281E-28  5.9566E-29   1.5320E-30  6.9931E-31   
1.00E+08  0.172  2.406   9.3467E-04  3.8454E-03   1.3047E-05  1.6303E-05   1.6625E-22  9.4407E-23   1.8947E-24  1.1125E-24   
1.00E+08  0.259  2.355   1.8884E-03  8.1273E-03   3.0479E-05  4.0227E-05   3.0460E-16  2.6922E-16   3.4488E-18  2.9088E-18   
1.00E+08  0.431  2.192   3.8048E-03  1.8217E-02   7.9912E-05  1.1874E-04   7.3671E-11  1.1504E-10   8.9076E-13  1.3272E-12   
1.00E+08  0.862  1.493   1.2080E-02  7.6251E-02   3.0913E-04  5.9017E-04   4.7662E-06  1.6341E-05   3.5277E-08  7.7692E-08   
1.00E+08  2.585  0.209   1.1065E+00  1.5749E+01   3.3435E-03  1.2258E-02   1.4756E-01  1.6912E+00   1.6944E-05  4.2242E-05   
1.00E+09  0.001  5.181   1.1201E-02  2.1667E-02   2.1663E-10  6.0293E-11   0.0000E+00  0.0000E+00   0.0000E+00  0.0000E+00   
1.00E+09  0.009  5.180   1.1194E-02  2.1652E-02   2.1663E-10  6.0293E-11   0.0000E+00  0.0000E+00   0.0000E+00  0.0000E+00   
1.00E+09  0.017  5.180   1.1193E-02  2.1656E-02   2.1689E-10  6.0597E-11   4.9909E-247 2.6087E-248  1.9210E-248 1.3008E-249  
1.00E+09  0.034  5.180   1.1231E-02  2.1801E-02   4.8068E-09  5.5769E-09   5.6332E-127 5.9495E-128  2.6415E-128 3.1063E-129  
1.00E+09  0.060  5.178   1.1866E-02  2.5483E-02   3.0680E-07  3.6858E-07   3.6899E-75  6.9222E-76   1.7530E-76  3.5682E-77   
1.00E+09  0.086  5.176   1.4480E-02  4.1153E-02   1.6488E-06  1.9856E-06   3.0203E-54  8.2114E-55   1.6089E-55  5.3358E-56   
1.00E+09  0.129  5.170   2.2973E-02  9.2648E-02   6.2985E-06  7.6883E-06   8.4848E-38  3.5391E-38   8.2078E-39  4.9312E-39   
1.00E+09  0.172  5.161   3.3710E-02  1.5873E-01   1.3047E-05  1.6303E-05   1.8925E-29  1.0746E-29   3.0436E-30  2.3185E-30   
1.00E+09  0.259  5.138   5.4925E-02  2.9368E-01   3.0479E-05  4.0227E-05   6.4349E-21  5.6875E-21   1.4988E-21  1.4657E-21   
1.00E+09  0.431  5.062   9.1204E-02  5.4506E-01   7.9934E-05  1.1878E-04   9.4248E-14  1.4717E-13   1.7170E-14  2.3147E-14   
1.00E+09  0.862  4.708   1.9996E-01  1.4502E+00   3.1636E-04  6.0539E-04   1.1436E-07  3.9203E-07   4.2746E-09  8.6065E-09   
1.00E+09  2.585  1.972   2.1249E+00  3.0570E+01   3.7000E-03  1.3567E-02   7.4988E-02  8.5721E-01   1.3312E-05  3.2798E-05   
1.00E+10  0.001  11.119  2.9638E+00  1.7508E+01   2.1663E-10  6.0293E-11   0.0000E+00  0.0000E+00   0.0000E+00  0.0000E+00   
1.00E+10  0.009  11.118  2.9627E+00  1.7500E+01   2.1663E-10  6.0293E-11   0.0000E+00  0.0000E+00   0.0000E+00  0.0000E+00   
1.00E+10  0.017  11.118  2.9622E+00  1.7497E+01   2.1689E-10  6.0597E-11   0.0000E+00  0.0000E+00   0.0000E+00  0.0000E+00   
1.00E+10  0.034  11.118  2.9638E+00  1.7512E+01   4.8068E-09  5.5769E-09   8.5625E-202 9.0432E-203  0.0000E+00  0.0000E+00   
1.00E+10  0.060  11.117  2.9831E+00  1.7726E+01   3.0680E-07  3.6858E-07   6.4232E-118 1.2050E-118  0.0000E+00  0.0000E+00   
1.00E+10  0.086  11.116  3.0619E+00  1.8613E+01   1.6488E-06  1.9856E-06   3.4837E-84  9.4712E-85   0.0000E+00  0.0000E+00   
1.00E+10  0.129  11.113  3.3159E+00  2.1485E+01   6.2985E-06  7.6883E-06   9.1055E-58  3.7980E-58   0.0000E+00  0.0000E+00   
1.00E+10  0.172  11.109  3.6322E+00  2.5084E+01   1.3047E-05  1.6303E-05   1.9446E-44  1.1042E-44   0.0000E+00  0.0000E+00   
1.00E+10  0.259  11.098  4.2351E+00  3.2036E+01   3.0479E-05  4.0227E-05   6.2384E-31  5.5139E-31   0.0000E+00  0.0000E+00   
1.00E+10  0.431  11.063  5.1676E+00  4.3201E+01   7.9934E-05  1.1878E-04   8.4187E-20  1.3146E-19   0.0000E+00  0.0000E+00   
1.00E+10  0.862  10.898  7.4223E+00  7.2549E+01   3.1655E-04  6.0578E-04   8.6773E-11  2.9746E-10   0.0000E+00  0.0000E+00   
1.00E+10  2.585  9.163   2.4101E+01  3.8538E+02   4.1558E-03  1.5233E-02   4.6706E-03  5.3252E-02   0.0000E+00  0.0000E+00   
1.00E+11  0.001  23.934  3.4398E+02  5.2701E+03   2.1663E-10  6.0293E-11   0.0000E+00  0.0000E+00   0.0000E+00  0.0000E+00   
1.00E+11  0.009  23.934  3.4393E+02  5.2690E+03   2.1663E-10  6.0293E-11   0.0000E+00  0.0000E+00   0.0000E+00  0.0000E+00   
1.00E+11  0.017  23.933  3.4391E+02  5.2687E+03   2.1689E-10  6.0597E-11   0.0000E+00  0.0000E+00   0.0000E+00  0.0000E+00   
1.00E+11  0.034  23.934  3.4395E+02  5.2697E+03   4.8068E-09  5.5769E-09   0.0000E+00  0.0000E+00   0.0000E+00  0.0000E+00   
1.00E+11  0.060  23.933  3.4453E+02  5.2834E+03   3.0680E-07  3.6858E-07   3.4398E-210 6.4530E-211  0.0000E+00  0.0000E+00   
1.00E+11  0.086  23.933  3.4697E+02  5.3410E+03   1.6488E-06  1.9856E-06   8.8952E-149 2.4184E-149  0.0000E+00  0.0000E+00   
1.00E+11  0.129  23.931  3.5488E+02  5.5275E+03   6.2985E-06  7.6883E-06   7.8061E-101 3.2560E-101  0.0000E+00  0.0000E+00   
1.00E+11  0.172  23.930  3.6465E+02  5.7587E+03   1.3047E-05  1.6303E-05   9.6266E-77  5.4665E-77   0.0000E+00  0.0000E+00   
1.00E+11  0.259  23.924  3.8279E+02  6.1925E+03   3.0479E-05  4.0227E-05   1.7712E-52  1.5655E-52   0.0000E+00  0.0000E+00   
1.00E+11  0.431  23.908  4.0819E+02  6.8255E+03   7.9934E-05  1.1878E-04   9.5095E-33  1.4850E-32   0.0000E+00  0.0000E+00   
1.00E+11  0.862  23.832  4.5602E+02  8.1486E+03   3.1655E-04  6.0578E-04   2.6321E-17  9.0227E-17   0.0000E+00  0.0000E+00   
1.00E+11  2.585  23.015  6.8896E+02  1.5953E+04   4.1913E-03  1.5363E-02   2.1999E-05  2.5077E-04   0.0000E+00  0.0000E+00   
