1.00E+04  0.001  0.523   0.0000E+00  0.0000E+00   0.0000E+00  0.0000E+00   0.0000E+00  0.0000E+00   3.7110E-07  2.5575E-07   
1.00E+04  0.009  0.516   2.1747E-135 5.6665E-137  3.4354E-193 2.6746E-194  8.7883E-62  1.7836E-61   3.7176E-07  2.5647E-07   
1.00E+04  0.017  0.498   8.5647E-73  4.4988E-74   6.0418E-102 4.7038E-103  8.5348E-35  1.7453E-34   3.7215E-07  2.5690E-07   
1.00E+04  0.034  0.444   2.9724E-41  3.1706E-42   2.5337E-56  1.9727E-57   8.8146E-21  1.8301E-20   3.7265E-07  2.5779E-07   
1.00E+04  0.060  0.337   1.4458E-27  2.7577E-28   9.0891E-37  7.2844E-38   2.4007E-14  5.1337E-14   5.0813E-07  6.8058E-07   
1.00E+04  0.086  0.209   5.2827E-22  1.4691E-22   7.2671E-29  1.1430E-29   1.5872E-11  3.7326E-11   2.4676E-06  6.7441E-06   
1.00E+04  0.129  0.047   2.5817E-17  1.1152E-17   3.8347E-22  1.8347E-22   2.8534E-09  9.6453E-09   1.8651E-05  5.6515E-05   
1.00E+04  0.172  0.014   1.6216E-14  9.6953E-15   2.1809E-18  1.5755E-18   3.0181E-08  1.3747E-07   5.8433E-05  1.8014E-04   
1.00E+04  0.259  0.004   1.9377E-11  1.8698E-11   4.6234E-14  5.6433E-14   5.2730E-07  3.1371E-06   2.2934E-04  7.3185E-04   
1.00E+04  0.431  0.001   1.2510E-08  2.2888E-08   3.3794E-10  4.8515E-10   1.3916E-05  9.5596E-05   9.4024E-04  3.1191E-03   
1.00E+04  0.862  0.000   1.1458E-05  4.8950E-05   2.2989E-07  3.5394E-07   9.1830E-04  6.1818E-03   3.2991E-03  1.1717E-02   
1.00E+04  2.585  0.000   6.7230E-02  7.7198E-01   5.5536E-06  9.1320E-06   4.5555E-01  5.8695E+00   8.2295E-03  3.4820E-02   
1.00E+05  0.001  0.565   0.0000E+00  0.0000E+00   0.0000E+00  0.0000E+00   0.0000E+00  0.0000E+00   3.5978E-07  2.4374E-07   
1.00E+05  0.009  0.563   4.9483E-133 1.2894E-134  3.4354E-193 2.6746E-194  3.8623E-64  7.8386E-64   3.6021E-07  2.4422E-07   
1.00E+05  0.017  0.558   2.7515E-71  1.4453E-72   6.0418E-102 4.7038E-103  2.6566E-36  5.4325E-36   3.6086E-07  2.4498E-07   
1.00E+05  0.034  0.537   4.4038E-40  4.6975E-41   2.5337E-56  1.9727E-57   5.9495E-22  1.2352E-21   3.6254E-07  2.4725E-07   
1.00E+05  0.060  0.485   1.6843E-26  3.2125E-27   9.0891E-37  7.2844E-38   2.0608E-15  4.4068E-15   4.9950E-07  6.7144E-07   
1.00E+05  0.086  0.413   5.6776E-21  1.5789E-21   7.2679E-29  1.1431E-29   1.4768E-12  3.4731E-12   2.4590E-06  6.7304E-06   
1.00E+05  0.129  0.265   1.3976E-16  6.0364E-17   3.8444E-22  1.8384E-22   5.2833E-10  1.7858E-09   1.8637E-05  5.6463E-05   
1.00E+05  0.172  0.128   3.1500E-14  1.8832E-14   2.1892E-18  1.5814E-18   1.5611E-08  7.1097E-08   5.8410E-05  1.8003E-04   
1.00E+05  0.259  0.035   2.1914E-11  2.1146E-11   4.6310E-14  5.6536E-14   4.6754E-07  2.7813E-06   2.2929E-04  7.3160E-04   
1.00E+05  0.431  0.009   1.2751E-08  2.3329E-08   3.3818E-10  4.8560E-10   1.3662E-05  9.3853E-05   9.4011E-04  3.1184E-03   
1.00E+05  0.862  0.002   1.1481E-05  4.9049E-05   2.2995E-07  3.5404E-07   9.1648E-04  6.1695E-03   3.2988E-03  1.1716E-02   
1.00E+05  2.585  0.000   6.7234E-02  7.7203E-01   5.5537E-06  9.1322E-06   4.5551E-01  5.8691E+00   8.2294E-03  3.4819E-02   
1.00E+06  0.001  0.726   0.0000E+00  0.0000E+00   0.0000E+00  0.0000E+00   0.0000E+00  0.0000E+00   2.9337E-07  1.7944E-07   
1.00E+06  0.009  0.725   7.4435E-125 1.9395E-126  3.4354E-193 2.6746E-194  2.5676E-72  5.2110E-72   2.9399E-07  1.8006E-07   
1.00E+06  0.017  0.724   4.1984E-67  2.2053E-68   6.0418E-102 4.7038E-103  1.7411E-40  3.5604E-40   2.9431E-07  1.8050E-07   
1.00E+06  0.034  0.718   8.2705E-38  8.8221E-39   2.5337E-56  1.9727E-57   3.1680E-24  6.5773E-24   2.9642E-07  1.8332E-07   
1.00E+06  0.060  0.700   5.9737E-25  1.1394E-25   9.0891E-37  7.2844E-38   5.8103E-17  1.2425E-16   4.3558E-07  6.0722E-07   
1.00E+06  0.086  0.672   1.1421E-19  3.1757E-20   7.2679E-29  1.1431E-29   7.3409E-14  1.7264E-13   2.3895E-06  6.6181E-06   
1.00E+06  0.129  0.604   1.9152E-15  8.2639E-16   3.8464E-22  1.8391E-22   3.8548E-11  1.3029E-10   1.8495E-05  5.5945E-05   
1.00E+06  0.172  0.512   2.9135E-13  1.7394E-13   2.1972E-18  1.5869E-18   1.6929E-09  7.7098E-09   5.8104E-05  1.7865E-04   
1.00E+06  0.259  0.299   6.0576E-11  5.8417E-11   4.6690E-14  5.7054E-14   1.7129E-07  1.0186E-06   2.2858E-04  7.2807E-04   
1.00E+06  0.431  0.091   1.5410E-08  2.8194E-08   3.4042E-10  4.8968E-10   1.1372E-05  7.8111E-05   9.3863E-04  3.1110E-03   
1.00E+06  0.862  0.020   1.1715E-05  5.0054E-05   2.3054E-07  3.5511E-07   8.9840E-04  6.0483E-03   3.2963E-03  1.1704E-02   
1.00E+06  2.585  0.002   6.7283E-02  7.7259E-01   5.5550E-06  9.1344E-06   4.5519E-01  5.8649E+00   8.2284E-03  3.4814E-02   
1.00E+07  0.001  1.223   0.0000E+00  0.0000E+00   0.0000E+00  0.0000E+00   0.0000E+00  0.0000E+00   5.7162E-08  1.7664E-08   
1.00E+07  0.009  1.222   8.4977E-100 2.2142E-101  3.4354E-193 2.6746E-194  2.2491E-97  4.5646E-97   5.7597E-08  1.7891E-08   
1.00E+07  0.017  1.222   1.4558E-54  7.6471E-56   6.0418E-102 4.7038E-103  5.0210E-53  1.0267E-52   5.8187E-08  1.8266E-08   
1.00E+07  0.034  1.219   1.7156E-31  1.8300E-32   2.5337E-56  1.9727E-57   1.5272E-30  3.1709E-30   6.0566E-08  2.0165E-08   
1.00E+07  0.060  1.212   2.8841E-21  5.5011E-22   9.0891E-37  7.2844E-38   1.2034E-20  2.5734E-20   1.9585E-07  4.1562E-07   
1.00E+07  0.086  1.200   5.2532E-17  1.4604E-17   7.2679E-29  1.1431E-29   1.5957E-16  3.7526E-16   2.0742E-06  6.0326E-06   
1.00E+07  0.129  1.173   1.5565E-13  6.6984E-14   3.8466E-22  1.8392E-22   4.7320E-13  1.5995E-12   1.7531E-05  5.2139E-05   
1.00E+07  0.172  1.133   1.0624E-11  6.3013E-12   2.1982E-18  1.5876E-18   4.6082E-11  2.0986E-10   5.5601E-05  1.6729E-04   
1.00E+07  0.259  1.021   9.7296E-10  9.3250E-10   4.6901E-14  5.7341E-14   1.0549E-08  6.2719E-08   2.2050E-04  6.8896E-04   
1.00E+07  0.431  0.698   6.1916E-08  1.1325E-07   3.4906E-10  5.0557E-10   2.8597E-06  1.9634E-05   9.1743E-04  3.0062E-03   
1.00E+07  0.862  0.196   1.4320E-05  6.1213E-05   2.3602E-07  3.6492E-07   7.3662E-04  4.9626E-03   3.2693E-03  1.1577E-02   
1.00E+07  2.585  0.021   6.7768E-02  7.7819E-01   5.5681E-06  9.1570E-06   4.5196E-01  5.8229E+00   8.2184E-03  3.4767E-02   
1.00E+08  0.001  2.447   7.4333E-285 4.6322E-287  0.0000E+00  0.0000E+00   0.0000E+00  0.0000E+00   1.5605E-276 4.1299E-276  
1.00E+08  0.009  2.447   2.7952E-38  7.9457E-40   3.4354E-193 2.6746E-194  4.3659E-159 8.8608E-159  3.8035E-31  1.0067E-30   
1.00E+08  0.017  2.446   6.7837E-24  3.7926E-25   6.0418E-102 4.7038E-103  6.9527E-84  1.4217E-83   1.6355E-17  4.3272E-17   
1.00E+08  0.034  2.445   3.0915E-16  3.4682E-17   2.5337E-56  1.9727E-57   5.4370E-46  1.1288E-45   1.0956E-10  2.8803E-10   
1.00E+08  0.060  2.442   1.3219E-12  2.6333E-13   9.0891E-37  7.2844E-38   1.6767E-29  3.5854E-29   9.5870E-08  2.4883E-07   
1.00E+08  0.086  2.437   5.7352E-11  1.6796E-11   7.2679E-29  1.1431E-29   9.3965E-23  2.2098E-22   1.4707E-06  3.7833E-06   
1.00E+08  0.129  2.424   1.7002E-09  7.9456E-10   3.8466E-22  1.8392E-22   2.9576E-17  9.9969E-17   1.2779E-05  3.2794E-05   
1.00E+08  0.172  2.406   1.2648E-08  8.1731E-09   2.1982E-18  1.5876E-18   2.8617E-14  1.3032E-13   4.0941E-05  1.0680E-04   
1.00E+08  0.259  2.355   1.3740E-07  1.3793E-07   4.6915E-14  5.7360E-14   6.0737E-11  3.6110E-10   1.6747E-04  4.6187E-04   
1.00E+08  0.431  2.192   1.6899E-06  3.1248E-06   3.5199E-10  5.1100E-10   9.0072E-08  6.1832E-07   7.3239E-04  2.1772E-03   
1.00E+08  0.862  1.493   6.1124E-05  2.6316E-04   2.5788E-07  4.0473E-07   1.6730E-04  1.1299E-03   2.9105E-03  9.9390E-03   
1.00E+08  2.585  0.209   7.2816E-02  8.3643E-01   5.6973E-06  9.3793E-06   4.2088E-01  5.4197E+00   8.1163E-03  3.4283E-02   
1.00E+09  0.001  5.181   1.1649E-276 2.5264E-276  0.0000E+00  0.0000E+00   0.0000E+00  0.0000E+00   1.3411E-277 1.3613E-277  
1.00E+09  0.009  5.180   2.8369E-31  6.1522E-31   3.4354E-193 2.6746E-194  7.3113E-297 1.4839E-296  3.2726E-32  3.3243E-32   
1.00E+09  0.017  5.180   1.2173E-17  2.6404E-17   6.0418E-102 4.7038E-103  8.9501E-153 1.8302E-152  1.4068E-18  1.4308E-18   
1.00E+09  0.034  5.180   7.9941E-11  1.7359E-10   2.5337E-56  1.9727E-57   1.9125E-80  3.9708E-80   9.2470E-12  9.4426E-12   
1.00E+09  0.060  5.178   6.7035E-08  1.4600E-07   9.0891E-37  7.2844E-38   3.3390E-49  7.1401E-49   7.7987E-09  8.0540E-09   
1.00E+09  0.086  5.176   9.9515E-07  2.1780E-06   7.2679E-29  1.1431E-29   1.4733E-36  3.4649E-36   1.1717E-07  1.2326E-07   
1.00E+09  0.129  5.170   8.1937E-06  1.8161E-05   3.8466E-22  1.8392E-22   1.7573E-26  5.9396E-26   1.0475E-06  1.1783E-06   
1.00E+09  0.172  5.161   2.3912E-05  5.3987E-05   2.1982E-18  1.5876E-18   3.2575E-21  1.4835E-20   3.8073E-06  4.7995E-06   
1.00E+09  0.259  5.138   7.3985E-05  1.7603E-04   4.6915E-14  5.7360E-14   1.2831E-15  7.6285E-15   2.1493E-05  3.2563E-05   
1.00E+09  0.431  5.062   2.2198E-04  6.1246E-04   3.5209E-10  5.1118E-10   1.1526E-10  7.9126E-10   1.3853E-04  2.5956E-04   
1.00E+09  0.862  4.708   1.6169E-03  7.3692E-03   2.6504E-07  4.1800E-07   4.0412E-06  2.7315E-05   1.0419E-03  2.8873E-03   
1.00E+09  2.585  1.972   1.4246E-01  1.6435E+00   6.7276E-06  1.1169E-05   2.1487E-01  2.7572E+00   6.9626E-03  2.8900E-02   
1.00E+10  0.001  11.119  7.4929E-02  1.8174E-01   0.0000E+00  0.0000E+00   0.0000E+00  0.0000E+00   0.0000E+00  0.0000E+00   
1.00E+10  0.009  11.118  7.4899E-02  1.8166E-01   3.4354E-193 2.6746E-194  0.0000E+00  0.0000E+00   1.1110E-270 8.2656E-272  
1.00E+10  0.017  11.118  7.4890E-02  1.8165E-01   6.0418E-102 4.7038E-103  2.1054E-302 4.3054E-302  6.3066E-140 5.6418E-141  
1.00E+10  0.034  11.118  7.5007E-02  1.8211E-01   2.5337E-56  1.9727E-57   2.9070E-155 6.0356E-155  2.3780E-74  3.1454E-75   
1.00E+10  0.060  11.117  7.5261E-02  1.8320E-01   9.0891E-37  7.2844E-38   5.8123E-92  1.2429E-91   5.7460E-46  1.2584E-46   
1.00E+10  0.086  11.116  7.5749E-02  1.8565E-01   7.2679E-29  1.1431E-29   1.6994E-66  3.9965E-66   2.2259E-34  7.4633E-35   
1.00E+10  0.129  11.113  7.7455E-02  1.9621E-01   3.8466E-22  1.8392E-22   1.8858E-46  6.3741E-46   4.3880E-25  2.3940E-25   
1.00E+10  0.172  11.109  8.0407E-02  2.1618E-01   2.1982E-18  1.5876E-18   3.3472E-36  1.5243E-35   3.4060E-20  2.8626E-20   
1.00E+10  0.259  11.098  8.9374E-02  2.7768E-01   4.6915E-14  5.7360E-14   1.2440E-25  7.3956E-25   6.6381E-15  8.6484E-15   
1.00E+10  0.431  11.063  1.1605E-01  4.5021E-01   3.5209E-10  5.1118E-10   1.0296E-16  7.0680E-16   2.3045E-10  4.0817E-10   
1.00E+10  0.862  10.898  2.3937E-01  1.2925E+00   2.6522E-07  4.1834E-07   3.0668E-09  2.0729E-08   1.0319E-06  2.7493E-06   
1.00E+10  2.585  9.163   1.9564E+00  2.3860E+01   8.1674E-06  1.3715E-05   1.3451E-02  1.7197E-01   9.3431E-04  3.9263E-03   
1.00E+11  0.001  23.934  8.4297E+01  9.2763E+02   0.0000E+00  0.0000E+00   0.0000E+00  0.0000E+00   0.0000E+00  0.0000E+00   
1.00E+11  0.009  23.934  8.4282E+01  9.2743E+02   3.4354E-193 2.6746E-194  0.0000E+00  0.0000E+00   0.0000E+00  0.0000E+00   
1.00E+11  0.017  23.933  8.4275E+01  9.2734E+02   6.0418E-102 4.7038E-103  0.0000E+00  0.0000E+00   0.0000E+00  0.0000E+00   
1.00E+11  0.034  23.934  8.4288E+01  9.2755E+02   2.5337E-56  1.9727E-57   1.3084E-317 2.6507E-317  0.0000E+00  0.0000E+00   
1.00E+11  0.060  23.933  8.4302E+01  9.2784E+02   9.0891E-37  7.2844E-38   3.1127E-184 6.6562E-184  0.0000E+00  0.0000E+00   
1.00E+11  0.086  23.933  8.4321E+01  9.2831E+02   7.2679E-29  1.1431E-29   4.3392E-131 1.0205E-130  0.0000E+00  0.0000E+00   
1.00E+11  0.129  23.931  8.4324E+01  9.2918E+02   3.8466E-22  1.8392E-22   1.6167E-89  5.4645E-89   0.0000E+00  0.0000E+00   
1.00E+11  0.172  23.930  8.4243E+01  9.2975E+02   2.1982E-18  1.5876E-18   1.6570E-68  7.5461E-68   0.0000E+00  0.0000E+00   
1.00E+11  0.259  23.924  8.3846E+01  9.3003E+02   4.6915E-14  5.7360E-14   3.5319E-47  2.0998E-46   0.0000E+00  0.0000E+00   
1.00E+11  0.431  23.908  8.2870E+01  9.3458E+02   3.5209E-10  5.1118E-10   1.1630E-29  7.9837E-29   0.0000E+00  0.0000E+00   
1.00E+11  0.862  23.832  8.1902E+01  9.8841E+02   2.6522E-07  4.1834E-07   9.3025E-16  6.2878E-15   0.0000E+00  0.0000E+00   
1.00E+11  2.585  23.015  9.8227E+01  1.7022E+03   8.2854E-06  1.3926E-05   6.3379E-05  8.1004E-04   0.0000E+00  0.0000E+00   
