1.00E+04  0.001  0.523   0.0000E+00  0.0000E+00   0.0000E+00  0.0000E+00   0.0000E+00  0.0000E+00   4.6849E-04  8.8660E-04   
1.00E+04  0.009  0.516   0.0000E+00  0.0000E+00   0.0000E+00  0.0000E+00   4.8800E-60  1.9136E-59   4.6857E-04  8.8685E-04   
1.00E+04  0.017  0.498   8.1858E-193 4.2574E-194  3.9452E-224 2.8274E-225  4.7017E-33  1.8505E-32   4.6881E-04  8.8747E-04   
1.00E+04  0.034  0.444   1.7585E-100 1.8399E-101  8.2835E-118 6.3991E-119  4.7740E-19  1.8981E-18   4.7388E-04  9.0003E-04   
1.00E+04  0.060  0.337   8.7188E-61  1.6103E-61   5.3025E-72  8.1154E-73   1.2610E-12  5.1137E-12   4.8876E-04  9.3682E-04   
1.00E+04  0.086  0.209   7.6083E-45  2.0248E-45   1.9669E-53  3.9700E-54   7.8167E-10  3.2301E-09   5.0177E-04  9.6902E-04   
1.00E+04  0.129  0.047   4.1754E-32  1.6908E-32   6.5907E-39  1.4683E-39   1.0432E-07  4.4332E-07   5.1611E-04  1.0044E-03   
1.00E+04  0.172  0.014   2.7004E-25  1.4790E-25   1.2252E-31  2.7943E-32   7.0371E-07  3.0693E-06   5.2469E-04  1.0255E-03   
1.00E+04  0.259  0.004   3.2113E-18  2.7128E-18   2.2048E-24  5.0878E-25   5.3105E-06  2.4358E-05   5.3451E-04  1.0499E-03   
1.00E+04  0.431  0.001   3.1333E-12  4.6354E-12   1.2763E-18  2.9583E-19   4.8796E-05  2.4451E-04   5.7749E-04  1.2002E-03   
1.00E+04  0.862  0.000   4.7687E-07  1.5186E-06   1.9020E-14  4.4302E-15   1.5821E-03  9.5546E-03   2.7828E-03  1.0014E-02   
1.00E+04  2.585  0.000   2.9408E-02  3.0875E-01   2.1404E-12  5.0210E-13   4.1577E-01  6.1006E+00   2.3077E-02  1.0108E-01   
1.00E+05  0.001  0.565   0.0000E+00  0.0000E+00   0.0000E+00  0.0000E+00   0.0000E+00  0.0000E+00   4.6703E-04  8.8221E-04   
1.00E+05  0.009  0.563   0.0000E+00  0.0000E+00   0.0000E+00  0.0000E+00   2.1447E-62  8.4098E-62   4.6708E-04  8.8237E-04   
1.00E+05  0.017  0.558   2.6298E-191 1.3677E-192  3.9452E-224 2.8274E-225  1.4635E-34  5.7600E-34   4.6735E-04  8.8308E-04   
1.00E+05  0.034  0.537   2.6053E-99  2.7259E-100  8.2835E-118 6.3991E-119  3.2222E-20  1.2811E-19   4.7254E-04  8.9600E-04   
1.00E+05  0.060  0.485   1.0157E-59  1.8759E-60   5.3025E-72  8.1154E-73   1.0825E-13  4.3896E-13   4.8756E-04  9.3322E-04   
1.00E+05  0.086  0.413   8.1770E-44  2.1761E-44   1.9671E-53  3.9702E-54   7.2733E-11  3.0055E-10   5.0068E-04  9.6574E-04   
1.00E+05  0.129  0.265   2.2605E-31  9.1535E-32   6.6188E-39  1.4753E-39   1.9317E-08  8.2085E-08   5.1523E-04  1.0018E-03   
1.00E+05  0.172  0.128   5.2462E-25  2.8733E-25   1.2383E-31  2.8272E-32   3.6402E-07  1.5874E-06   5.2410E-04  1.0238E-03   
1.00E+05  0.259  0.035   3.6323E-18  3.0685E-18   2.2238E-24  5.1349E-25   4.7083E-06  2.1593E-05   5.3413E-04  1.0488E-03   
1.00E+05  0.431  0.009   3.1939E-12  4.7251E-12   1.2807E-18  2.9687E-19   4.7905E-05  2.4003E-04   5.7724E-04  1.1995E-03   
1.00E+05  0.862  0.002   4.7785E-07  1.5217E-06   1.9032E-14  4.4332E-15   1.5790E-03  9.5356E-03   2.7826E-03  1.0013E-02   
1.00E+05  2.585  0.000   2.9410E-02  3.0877E-01   2.1405E-12  5.0211E-13   4.1574E-01  6.1001E+00   2.3077E-02  1.0108E-01   
1.00E+06  0.001  0.726   0.0000E+00  0.0000E+00   0.0000E+00  0.0000E+00   0.0000E+00  0.0000E+00   4.5708E-04  8.5325E-04   
1.00E+06  0.009  0.725   0.0000E+00  0.0000E+00   0.0000E+00  0.0000E+00   1.4257E-70  5.5907E-70   4.5717E-04  8.5351E-04   
1.00E+06  0.017  0.724   4.0104E-187 2.0859E-188  3.9452E-224 2.8274E-225  9.5914E-39  3.7750E-38   4.5737E-04  8.5403E-04   
1.00E+06  0.034  0.718   4.8908E-97  5.1176E-98   8.2835E-118 6.3991E-119  1.7158E-22  6.8218E-22   4.6254E-04  8.6680E-04   
1.00E+06  0.060  0.700   3.6011E-58  6.6516E-59   5.3025E-72  8.1154E-73   3.0521E-15  1.2376E-14   4.7771E-04  9.0423E-04   
1.00E+06  0.086  0.672   1.6445E-42  4.3769E-43   1.9671E-53  3.9703E-54   3.6153E-12  1.4940E-11   4.9114E-04  9.3753E-04   
1.00E+06  0.129  0.604   3.0988E-30  1.2548E-30   6.6247E-39  1.4767E-39   1.4094E-09  5.9891E-09   5.0634E-04  9.7560E-04   
1.00E+06  0.172  0.512   4.8586E-24  2.6610E-24   1.2510E-31  2.8593E-32   3.9480E-08  1.7213E-07   5.1610E-04  1.0004E-03   
1.00E+06  0.259  0.299   1.0058E-17  8.4970E-18   2.3212E-24  5.3784E-25   1.7244E-06  7.9012E-06   5.2878E-04  1.0336E-03   
1.00E+06  0.431  0.091   3.8642E-12  5.7169E-12   1.3207E-18  3.0661E-19   3.9859E-05  1.9960E-04   5.7450E-04  1.1921E-03   
1.00E+06  0.862  0.020   4.8777E-07  1.5533E-06   1.9155E-14  4.4625E-15   1.5478E-03  9.3473E-03   2.7802E-03  1.0004E-02   
1.00E+06  2.585  0.002   2.9431E-02  3.0900E-01   2.1412E-12  5.0227E-13   4.1545E-01  6.0958E+00   2.3074E-02  1.0106E-01   
1.00E+07  0.001  1.223   0.0000E+00  0.0000E+00   0.0000E+00  0.0000E+00   0.0000E+00  0.0000E+00   3.9096E-04  6.7945E-04   
1.00E+07  0.009  1.222   0.0000E+00  0.0000E+00   0.0000E+00  0.0000E+00   1.2489E-95  4.8971E-95   3.9111E-04  6.7984E-04   
1.00E+07  0.017  1.222   1.3824E-174 7.1893E-176  3.9452E-224 2.8274E-225  2.7660E-51  1.0886E-50   3.9137E-04  6.8049E-04   
1.00E+07  0.034  1.219   1.0077E-90  1.0541E-91   8.2835E-118 6.3991E-119  8.2715E-29  3.2887E-28   3.9644E-04  6.9219E-04   
1.00E+07  0.060  1.212   1.7264E-54  3.1897E-55   5.3025E-72  8.1154E-73   6.3215E-19  2.5634E-18   4.1144E-04  7.2678E-04   
1.00E+07  0.086  1.200   7.5177E-40  2.0023E-40   1.9671E-53  3.9703E-54   7.8587E-15  3.2474E-14   4.2498E-04  7.5853E-04   
1.00E+07  0.129  1.173   2.5117E-28  1.0180E-28   6.6252E-39  1.4768E-39   1.7302E-11  7.3521E-11   4.4121E-04  7.9791E-04   
1.00E+07  0.172  1.133   1.7783E-22  9.7454E-23   1.2525E-31  2.8631E-32   1.0747E-09  4.6854E-09   4.5286E-04  8.2770E-04   
1.00E+07  0.259  1.021   1.6404E-16  1.3864E-16   2.3767E-24  5.5178E-25   1.0619E-07  4.8631E-07   4.7159E-04  8.7873E-04   
1.00E+07  0.431  0.698   1.5761E-11  2.3328E-11   1.4890E-18  3.4773E-19   1.0009E-05  5.0002E-05   5.3668E-04  1.0911E-03   
1.00E+07  0.862  0.196   5.9828E-07  1.9054E-06   2.0328E-14  4.7413E-15   1.2690E-03  7.6624E-03   2.7546E-03  9.8968E-03   
1.00E+07  2.585  0.021   2.9645E-02  3.1125E-01   2.1480E-12  5.0387E-13   4.1253E-01  6.0526E+00   2.3047E-02  1.0093E-01   
1.00E+08  0.001  2.447   0.0000E+00  0.0000E+00   0.0000E+00  0.0000E+00   0.0000E+00  0.0000E+00   1.3477E-04  1.6664E-04   
1.00E+08  0.009  2.447   9.3495E-280 2.4235E-281  0.0000E+00  0.0000E+00   2.4243E-157 9.5063E-157  1.3490E-04  1.6686E-04   
1.00E+08  0.017  2.446   9.8040E-144 5.0967E-145  3.9452E-224 2.8274E-225  3.8301E-82  1.5075E-81   1.3516E-04  1.6730E-04   
1.00E+08  0.034  2.445   2.7807E-75  2.9101E-76   8.2835E-118 6.3991E-119  2.9447E-44  1.1708E-43   1.3836E-04  1.7209E-04   
1.00E+08  0.060  2.442   1.2177E-45  2.2488E-46   5.3025E-72  8.1154E-73   8.8074E-28  3.5715E-27   1.4789E-04  1.8644E-04   
1.00E+08  0.086  2.437   1.2520E-33  3.3284E-34   1.9671E-53  3.9703E-54   4.6277E-21  1.9123E-20   1.5700E-04  2.0072E-04   
1.00E+08  0.129  2.424   3.9237E-24  1.5852E-24   6.6252E-39  1.4768E-39   1.0814E-15  4.5952E-15   1.6942E-04  2.2181E-04   
1.00E+08  0.172  2.406   2.7868E-19  1.5229E-19   1.2526E-31  2.8632E-32   6.6736E-13  2.9096E-12   1.8037E-04  2.4234E-04   
1.00E+08  0.259  2.355   2.7694E-14  2.3392E-14   2.3804E-24  5.5270E-25   6.1135E-10  2.7998E-09   2.0320E-04  2.8976E-04   
1.00E+08  0.431  2.192   4.9350E-10  7.3251E-10   1.5513E-18  3.6306E-19   3.1509E-07  1.5729E-06   2.8576E-04  5.0732E-04   
1.00E+08  0.862  1.493   2.6796E-06  8.5509E-06   2.5731E-14  6.0352E-15   2.8811E-04  1.7385E-03   2.4275E-03  8.5501E-03   
1.00E+08  2.585  0.209   3.1871E-02  3.3466E-01   2.2154E-12  5.1978E-13   3.8444E-01  5.6368E+00   2.2772E-02  9.9570E-02   
1.00E+09  0.001  5.181   0.0000E+00  0.0000E+00   0.0000E+00  0.0000E+00   0.0000E+00  0.0000E+00   0.0000E+00  0.0000E+00   
1.00E+09  0.009  5.180   4.7888E-142 1.2409E-143  0.0000E+00  0.0000E+00   4.0599E-295 1.5920E-294  1.0934E-104 9.2295E-105  
1.00E+09  0.017  5.180   6.6345E-75  3.4464E-76   3.9452E-224 2.8274E-225  4.9304E-151 1.9405E-150  9.0870E-55  7.6844E-55   
1.00E+09  0.034  5.180   6.9086E-41  7.2107E-42   8.2835E-118 6.3991E-119  1.0358E-78  4.1184E-78   8.1306E-30  6.9161E-30   
1.00E+09  0.060  5.178   5.3274E-26  9.7975E-27   5.3025E-72  8.1154E-73   1.7539E-47  7.1122E-47   3.8276E-19  3.3099E-19   
1.00E+09  0.086  5.176   6.9353E-20  1.8355E-20   1.9671E-53  3.9703E-54   7.2562E-35  2.9985E-34   6.9780E-15  6.1872E-15   
1.00E+09  0.129  5.170   5.7223E-15  2.3053E-15   6.6252E-39  1.4768E-39   6.4251E-25  2.7302E-24   1.4894E-11  1.4121E-11   
1.00E+09  0.172  5.161   2.1219E-12  1.1577E-12   1.2526E-31  2.8632E-32   7.5967E-20  3.3120E-19   7.6898E-10  8.1213E-10   
1.00E+09  0.259  5.138   1.1379E-09  9.5978E-10   2.3804E-24  5.5271E-25   1.2915E-14  5.9147E-14   6.4900E-08  9.4240E-08   
1.00E+09  0.431  5.062   3.3623E-07  4.9923E-07   1.5534E-18  3.6358E-19   4.0321E-10  2.0127E-09   7.9599E-06  1.7162E-05   
1.00E+09  0.862  4.708   1.0373E-04  3.3667E-04   2.7793E-14  6.5324E-15   6.9582E-06  4.1979E-05   8.9576E-04  2.7622E-03   
1.00E+09  2.585  1.972   6.2794E-02  6.6067E-01   2.7899E-12  6.5554E-13   1.9730E-01  2.8796E+00   1.9653E-02  8.4383E-02   
1.00E+10  0.001  11.119  4.3424E-03  4.4923E-03   0.0000E+00  0.0000E+00   0.0000E+00  0.0000E+00   0.0000E+00  0.0000E+00   
1.00E+10  0.009  11.118  4.3401E-03  4.4912E-03   0.0000E+00  0.0000E+00   0.0000E+00  0.0000E+00   0.0000E+00  0.0000E+00   
1.00E+10  0.017  11.118  4.4374E-03  4.7601E-03   3.9452E-224 2.8274E-225  1.1598E-300 4.5649E-300  3.9290E-181 5.9369E-182  
1.00E+10  0.034  11.118  5.5991E-03  7.9420E-03   8.2835E-118 6.3991E-119  1.5744E-153 6.2599E-153  2.4017E-93  4.3454E-94   
1.00E+10  0.060  11.117  7.8528E-03  1.4132E-02   5.3025E-72  8.1154E-73   3.0531E-90  1.2381E-89   1.3539E-55  3.3187E-56   
1.00E+10  0.086  11.116  9.5160E-03  1.8706E-02   1.9671E-53  3.9703E-54   8.3695E-65  3.4585E-64   2.1961E-40  7.0174E-41   
1.00E+10  0.129  11.113  1.1349E-02  2.3780E-02   6.6252E-39  1.4768E-39   6.8952E-45  2.9299E-44   2.0729E-28  9.4779E-29   
1.00E+10  0.172  11.109  1.2666E-02  2.7509E-02   1.2526E-31  2.8632E-32   7.8059E-35  3.4032E-34   2.6541E-22  1.6128E-22   
1.00E+10  0.259  11.098  1.5003E-02  3.4530E-02   2.3804E-24  5.5271E-25   1.2521E-24  5.7342E-24   5.2479E-16  4.7628E-16   
1.00E+10  0.431  11.063  2.0928E-02  5.4840E-02   1.5534E-18  3.6358E-19   3.6017E-16  1.7979E-15   1.1295E-10  1.6029E-10   
1.00E+10  0.862  10.898  5.6171E-02  2.2046E-01   2.7848E-14  6.5456E-15   5.2805E-09  3.1857E-08   2.3953E-06  5.8230E-06   
1.00E+10  2.585  9.163   9.3585E-01  1.0202E+01   3.7138E-12  8.7466E-13   1.2424E-02  1.8042E-01   2.8120E-03  1.2047E-02   
1.00E+11  0.001  23.934  5.0045E+01  4.8216E+02   0.0000E+00  0.0000E+00   0.0000E+00  0.0000E+00   0.0000E+00  0.0000E+00   
1.00E+11  0.009  23.934  5.0037E+01  4.8205E+02   0.0000E+00  0.0000E+00   0.0000E+00  0.0000E+00   0.0000E+00  0.0000E+00   
1.00E+11  0.017  23.933  5.0054E+01  4.8231E+02   3.9452E-224 2.8274E-225  0.0000E+00  0.0000E+00   0.0000E+00  0.0000E+00   
1.00E+11  0.034  23.934  5.0333E+01  4.8615E+02   8.2835E-118 6.3991E-119  7.2689E-316 2.8569E-315  0.0000E+00  0.0000E+00   
1.00E+11  0.060  23.933  5.0864E+01  4.9348E+02   5.3025E-72  8.1154E-73   1.6350E-182 6.6302E-182  0.0000E+00  0.0000E+00   
1.00E+11  0.086  23.933  5.1250E+01  4.9886E+02   1.9671E-53  3.9703E-54   2.1371E-129 8.8309E-129  0.0000E+00  0.0000E+00   
1.00E+11  0.129  23.931  5.1659E+01  5.0465E+02   6.6252E-39  1.4768E-39   5.9112E-88  2.5118E-87   0.0000E+00  0.0000E+00   
1.00E+11  0.172  23.930  5.1923E+01  5.0855E+02   1.2526E-31  2.8632E-32   3.8643E-67  1.6848E-66   0.0000E+00  0.0000E+00   
1.00E+11  0.259  23.924  5.2269E+01  5.1430E+02   2.3804E-24  5.5271E-25   3.5550E-46  1.6281E-45   0.0000E+00  0.0000E+00   
1.00E+11  0.431  23.908  5.2707E+01  5.2430E+02   1.5534E-18  3.6358E-19   4.0684E-29  2.0308E-28   0.0000E+00  0.0000E+00   
1.00E+11  0.862  23.832  5.3152E+01  5.5616E+02   2.7848E-14  6.5456E-15   1.6017E-15  9.6631E-15   0.0000E+00  0.0000E+00   
1.00E+11  2.585  23.015  6.2633E+01  9.6221E+02   3.7964E-12  8.9432E-13   5.8564E-05  8.5012E-04   0.0000E+00  0.0000E+00   
