1.00E+04  0.001  0.523   0.0000E+00  0.0000E+00   0.0000E+00  0.0000E+00   0.0000E+00  0.0000E+00   2.5293E-02  9.6322E-02   
1.00E+04  0.009  0.516   0.0000E+00  0.0000E+00   0.0000E+00  0.0000E+00   3.7591E-59  2.8813E-58   4.5744E-02  1.9981E-01   
1.00E+04  0.017  0.498   1.4407E-193 7.4881E-195  0.0000E+00  0.0000E+00   3.7272E-32  2.9101E-31   4.9766E-02  2.2018E-01   
1.00E+04  0.034  0.444   7.7625E-101 8.1106E-102  0.0000E+00  0.0000E+00   3.7723E-18  2.9737E-17   5.1011E-02  2.2692E-01   
1.00E+04  0.060  0.337   5.4694E-61  1.0077E-61   0.0000E+00  0.0000E+00   9.5707E-12  7.5641E-11   4.9273E-02  2.1928E-01   
1.00E+04  0.086  0.209   5.3367E-45  1.4151E-45   0.0000E+00  0.0000E+00   5.6869E-09  4.4974E-08   4.7214E-02  2.0983E-01   
1.00E+04  0.129  0.047   3.0950E-32  1.2460E-32   0.0000E+00  0.0000E+00   7.1554E-07  5.6712E-06   4.4607E-02  1.9765E-01   
1.00E+04  0.172  0.014   2.0140E-25  1.0938E-25   0.0000E+00  0.0000E+00   4.6037E-06  3.6641E-05   4.2866E-02  1.8938E-01   
1.00E+04  0.259  0.004   2.3345E-18  1.9446E-18   0.0000E+00  0.0000E+00   3.2200E-05  2.5966E-04   4.0869E-02  1.7975E-01   
1.00E+04  0.431  0.001   2.0190E-12  2.9162E-12   0.0000E+00  0.0000E+00   2.5597E-04  2.1460E-03   3.9709E-02  1.7387E-01   
1.00E+04  0.862  0.000   2.0986E-07  6.4929E-07   0.0000E+00  0.0000E+00   3.9059E-03  3.8188E-02   4.6302E-02  2.0838E-01   
1.00E+04  2.585  0.000   1.6226E-02  1.6541E-01   0.0000E+00  0.0000E+00   3.7492E-01  6.7692E+00   8.6916E-02  4.3809E-01   
1.00E+05  0.001  0.565   0.0000E+00  0.0000E+00   0.0000E+00  0.0000E+00   0.0000E+00  0.0000E+00   2.5281E-02  9.6247E-02   
1.00E+05  0.009  0.563   0.0000E+00  0.0000E+00   0.0000E+00  0.0000E+00   1.6521E-61  1.2663E-60   4.5728E-02  1.9970E-01   
1.00E+05  0.017  0.558   4.6286E-192 2.4056E-193  0.0000E+00  0.0000E+00   1.1602E-33  9.0584E-33   4.9750E-02  2.2007E-01   
1.00E+05  0.034  0.537   1.1501E-99  1.2016E-100  0.0000E+00  0.0000E+00   2.5461E-19  2.0071E-18   5.0996E-02  2.2681E-01   
1.00E+05  0.060  0.485   6.3715E-60  1.1739E-60   0.0000E+00  0.0000E+00   8.2156E-13  6.4931E-12   4.9260E-02  2.1919E-01   
1.00E+05  0.086  0.413   5.7357E-44  1.5209E-44   0.0000E+00  0.0000E+00   5.2915E-10  4.1848E-09   4.7202E-02  2.0975E-01   
1.00E+05  0.129  0.265   1.6756E-31  6.7460E-32   0.0000E+00  0.0000E+00   1.3251E-07  1.0502E-06   4.4597E-02  1.9758E-01   
1.00E+05  0.172  0.128   3.9128E-25  2.1251E-25   0.0000E+00  0.0000E+00   2.3820E-06  1.8957E-05   4.2860E-02  1.8934E-01   
1.00E+05  0.259  0.035   2.6406E-18  2.1995E-18   0.0000E+00  0.0000E+00   2.8554E-05  2.3024E-04   4.0865E-02  1.7972E-01   
1.00E+05  0.431  0.009   2.0581E-12  2.9727E-12   0.0000E+00  0.0000E+00   2.5132E-04  2.1070E-03   3.9706E-02  1.7385E-01   
1.00E+05  0.862  0.002   2.1030E-07  6.5062E-07   0.0000E+00  0.0000E+00   3.8983E-03  3.8114E-02   4.6300E-02  2.0837E-01   
1.00E+05  2.585  0.000   1.6227E-02  1.6542E-01   0.0000E+00  0.0000E+00   3.7490E-01  6.7687E+00   8.6915E-02  4.3808E-01   
1.00E+06  0.001  0.726   0.0000E+00  0.0000E+00   0.0000E+00  0.0000E+00   0.0000E+00  0.0000E+00   2.5193E-02  9.5718E-02   
1.00E+06  0.009  0.725   0.0000E+00  0.0000E+00   0.0000E+00  0.0000E+00   1.0983E-69  8.4181E-69   4.5617E-02  1.9894E-01   
1.00E+06  0.017  0.724   7.0624E-188 3.6706E-189  0.0000E+00  0.0000E+00   7.6036E-38  5.9367E-37   4.9634E-02  2.1925E-01   
1.00E+06  0.034  0.718   2.1598E-97  2.2566E-98   0.0000E+00  0.0000E+00   1.3557E-21  1.0688E-20   5.0879E-02  2.2598E-01   
1.00E+06  0.060  0.700   2.2598E-58  4.1634E-59   0.0000E+00  0.0000E+00   2.3164E-14  1.8307E-13   4.9148E-02  2.1840E-01   
1.00E+06  0.086  0.672   1.1539E-42  3.0597E-43   0.0000E+00  0.0000E+00   2.6303E-11  2.0801E-10   4.7096E-02  2.0901E-01   
1.00E+06  0.129  0.604   2.2977E-30  9.2504E-31   0.0000E+00  0.0000E+00   9.6686E-09  7.6628E-08   4.4501E-02  1.9691E-01   
1.00E+06  0.172  0.512   3.6247E-24  1.9687E-24   0.0000E+00  0.0000E+00   2.5840E-07  2.0563E-06   4.2774E-02  1.8875E-01   
1.00E+06  0.259  0.299   7.3138E-18  6.0922E-18   0.0000E+00  0.0000E+00   1.0469E-05  8.4379E-05   4.0805E-02  1.7932E-01   
1.00E+06  0.431  0.091   2.4903E-12  3.5970E-12   0.0000E+00  0.0000E+00   2.0933E-04  1.7543E-03   3.9672E-02  1.7363E-01   
1.00E+06  0.862  0.020   2.1467E-07  6.6415E-07   0.0000E+00  0.0000E+00   3.8231E-03  3.7374E-02   4.6278E-02  2.0823E-01   
1.00E+06  2.585  0.002   1.6239E-02  1.6554E-01   0.0000E+00  0.0000E+00   3.7464E-01  6.7639E+00   8.6906E-02  4.3803E-01   
1.00E+07  0.001  1.223   0.0000E+00  0.0000E+00   0.0000E+00  0.0000E+00   0.0000E+00  0.0000E+00   2.4518E-02  9.1823E-02   
1.00E+07  0.009  1.222   0.0000E+00  0.0000E+00   0.0000E+00  0.0000E+00   9.6201E-95  7.3737E-94   4.4751E-02  1.9318E-01   
1.00E+07  0.017  1.222   2.4485E-175 1.2726E-176  0.0000E+00  0.0000E+00   2.1927E-50  1.7120E-49   4.8731E-02  2.1314E-01   
1.00E+07  0.034  1.219   4.4789E-91  4.6796E-92   0.0000E+00  0.0000E+00   6.5359E-28  5.1523E-27   4.9970E-02  2.1978E-01   
1.00E+07  0.060  1.212   1.0907E-54  2.0094E-55   0.0000E+00  0.0000E+00   4.7977E-18  3.7918E-17   4.8270E-02  2.1242E-01   
1.00E+07  0.086  1.200   5.3062E-40  1.4071E-40   0.0000E+00  0.0000E+00   5.7174E-14  4.5216E-13   4.6253E-02  2.0328E-01   
1.00E+07  0.129  1.173   1.8710E-28  7.5331E-29   0.0000E+00  0.0000E+00   1.1869E-10  9.4066E-10   4.3704E-02  1.9155E-01   
1.00E+07  0.172  1.133   1.3318E-22  7.2341E-23   0.0000E+00  0.0000E+00   7.0338E-09  5.5973E-08   4.2013E-02  1.8367E-01   
1.00E+07  0.259  1.021   1.1967E-16  9.9693E-17   0.0000E+00  0.0000E+00   6.4500E-07  5.1977E-06   4.0114E-02  1.7477E-01   
1.00E+07  0.431  0.698   1.0176E-11  1.4699E-11   0.0000E+00  0.0000E+00   5.2773E-05  4.4166E-04   3.9174E-02  1.7045E-01   
1.00E+07  0.862  0.196   2.6338E-07  8.1488E-07   0.0000E+00  0.0000E+00   3.1471E-03  3.0732E-02   4.6035E-02  2.0676E-01   
1.00E+07  2.585  0.021   1.6357E-02  1.6675E-01   0.0000E+00  0.0000E+00   3.7205E-01  6.7165E+00   8.6821E-02  4.3753E-01   
1.00E+08  0.001  2.447   0.0000E+00  0.0000E+00   0.0000E+00  0.0000E+00   0.0000E+00  0.0000E+00   2.0186E-02  6.9298E-02   
1.00E+08  0.009  2.447   2.5380E-281 6.5776E-283  0.0000E+00  0.0000E+00   1.8675E-156 1.4314E-155  3.8883E-02  1.5753E-01   
1.00E+08  0.017  2.446   1.7467E-144 9.0763E-146  0.0000E+00  0.0000E+00   3.0363E-81  2.3707E-80   4.2564E-02  1.7492E-01   
1.00E+08  0.034  2.445   1.2433E-75  1.2989E-76   0.0000E+00  0.0000E+00   2.3268E-43  1.8342E-42   4.3740E-02  1.8085E-01   
1.00E+08  0.060  2.442   7.7403E-46  1.4261E-46   0.0000E+00  0.0000E+00   6.6843E-27  5.2829E-26   4.2258E-02  1.7488E-01   
1.00E+08  0.086  2.437   8.9117E-34  2.3628E-34   0.0000E+00  0.0000E+00   3.3668E-20  2.6626E-19   4.0474E-02  1.6733E-01   
1.00E+08  0.129  2.424   2.9611E-24  1.1923E-24   0.0000E+00  0.0000E+00   7.4183E-15  5.8793E-14   3.8219E-02  1.5763E-01   
1.00E+08  0.172  2.406   2.1230E-19  1.1539E-19   0.0000E+00  0.0000E+00   4.3680E-12  3.4759E-11   3.6736E-02  1.5121E-01   
1.00E+08  0.259  2.355   2.0629E-14  1.7211E-14   0.0000E+00  0.0000E+00   3.7136E-09  2.9926E-08   3.5122E-02  1.4433E-01   
1.00E+08  0.431  2.192   3.2452E-10  4.6947E-10   0.0000E+00  0.0000E+00   1.6636E-06  1.3916E-05   3.4591E-02  1.4290E-01   
1.00E+08  0.862  1.493   1.1848E-06  3.6682E-06   0.0000E+00  0.0000E+00   7.2554E-04  7.0550E-03   4.2733E-02  1.8729E-01   
1.00E+08  2.585  0.209   1.7588E-02  1.7931E-01   0.0000E+00  0.0000E+00   3.4709E-01  6.2603E+00   8.5948E-02  4.3244E-01   
1.00E+09  0.001  5.181   0.0000E+00  0.0000E+00   0.0000E+00  0.0000E+00   0.0000E+00  0.0000E+00   5.4766E-03  1.1285E-02   
1.00E+09  0.009  5.180   1.4538E-143 3.7686E-145  0.0000E+00  0.0000E+00   3.1274E-294 2.3971E-293  1.5469E-02  4.4624E-02   
1.00E+09  0.017  5.180   1.2918E-75  6.7130E-77   0.0000E+00  0.0000E+00   3.9086E-150 3.0517E-149  1.7443E-02  5.1223E-02   
1.00E+09  0.034  5.180   3.3476E-41  3.4956E-42   0.0000E+00  0.0000E+00   8.1847E-78  6.4522E-77   1.8150E-02  5.3724E-02   
1.00E+09  0.060  5.178   3.6648E-26  6.7444E-27   0.0000E+00  0.0000E+00   1.3311E-46  1.0520E-45   1.7572E-02  5.2179E-02   
1.00E+09  0.086  5.176   5.3397E-20  1.4138E-20   0.0000E+00  0.0000E+00   5.2791E-34  4.1749E-33   1.6804E-02  4.9954E-02   
1.00E+09  0.129  5.170   4.6591E-15  1.8731E-15   0.0000E+00  0.0000E+00   4.4076E-24  3.4932E-23   1.5815E-02  4.7057E-02   
1.00E+09  0.172  5.161   1.7377E-12  9.4419E-13   0.0000E+00  0.0000E+00   4.9721E-19  3.9566E-18   1.5174E-02  4.5225E-02   
1.00E+09  0.259  5.138   9.1000E-10  7.6231E-10   0.0000E+00  0.0000E+00   7.8453E-14  6.3221E-13   1.4558E-02  4.3757E-02   
1.00E+09  0.431  5.062   2.3877E-07  3.4851E-07   0.0000E+00  0.0000E+00   2.1289E-09  1.7808E-08   1.4808E-02  4.6224E-02   
1.00E+09  0.862  4.708   4.7899E-05  1.4992E-04   0.0000E+00  0.0000E+00   1.7607E-05  1.7098E-04   2.2157E-02  8.2152E-02   
1.00E+09  2.585  1.972   3.4711E-02  3.5429E-01   0.0000E+00  0.0000E+00   1.7951E-01  3.2168E+00   7.5868E-02  3.7463E-01   
1.00E+10  0.001  11.119  8.4134E-04  7.7119E-04   0.0000E+00  0.0000E+00   0.0000E+00  0.0000E+00   0.0000E+00  0.0000E+00   
1.00E+10  0.009  11.118  8.4254E-04  7.7529E-04   0.0000E+00  0.0000E+00   0.0000E+00  0.0000E+00   6.2770E-128 5.3695E-128  
1.00E+10  0.017  11.118  1.0456E-03  1.2965E-03   0.0000E+00  0.0000E+00   9.1947E-300 7.1789E-299  3.2529E-66  2.7880E-66   
1.00E+10  0.034  11.118  2.9251E-03  6.1125E-03   0.0000E+00  0.0000E+00   1.2441E-152 9.8073E-152  2.3023E-35  1.9866E-35   
1.00E+10  0.060  11.117  5.8938E-03  1.3727E-02   0.0000E+00  0.0000E+00   2.3172E-89  1.8313E-88   3.8773E-22  3.4350E-22   
1.00E+10  0.086  11.116  7.6635E-03  1.8288E-02   0.0000E+00  0.0000E+00   6.0890E-64  4.8155E-63   8.0839E-17  7.4626E-17   
1.00E+10  0.129  11.113  9.1643E-03  2.2233E-02   0.0000E+00  0.0000E+00   4.7300E-44  3.7487E-43   1.2302E-12  1.2250E-12   
1.00E+10  0.172  11.109  9.9534E-03  2.4444E-02   0.0000E+00  0.0000E+00   5.1090E-34  4.0656E-33   1.6356E-10  1.7555E-10   
1.00E+10  0.259  11.098  1.1034E-02  2.7942E-02   0.0000E+00  0.0000E+00   7.6058E-24  6.1291E-23   7.9744E-08  7.3553E-08   
1.00E+10  0.431  11.063  1.3533E-02  3.7711E-02   0.0000E+00  0.0000E+00   1.9017E-15  1.5907E-14   3.6549E-06  5.4491E-06   
1.00E+10  0.862  10.898  2.8077E-02  1.0949E-01   0.0000E+00  0.0000E+00   1.3363E-08  1.2976E-07   2.2872E-04  6.1028E-04   
1.00E+10  2.585  9.163   5.3230E-01  5.5642E+00   0.0000E+00  0.0000E+00   1.1402E-02  2.0285E-01   1.7766E-02  8.1317E-02   
1.00E+11  0.001  23.934  3.6026E+01  3.1498E+02   0.0000E+00  0.0000E+00   0.0000E+00  0.0000E+00   0.0000E+00  0.0000E+00   
1.00E+11  0.009  23.934  3.6020E+01  3.1492E+02   0.0000E+00  0.0000E+00   0.0000E+00  0.0000E+00   0.0000E+00  0.0000E+00   
1.00E+11  0.017  23.933  3.6066E+01  3.1570E+02   0.0000E+00  0.0000E+00   0.0000E+00  0.0000E+00   0.0000E+00  0.0000E+00   
1.00E+11  0.034  23.934  3.6405E+01  3.2212E+02   0.0000E+00  0.0000E+00   5.8195E-315 4.5677E-314  0.0000E+00  0.0000E+00   
1.00E+11  0.060  23.933  3.6714E+01  3.3021E+02   0.0000E+00  0.0000E+00   1.2409E-181 9.8073E-181  0.0000E+00  0.0000E+00   
1.00E+11  0.086  23.933  3.6779E+01  3.3399E+02   0.0000E+00  0.0000E+00   1.5548E-128 1.2296E-127  0.0000E+00  0.0000E+00   
1.00E+11  0.129  23.931  3.6728E+01  3.3630E+02   0.0000E+00  0.0000E+00   4.0550E-87  3.2137E-86   0.0000E+00  0.0000E+00   
1.00E+11  0.172  23.930  3.6654E+01  3.3712E+02   0.0000E+00  0.0000E+00   2.5292E-66  2.0127E-65   0.0000E+00  0.0000E+00   
1.00E+11  0.259  23.924  3.6544E+01  3.3806E+02   0.0000E+00  0.0000E+00   2.1595E-45  1.7402E-44   0.0000E+00  0.0000E+00   
1.00E+11  0.431  23.908  3.6201E+01  3.3861E+02   0.0000E+00  0.0000E+00   2.1481E-28  1.7969E-27   0.0000E+00  0.0000E+00   
1.00E+11  0.862  23.832  3.4632E+01  3.3919E+02   0.0000E+00  0.0000E+00   4.0534E-15  3.9361E-14   0.0000E+00  0.0000E+00   
1.00E+11  2.585  23.015  4.3195E+01  6.1358E+02   0.0000E+00  0.0000E+00   5.3779E-05  9.5627E-04   0.0000E+00  0.0000E+00   
