1.00E+04  0.001  0.523   0.0000E+00  0.0000E+00   0.0000E+00  0.0000E+00   0.0000E+00  0.0000E+00   1.9891E-02  7.4702E-02   
1.00E+04  0.009  0.516   0.0000E+00  0.0000E+00   0.0000E+00  0.0000E+00   3.3429E-59  2.5704E-58   4.1442E-02  1.8257E-01   
1.00E+04  0.017  0.498   9.8197E-194 5.1039E-195  0.0000E+00  0.0000E+00   3.3490E-32  2.6269E-31   4.5687E-02  2.0384E-01   
1.00E+04  0.034  0.444   5.5492E-101 5.7982E-102  0.0000E+00  0.0000E+00   3.4100E-18  2.7015E-17   4.7134E-02  2.1138E-01   
1.00E+04  0.060  0.337   4.2401E-61  7.8121E-62   0.0000E+00  0.0000E+00   8.6902E-12  6.8986E-11   4.5673E-02  2.0485E-01   
1.00E+04  0.086  0.209   4.3773E-45  1.1607E-45   0.0000E+00  0.0000E+00   5.1806E-09  4.1123E-08   4.3835E-02  1.9628E-01   
1.00E+04  0.129  0.047   2.6831E-32  1.0802E-32   0.0000E+00  0.0000E+00   6.5472E-07  5.2024E-06   4.1484E-02  1.8509E-01   
1.00E+04  0.172  0.014   1.8006E-25  9.7789E-26   0.0000E+00  0.0000E+00   4.2273E-06  3.3699E-05   3.9910E-02  1.7747E-01   
1.00E+04  0.259  0.004   2.1550E-18  1.7950E-18   0.0000E+00  0.0000E+00   2.9733E-05  2.3978E-04   3.8118E-02  1.6861E-01   
1.00E+04  0.431  0.001   1.9151E-12  2.7658E-12   0.0000E+00  0.0000E+00   2.3889E-04  1.9992E-03   3.7229E-02  1.6373E-01   
1.00E+04  0.862  0.000   2.0508E-07  6.3435E-07   0.0000E+00  0.0000E+00   3.7537E-03  3.6627E-02   4.4426E-02  2.0019E-01   
1.00E+04  2.585  0.000   1.6199E-02  1.6512E-01   0.0000E+00  0.0000E+00   3.7211E-01  6.7162E+00   8.5768E-02  4.3134E-01   
1.00E+05  0.001  0.565   0.0000E+00  0.0000E+00   0.0000E+00  0.0000E+00   0.0000E+00  0.0000E+00   1.9881E-02  7.4641E-02   
1.00E+05  0.009  0.563   0.0000E+00  0.0000E+00   0.0000E+00  0.0000E+00   1.4691E-61  1.1296E-60   4.1427E-02  1.8247E-01   
1.00E+05  0.017  0.558   3.1547E-192 1.6397E-193  0.0000E+00  0.0000E+00   1.0424E-33  8.1770E-33   4.5672E-02  2.0373E-01   
1.00E+05  0.034  0.537   8.2215E-100 8.5904E-101  0.0000E+00  0.0000E+00   2.3016E-19  1.8234E-18   4.7121E-02  2.1128E-01   
1.00E+05  0.060  0.485   4.9394E-60  9.1006E-61   0.0000E+00  0.0000E+00   7.4598E-13  5.9218E-12   4.5661E-02  2.0476E-01   
1.00E+05  0.086  0.413   4.7046E-44  1.2475E-44   0.0000E+00  0.0000E+00   4.8204E-10  3.8264E-09   4.3825E-02  1.9620E-01   
1.00E+05  0.129  0.265   1.4526E-31  5.8481E-32   0.0000E+00  0.0000E+00   1.2125E-07  9.6341E-07   4.1475E-02  1.8503E-01   
1.00E+05  0.172  0.128   3.4982E-25  1.8998E-25   0.0000E+00  0.0000E+00   2.1872E-06  1.7434E-05   3.9904E-02  1.7743E-01   
1.00E+05  0.259  0.035   2.4376E-18  2.0303E-18   0.0000E+00  0.0000E+00   2.6367E-05  2.1262E-04   3.8114E-02  1.6858E-01   
1.00E+05  0.431  0.009   1.9521E-12  2.8194E-12   0.0000E+00  0.0000E+00   2.3455E-04  1.9628E-03   3.7227E-02  1.6371E-01   
1.00E+05  0.862  0.002   2.0550E-07  6.3566E-07   0.0000E+00  0.0000E+00   3.7464E-03  3.6556E-02   4.4424E-02  2.0017E-01   
1.00E+05  2.585  0.000   1.6201E-02  1.6513E-01   0.0000E+00  0.0000E+00   3.7208E-01  6.7157E+00   8.5767E-02  4.3133E-01   
1.00E+06  0.001  0.726   0.0000E+00  0.0000E+00   0.0000E+00  0.0000E+00   0.0000E+00  0.0000E+00   1.9809E-02  7.4214E-02   
1.00E+06  0.009  0.725   0.0000E+00  0.0000E+00   0.0000E+00  0.0000E+00   9.7666E-70  7.5098E-69   4.1329E-02  1.8179E-01   
1.00E+06  0.017  0.724   4.8135E-188 2.5019E-189  0.0000E+00  0.0000E+00   6.8320E-38  5.3590E-37   4.5568E-02  2.0300E-01   
1.00E+06  0.034  0.718   1.5440E-97  1.6133E-98   0.0000E+00  0.0000E+00   1.2255E-21  9.7092E-21   4.7015E-02  2.1053E-01   
1.00E+06  0.060  0.700   1.7518E-58  3.2276E-59   0.0000E+00  0.0000E+00   2.1032E-14  1.6696E-13   4.5559E-02  2.0404E-01   
1.00E+06  0.086  0.672   9.4642E-43  2.5097E-43   0.0000E+00  0.0000E+00   2.3961E-11  1.9020E-10   4.3728E-02  1.9552E-01   
1.00E+06  0.129  0.604   1.9919E-30  8.0191E-31   0.0000E+00  0.0000E+00   8.8467E-09  7.0294E-08   4.1387E-02  1.8442E-01   
1.00E+06  0.172  0.512   3.2407E-24  1.7600E-24   0.0000E+00  0.0000E+00   2.3727E-07  1.8911E-06   3.9825E-02  1.7688E-01   
1.00E+06  0.259  0.299   6.7515E-18  5.6236E-18   0.0000E+00  0.0000E+00   9.6663E-06  7.7920E-05   3.8059E-02  1.6821E-01   
1.00E+06  0.431  0.091   2.3621E-12  3.4115E-12   0.0000E+00  0.0000E+00   1.9536E-04  1.6343E-03   3.7194E-02  1.6351E-01   
1.00E+06  0.862  0.020   2.0977E-07  6.4887E-07   0.0000E+00  0.0000E+00   3.6741E-03  3.5846E-02   4.4402E-02  2.0004E-01   
1.00E+06  2.585  0.002   1.6212E-02  1.6525E-01   0.0000E+00  0.0000E+00   3.7182E-01  6.7110E+00   8.5759E-02  4.3128E-01   
1.00E+07  0.001  1.223   0.0000E+00  0.0000E+00   0.0000E+00  0.0000E+00   0.0000E+00  0.0000E+00   1.9255E-02  7.1079E-02   
1.00E+07  0.009  1.222   0.0000E+00  0.0000E+00   0.0000E+00  0.0000E+00   8.5550E-95  6.5781E-94   4.0559E-02  1.7664E-01   
1.00E+07  0.017  1.222   1.6688E-175 8.6736E-177  0.0000E+00  0.0000E+00   1.9702E-50  1.5454E-49   4.4756E-02  1.9745E-01   
1.00E+07  0.034  1.219   3.2018E-91  3.3454E-92   0.0000E+00  0.0000E+00   5.9082E-28  4.6807E-27   4.6192E-02  2.0487E-01   
1.00E+07  0.060  1.212   8.4549E-55  1.5577E-55   0.0000E+00  0.0000E+00   4.3563E-18  3.4582E-17   4.4762E-02  1.9856E-01   
1.00E+07  0.086  1.200   4.3522E-40  1.1541E-40   0.0000E+00  0.0000E+00   5.2084E-14  4.1344E-13   4.2960E-02  1.9027E-01   
1.00E+07  0.129  1.173   1.6220E-28  6.5303E-29   0.0000E+00  0.0000E+00   1.0860E-10  8.6291E-10   4.0658E-02  1.7947E-01   
1.00E+07  0.172  1.133   1.1907E-22  6.4674E-23   0.0000E+00  0.0000E+00   6.4586E-09  5.1478E-08   3.9127E-02  1.7220E-01   
1.00E+07  0.259  1.021   1.1047E-16  9.2023E-17   0.0000E+00  0.0000E+00   5.9557E-07  4.7999E-06   3.7422E-02  1.6400E-01   
1.00E+07  0.431  0.698   9.6519E-12  1.3941E-11   0.0000E+00  0.0000E+00   4.9248E-05  4.1143E-04   3.6732E-02  1.6054E-01   
1.00E+07  0.862  0.196   2.5737E-07  7.9614E-07   0.0000E+00  0.0000E+00   3.0244E-03  2.9475E-02   4.4169E-02  1.9863E-01   
1.00E+07  2.585  0.021   1.6331E-02  1.6646E-01   0.0000E+00  0.0000E+00   3.6925E-01  6.6640E+00   8.5674E-02  4.3079E-01   
1.00E+08  0.001  2.447   0.0000E+00  0.0000E+00   0.0000E+00  0.0000E+00   0.0000E+00  0.0000E+00   1.5731E-02  5.3129E-02   
1.00E+08  0.009  2.447   1.6948E-281 4.3926E-283  0.0000E+00  0.0000E+00   1.6607E-156 1.2769E-155  3.5332E-02  1.4462E-01   
1.00E+08  0.017  2.446   1.1890E-144 6.1786E-146  0.0000E+00  0.0000E+00   2.7282E-81  2.1400E-80   3.9197E-02  1.6268E-01   
1.00E+08  0.034  2.445   8.8813E-76  9.2787E-77   0.0000E+00  0.0000E+00   2.1033E-43  1.6663E-42   4.0539E-02  1.6921E-01   
1.00E+08  0.060  2.442   5.9974E-46  1.1050E-46   0.0000E+00  0.0000E+00   6.0694E-27  4.8181E-26   3.9285E-02  1.6406E-01   
1.00E+08  0.086  2.437   7.3066E-34  1.9372E-34   0.0000E+00  0.0000E+00   3.0671E-20  2.4346E-19   3.7681E-02  1.5715E-01   
1.00E+08  0.129  2.424   2.5661E-24  1.0332E-24   0.0000E+00  0.0000E+00   6.7877E-15  5.3934E-14   3.5631E-02  1.4816E-01   
1.00E+08  0.172  2.406   1.8975E-19  1.0313E-19   0.0000E+00  0.0000E+00   4.0108E-12  3.1968E-11   3.4278E-02  1.4218E-01   
1.00E+08  0.259  2.355   1.9039E-14  1.5884E-14   0.0000E+00  0.0000E+00   3.4290E-09  2.7635E-08   3.2816E-02  1.3577E-01   
1.00E+08  0.431  2.192   3.0777E-10  4.4522E-10   0.0000E+00  0.0000E+00   1.5524E-06  1.2964E-05   3.2467E-02  1.3482E-01   
1.00E+08  0.862  1.493   1.1578E-06  3.5837E-06   0.0000E+00  0.0000E+00   6.9720E-04  6.7662E-03   4.1007E-02  1.7997E-01   
1.00E+08  2.585  0.209   1.7559E-02  1.7899E-01   0.0000E+00  0.0000E+00   3.4448E-01  6.2113E+00   8.4810E-02  4.2577E-01   
1.00E+09  0.001  5.181   0.0000E+00  0.0000E+00   0.0000E+00  0.0000E+00   0.0000E+00  0.0000E+00   4.0702E-03  8.2427E-03   
1.00E+09  0.009  5.180   9.6339E-144 2.4974E-145  0.0000E+00  0.0000E+00   2.7811E-294 2.1384E-293  1.4345E-02  4.2186E-02   
1.00E+09  0.017  5.180   8.7487E-76  4.5465E-77   0.0000E+00  0.0000E+00   3.5119E-150 2.7548E-149  1.6376E-02  4.8906E-02   
1.00E+09  0.034  5.180   2.3831E-41  2.4885E-42   0.0000E+00  0.0000E+00   7.3987E-78  5.8615E-77   1.7134E-02  5.1518E-02   
1.00E+09  0.060  5.178   2.8319E-26  5.2115E-27   0.0000E+00  0.0000E+00   1.2087E-46  9.5948E-46   1.6626E-02  5.0118E-02   
1.00E+09  0.086  5.176   4.3673E-20  1.1563E-20   0.0000E+00  0.0000E+00   4.8091E-34  3.8174E-33   1.5911E-02  4.7999E-02   
1.00E+09  0.129  5.170   4.0284E-15  1.6195E-15   0.0000E+00  0.0000E+00   4.0329E-24  3.2045E-23   1.4978E-02  4.5198E-02   
1.00E+09  0.172  5.161   1.5498E-12  8.4204E-13   0.0000E+00  0.0000E+00   4.5655E-19  3.6389E-18   1.4367E-02  4.3402E-02   
1.00E+09  0.259  5.138   8.3820E-10  7.0224E-10   0.0000E+00  0.0000E+00   7.2441E-14  5.8382E-13   1.3775E-02  4.1916E-02   
1.00E+09  0.431  5.062   2.2612E-07  3.3010E-07   0.0000E+00  0.0000E+00   1.9867E-09  1.6590E-08   1.4021E-02  4.4180E-02   
1.00E+09  0.862  4.708   4.6793E-05  1.4644E-04   0.0000E+00  0.0000E+00   1.6919E-05  1.6398E-04   2.1297E-02  7.9117E-02   
1.00E+09  2.585  1.972   3.4654E-02  3.5367E-01   0.0000E+00  0.0000E+00   1.7816E-01  3.1916E+00   7.4841E-02  3.6871E-01   
1.00E+10  0.001  11.119  1.0434E-03  1.2791E-03   0.0000E+00  0.0000E+00   0.0000E+00  0.0000E+00   0.0000E+00  0.0000E+00   
1.00E+10  0.009  11.118  1.1274E-02  2.6973E-02   0.0000E+00  0.0000E+00   0.0000E+00  0.0000E+00   6.2745E-128 5.3674E-128  
1.00E+10  0.017  11.118  1.3295E-02  3.2051E-02   0.0000E+00  0.0000E+00   8.2615E-300 6.4804E-299  3.2516E-66  2.7869E-66   
1.00E+10  0.034  11.118  1.4150E-02  3.4216E-02   0.0000E+00  0.0000E+00   1.1246E-152 8.9095E-152  2.3014E-35  1.9858E-35   
1.00E+10  0.060  11.117  1.3887E-02  3.3592E-02   0.0000E+00  0.0000E+00   2.1040E-89  1.6702E-88   3.8759E-22  3.4338E-22   
1.00E+10  0.086  11.116  1.3395E-02  3.2412E-02   0.0000E+00  0.0000E+00   5.5470E-64  4.4031E-63   8.0813E-17  7.4603E-17   
1.00E+10  0.129  11.113  1.2743E-02  3.0920E-02   0.0000E+00  0.0000E+00   4.3279E-44  3.4389E-43   1.2299E-12  1.2246E-12   
1.00E+10  0.172  11.109  1.2368E-02  3.0207E-02   0.0000E+00  0.0000E+00   4.6912E-34  3.7391E-33   1.6345E-10  1.7546E-10   
1.00E+10  0.259  11.098  1.2274E-02  3.0752E-02   0.0000E+00  0.0000E+00   7.0229E-24  5.6599E-23   7.9643E-08  7.3449E-08   
1.00E+10  0.431  11.063  1.3849E-02  3.8129E-02   0.0000E+00  0.0000E+00   1.7746E-15  1.4819E-14   3.5821E-06  5.3413E-06   
1.00E+10  0.862  10.898  2.7743E-02  1.0768E-01   0.0000E+00  0.0000E+00   1.2841E-08  1.2445E-07   2.2116E-04  5.8854E-04   
1.00E+10  2.585  9.163   5.3149E-01  5.5547E+00   0.0000E+00  0.0000E+00   1.1316E-02  2.0126E-01   1.7448E-02  7.9679E-02   
1.00E+11  0.001  23.934  3.6081E+01  3.1585E+02   0.0000E+00  0.0000E+00   0.0000E+00  0.0000E+00   0.0000E+00  0.0000E+00   
1.00E+11  0.009  23.934  3.9205E+01  3.6287E+02   0.0000E+00  0.0000E+00   0.0000E+00  0.0000E+00   0.0000E+00  0.0000E+00   
1.00E+11  0.017  23.933  3.9810E+01  3.7206E+02   0.0000E+00  0.0000E+00   0.0000E+00  0.0000E+00   0.0000E+00  0.0000E+00   
1.00E+11  0.034  23.934  3.9888E+01  3.7432E+02   0.0000E+00  0.0000E+00   5.2604E-315 4.1500E-314  0.0000E+00  0.0000E+00   
1.00E+11  0.060  23.933  3.9303E+01  3.6853E+02   0.0000E+00  0.0000E+00   1.1267E-181 8.9445E-181  0.0000E+00  0.0000E+00   
1.00E+11  0.086  23.933  3.8706E+01  3.6222E+02   0.0000E+00  0.0000E+00   1.4164E-128 1.1243E-127  0.0000E+00  0.0000E+00   
1.00E+11  0.129  23.931  3.7984E+01  3.5453E+02   0.0000E+00  0.0000E+00   3.7103E-87  2.9481E-86   0.0000E+00  0.0000E+00   
1.00E+11  0.172  23.930  3.7524E+01  3.4973E+02   0.0000E+00  0.0000E+00   2.3224E-66  1.8511E-65   0.0000E+00  0.0000E+00   
1.00E+11  0.259  23.924  3.7010E+01  3.4482E+02   0.0000E+00  0.0000E+00   1.9940E-45  1.6070E-44   0.0000E+00  0.0000E+00   
1.00E+11  0.431  23.908  3.6351E+01  3.4081E+02   0.0000E+00  0.0000E+00   2.0046E-28  1.6739E-27   0.0000E+00  0.0000E+00   
1.00E+11  0.862  23.832  3.4605E+01  3.3871E+02   0.0000E+00  0.0000E+00   3.8950E-15  3.7749E-14   0.0000E+00  0.0000E+00   
1.00E+11  2.585  23.015  4.3161E+01  6.1292E+02   0.0000E+00  0.0000E+00   5.3374E-05  9.4877E-04   0.0000E+00  0.0000E+00   
