1.00E+04  0.001  0.523   0.0000E+00  0.0000E+00   0.0000E+00  0.0000E+00   0.0000E+00  0.0000E+00   4.7670E-02  1.7538E-01   
1.00E+04  0.009  0.516   0.0000E+00  0.0000E+00   0.0000E+00  0.0000E+00   6.4792E-59  4.6251E-58   4.7671E-02  1.7539E-01   
1.00E+04  0.017  0.498   0.0000E+00  0.0000E+00   0.0000E+00  0.0000E+00   5.9977E-32  4.2877E-31   4.7672E-02  1.7539E-01   
1.00E+04  0.034  0.444   0.0000E+00  0.0000E+00   0.0000E+00  0.0000E+00   5.8983E-18  4.2291E-17   4.7673E-02  1.7539E-01   
1.00E+04  0.060  0.337   0.0000E+00  0.0000E+00   0.0000E+00  0.0000E+00   1.5241E-11  1.0978E-10   4.7673E-02  1.7540E-01   
1.00E+04  0.086  0.209   0.0000E+00  0.0000E+00   0.0000E+00  0.0000E+00   9.3076E-09  6.7367E-08   4.7673E-02  1.7540E-01   
1.00E+04  0.129  0.047   0.0000E+00  0.0000E+00   0.0000E+00  0.0000E+00   1.2153E-06  8.8721E-06   4.7672E-02  1.7539E-01   
1.00E+04  0.172  0.014   0.0000E+00  0.0000E+00   0.0000E+00  0.0000E+00   8.0237E-06  5.9125E-05   4.7668E-02  1.7536E-01   
1.00E+04  0.259  0.004   0.0000E+00  0.0000E+00   0.0000E+00  0.0000E+00   5.7919E-05  4.3586E-04   4.7780E-02  1.7596E-01   
1.00E+04  0.431  0.001   0.0000E+00  0.0000E+00   0.0000E+00  0.0000E+00   4.7496E-04  3.7855E-03   5.0997E-02  1.9330E-01   
1.00E+04  0.862  0.000   0.0000E+00  0.0000E+00   0.0000E+00  0.0000E+00   7.3485E-03  7.3089E-02   8.6948E-02  3.9772E-01   
1.00E+04  2.585  0.000   0.0000E+00  0.0000E+00   0.0000E+00  0.0000E+00   6.0444E-01  1.1787E+01   2.6835E-01  1.5406E+00   
1.00E+05  0.001  0.565   0.0000E+00  0.0000E+00   0.0000E+00  0.0000E+00   0.0000E+00  0.0000E+00   4.7648E-02  1.7524E-01   
1.00E+05  0.009  0.563   0.0000E+00  0.0000E+00   0.0000E+00  0.0000E+00   2.8475E-61  2.0326E-60   4.7649E-02  1.7524E-01   
1.00E+05  0.017  0.558   0.0000E+00  0.0000E+00   0.0000E+00  0.0000E+00   1.8669E-33  1.3347E-32   4.7650E-02  1.7525E-01   
1.00E+05  0.034  0.537   0.0000E+00  0.0000E+00   0.0000E+00  0.0000E+00   3.9811E-19  2.8545E-18   4.7652E-02  1.7526E-01   
1.00E+05  0.060  0.485   0.0000E+00  0.0000E+00   0.0000E+00  0.0000E+00   1.3083E-12  9.4239E-12   4.7654E-02  1.7528E-01   
1.00E+05  0.086  0.413   0.0000E+00  0.0000E+00   0.0000E+00  0.0000E+00   8.6605E-10  6.2683E-09   4.7656E-02  1.7529E-01   
1.00E+05  0.129  0.265   0.0000E+00  0.0000E+00   0.0000E+00  0.0000E+00   2.2506E-07  1.6430E-06   4.7657E-02  1.7530E-01   
1.00E+05  0.172  0.128   0.0000E+00  0.0000E+00   0.0000E+00  0.0000E+00   4.1515E-06  3.0589E-05   4.7658E-02  1.7530E-01   
1.00E+05  0.259  0.035   0.0000E+00  0.0000E+00   0.0000E+00  0.0000E+00   5.1363E-05  3.8649E-04   4.7773E-02  1.7591E-01   
1.00E+05  0.431  0.009   0.0000E+00  0.0000E+00   0.0000E+00  0.0000E+00   4.6634E-04  3.7166E-03   5.0992E-02  1.9327E-01   
1.00E+05  0.862  0.002   0.0000E+00  0.0000E+00   0.0000E+00  0.0000E+00   7.3342E-03  7.2946E-02   8.6944E-02  3.9769E-01   
1.00E+05  2.585  0.000   0.0000E+00  0.0000E+00   0.0000E+00  0.0000E+00   6.0440E-01  1.1786E+01   2.6835E-01  1.5405E+00   
1.00E+06  0.001  0.726   0.0000E+00  0.0000E+00   0.0000E+00  0.0000E+00   0.0000E+00  0.0000E+00   4.7490E-02  1.7424E-01   
1.00E+06  0.009  0.725   0.0000E+00  0.0000E+00   0.0000E+00  0.0000E+00   1.8930E-69  1.3513E-68   4.7491E-02  1.7425E-01   
1.00E+06  0.017  0.724   0.0000E+00  0.0000E+00   0.0000E+00  0.0000E+00   1.2235E-37  8.7471E-37   4.7491E-02  1.7425E-01   
1.00E+06  0.034  0.718   0.0000E+00  0.0000E+00   0.0000E+00  0.0000E+00   2.1198E-21  1.5199E-20   4.7493E-02  1.7426E-01   
1.00E+06  0.060  0.700   0.0000E+00  0.0000E+00   0.0000E+00  0.0000E+00   3.6888E-14  2.6570E-13   4.7497E-02  1.7429E-01   
1.00E+06  0.086  0.672   0.0000E+00  0.0000E+00   0.0000E+00  0.0000E+00   4.3049E-11  3.1158E-10   4.7502E-02  1.7432E-01   
1.00E+06  0.129  0.604   0.0000E+00  0.0000E+00   0.0000E+00  0.0000E+00   1.6422E-08  1.1988E-07   4.7511E-02  1.7439E-01   
1.00E+06  0.172  0.512   0.0000E+00  0.0000E+00   0.0000E+00  0.0000E+00   4.5038E-07  3.3181E-06   4.7522E-02  1.7447E-01   
1.00E+06  0.259  0.299   0.0000E+00  0.0000E+00   0.0000E+00  0.0000E+00   1.8831E-05  1.4163E-04   4.7676E-02  1.7533E-01   
1.00E+06  0.431  0.091   0.0000E+00  0.0000E+00   0.0000E+00  0.0000E+00   3.8841E-04  3.0943E-03   5.0933E-02  1.9293E-01   
1.00E+06  0.862  0.020   0.0000E+00  0.0000E+00   0.0000E+00  0.0000E+00   7.1929E-03  7.1531E-02   8.6902E-02  3.9744E-01   
1.00E+06  2.585  0.002   0.0000E+00  0.0000E+00   0.0000E+00  0.0000E+00   6.0398E-01  1.1778E+01   2.6833E-01  1.5404E+00   
1.00E+07  0.001  1.223   0.0000E+00  0.0000E+00   0.0000E+00  0.0000E+00   0.0000E+00  0.0000E+00   4.6250E-02  1.6677E-01   
1.00E+07  0.009  1.222   0.0000E+00  0.0000E+00   0.0000E+00  0.0000E+00   1.6581E-94  1.1836E-93   4.6253E-02  1.6678E-01   
1.00E+07  0.017  1.222   0.0000E+00  0.0000E+00   0.0000E+00  0.0000E+00   3.5284E-50  2.5225E-49   4.6253E-02  1.6679E-01   
1.00E+07  0.034  1.219   0.0000E+00  0.0000E+00   0.0000E+00  0.0000E+00   1.0219E-27  7.3274E-27   4.6255E-02  1.6680E-01   
1.00E+07  0.060  1.212   0.0000E+00  0.0000E+00   0.0000E+00  0.0000E+00   7.6403E-18  5.5033E-17   4.6261E-02  1.6685E-01   
1.00E+07  0.086  1.200   0.0000E+00  0.0000E+00   0.0000E+00  0.0000E+00   9.3576E-14  6.7728E-13   4.6271E-02  1.6692E-01   
1.00E+07  0.129  1.173   0.0000E+00  0.0000E+00   0.0000E+00  0.0000E+00   2.0159E-10  1.4716E-09   4.6293E-02  1.6709E-01   
1.00E+07  0.172  1.133   0.0000E+00  0.0000E+00   0.0000E+00  0.0000E+00   1.2260E-08  9.0323E-08   4.6326E-02  1.6733E-01   
1.00E+07  0.259  1.021   0.0000E+00  0.0000E+00   0.0000E+00  0.0000E+00   1.1603E-06  8.7245E-06   4.6551E-02  1.6871E-01   
1.00E+07  0.431  0.698   0.0000E+00  0.0000E+00   0.0000E+00  0.0000E+00   9.7917E-05  7.7880E-04   5.0095E-02  1.8811E-01   
1.00E+07  0.862  0.196   0.0000E+00  0.0000E+00   0.0000E+00  0.0000E+00   5.9222E-03  5.8824E-02   8.6451E-02  3.9471E-01   
1.00E+07  2.585  0.021   0.0000E+00  0.0000E+00   0.0000E+00  0.0000E+00   5.9982E-01  1.1696E+01   2.6811E-01  1.5389E+00   
1.00E+08  0.001  2.447   0.0000E+00  0.0000E+00   0.0000E+00  0.0000E+00   0.0000E+00  0.0000E+00   3.7926E-02  1.2275E-01   
1.00E+08  0.009  2.447   0.0000E+00  0.0000E+00   0.0000E+00  0.0000E+00   3.2188E-156 2.2977E-155  3.7931E-02  1.2277E-01   
1.00E+08  0.017  2.446   0.0000E+00  0.0000E+00   0.0000E+00  0.0000E+00   4.8859E-81  3.4929E-80   3.7936E-02  1.2279E-01   
1.00E+08  0.034  2.445   0.0000E+00  0.0000E+00   0.0000E+00  0.0000E+00   3.6381E-43  2.6086E-42   3.7939E-02  1.2282E-01   
1.00E+08  0.060  2.442   0.0000E+00  0.0000E+00   0.0000E+00  0.0000E+00   1.0645E-26  7.6674E-26   3.7957E-02  1.2294E-01   
1.00E+08  0.086  2.437   0.0000E+00  0.0000E+00   0.0000E+00  0.0000E+00   5.5104E-20  3.9883E-19   3.7983E-02  1.2312E-01   
1.00E+08  0.129  2.424   0.0000E+00  0.0000E+00   0.0000E+00  0.0000E+00   1.2600E-14  9.1979E-14   3.8047E-02  1.2355E-01   
1.00E+08  0.172  2.406   0.0000E+00  0.0000E+00   0.0000E+00  0.0000E+00   7.6132E-12  5.6090E-11   3.8138E-02  1.2416E-01   
1.00E+08  0.259  2.355   0.0000E+00  0.0000E+00   0.0000E+00  0.0000E+00   6.6803E-09  5.0231E-08   3.8526E-02  1.2653E-01   
1.00E+08  0.431  2.192   0.0000E+00  0.0000E+00   0.0000E+00  0.0000E+00   3.0867E-06  2.4537E-05   4.2452E-02  1.4766E-01   
1.00E+08  0.862  1.493   0.0000E+00  0.0000E+00   0.0000E+00  0.0000E+00   1.3662E-03  1.3509E-02   8.0310E-02  3.5853E-01   
1.00E+08  2.585  0.209   0.0000E+00  0.0000E+00   0.0000E+00  0.0000E+00   5.5974E-01  1.0904E+01   2.6585E-01  1.5235E+00   
1.00E+09  0.001  5.181   0.0000E+00  0.0000E+00   0.0000E+00  0.0000E+00   0.0000E+00  0.0000E+00   8.3110E-03  1.4553E-02   
1.00E+09  0.009  5.180   0.0000E+00  0.0000E+00   0.0000E+00  0.0000E+00   5.3903E-294 3.8478E-293  8.3168E-03  1.4568E-02   
1.00E+09  0.017  5.180   0.0000E+00  0.0000E+00   0.0000E+00  0.0000E+00   6.2896E-150 4.4964E-149  8.3225E-03  1.4584E-02   
1.00E+09  0.034  5.180   0.0000E+00  0.0000E+00   0.0000E+00  0.0000E+00   1.2798E-77  9.1760E-77   8.3307E-03  1.4615E-02   
1.00E+09  0.060  5.178   0.0000E+00  0.0000E+00   0.0000E+00  0.0000E+00   2.1198E-46  1.5269E-45   8.3607E-03  1.4717E-02   
1.00E+09  0.086  5.176   0.0000E+00  0.0000E+00   0.0000E+00  0.0000E+00   8.6402E-34  6.2536E-33   8.4064E-03  1.4873E-02   
1.00E+09  0.129  5.170   0.0000E+00  0.0000E+00   0.0000E+00  0.0000E+00   7.4861E-24  5.4649E-23   8.5179E-03  1.5255E-02   
1.00E+09  0.172  5.161   0.0000E+00  0.0000E+00   0.0000E+00  0.0000E+00   8.6662E-19  6.3848E-18   8.6745E-03  1.5793E-02   
1.00E+09  0.259  5.138   0.0000E+00  0.0000E+00   0.0000E+00  0.0000E+00   1.4113E-13  1.0612E-12   9.2009E-03  1.7632E-02   
1.00E+09  0.431  5.062   0.0000E+00  0.0000E+00   0.0000E+00  0.0000E+00   3.9501E-09  3.1400E-08   1.2539E-02  2.9901E-02   
1.00E+09  0.862  4.708   0.0000E+00  0.0000E+00   0.0000E+00  0.0000E+00   3.3161E-05  3.2743E-04   4.2115E-02  1.6298E-01   
1.00E+09  2.585  1.972   0.0000E+00  0.0000E+00   0.0000E+00  0.0000E+00   2.9003E-01  5.6142E+00   2.3939E-01  1.3463E+00   
1.00E+10  0.001  11.119  0.0000E+00  0.0000E+00   0.0000E+00  0.0000E+00   0.0000E+00  0.0000E+00   0.0000E+00  0.0000E+00   
1.00E+10  0.009  11.118  0.0000E+00  0.0000E+00   0.0000E+00  0.0000E+00   0.0000E+00  0.0000E+00   4.9440E-195 1.7105E-195  
1.00E+10  0.017  11.118  0.0000E+00  0.0000E+00   0.0000E+00  0.0000E+00   1.4796E-299 1.0577E-298  5.0039E-100 1.7501E-100  
1.00E+10  0.034  11.118  0.0000E+00  0.0000E+00   0.0000E+00  0.0000E+00   1.9452E-152 1.3948E-151  1.6419E-52  5.9609E-53   
1.00E+10  0.060  11.117  0.0000E+00  0.0000E+00   0.0000E+00  0.0000E+00   3.6901E-89  2.6580E-88   4.1326E-32  1.6446E-32   
1.00E+10  0.086  11.116  0.0000E+00  0.0000E+00   0.0000E+00  0.0000E+00   9.9658E-64  7.2131E-63   6.7616E-24  3.1050E-24   
1.00E+10  0.129  11.113  0.0000E+00  0.0000E+00   0.0000E+00  0.0000E+00   8.0337E-44  5.8647E-43   2.7825E-17  1.9559E-17   
1.00E+10  0.172  11.109  0.0000E+00  0.0000E+00   0.0000E+00  0.0000E+00   8.9049E-34  6.5606E-33   1.0789E-13  1.0266E-13   
1.00E+10  0.259  11.098  0.0000E+00  0.0000E+00   0.0000E+00  0.0000E+00   1.3682E-23  1.0288E-22   7.4951E-10  9.3306E-10   
1.00E+10  0.431  11.063  0.0000E+00  0.0000E+00   0.0000E+00  0.0000E+00   3.5284E-15  2.8048E-14   1.4760E-06  2.5920E-06   
1.00E+10  0.862  10.898  0.0000E+00  0.0000E+00   0.0000E+00  0.0000E+00   2.5168E-08  2.4850E-07   8.1420E-04  2.3552E-03   
1.00E+10  2.585  9.163   0.0000E+00  0.0000E+00   0.0000E+00  0.0000E+00   1.8462E-02  3.5481E-01   7.3345E-02  3.6778E-01   
1.00E+11  0.001  23.934  0.0000E+00  0.0000E+00   0.0000E+00  0.0000E+00   0.0000E+00  0.0000E+00   0.0000E+00  0.0000E+00   
1.00E+11  0.009  23.934  0.0000E+00  0.0000E+00   0.0000E+00  0.0000E+00   0.0000E+00  0.0000E+00   0.0000E+00  0.0000E+00   
1.00E+11  0.017  23.933  0.0000E+00  0.0000E+00   0.0000E+00  0.0000E+00   0.0000E+00  0.0000E+00   0.0000E+00  0.0000E+00   
1.00E+11  0.034  23.934  0.0000E+00  0.0000E+00   0.0000E+00  0.0000E+00   9.6829E-315 6.9098E-314  0.0000E+00  0.0000E+00   
1.00E+11  0.060  23.933  0.0000E+00  0.0000E+00   0.0000E+00  0.0000E+00   1.9761E-181 1.4234E-180  0.0000E+00  0.0000E+00   
1.00E+11  0.086  23.933  0.0000E+00  0.0000E+00   0.0000E+00  0.0000E+00   2.5447E-128 1.8418E-127  0.0000E+00  0.0000E+00   
1.00E+11  0.129  23.931  0.0000E+00  0.0000E+00   0.0000E+00  0.0000E+00   6.8873E-87  5.0278E-86   0.0000E+00  0.0000E+00   
1.00E+11  0.172  23.930  0.0000E+00  0.0000E+00   0.0000E+00  0.0000E+00   4.4084E-66  3.2478E-65   0.0000E+00  0.0000E+00   
1.00E+11  0.259  23.924  0.0000E+00  0.0000E+00   0.0000E+00  0.0000E+00   3.8846E-45  2.9209E-44   0.0000E+00  0.0000E+00   
1.00E+11  0.431  23.908  0.0000E+00  0.0000E+00   0.0000E+00  0.0000E+00   3.9856E-28  3.1683E-27   0.0000E+00  0.0000E+00   
1.00E+11  0.862  23.832  0.0000E+00  0.0000E+00   0.0000E+00  0.0000E+00   7.6344E-15  7.5378E-14   0.0000E+00  0.0000E+00   
1.00E+11  2.585  23.015  0.0000E+00  0.0000E+00   0.0000E+00  0.0000E+00   8.7093E-05  1.6729E-03   0.0000E+00  0.0000E+00   
