1.00E+04  0.001  0.523   0.0000E+00  0.0000E+00   0.0000E+00  0.0000E+00   0.0000E+00  0.0000E+00   3.5454E-02  1.2858E-01   
1.00E+04  0.009  0.516   0.0000E+00  0.0000E+00   0.0000E+00  0.0000E+00   5.2680E-59  3.6207E-58   3.5455E-02  1.2858E-01   
1.00E+04  0.017  0.498   0.0000E+00  0.0000E+00   0.0000E+00  0.0000E+00   4.8782E-32  3.3575E-31   3.5456E-02  1.2859E-01   
1.00E+04  0.034  0.444   6.0410E-175 6.3041E-176  0.0000E+00  0.0000E+00   4.8006E-18  3.3133E-17   3.5456E-02  1.2859E-01   
1.00E+04  0.060  0.337   1.2038E-102 2.2132E-103  0.0000E+00  0.0000E+00   1.2418E-11  8.6083E-11   3.5456E-02  1.2859E-01   
1.00E+04  0.086  0.209   1.1924E-73  3.1524E-74   0.0000E+00  0.0000E+00   7.5920E-09  5.2872E-08   3.5457E-02  1.2859E-01   
1.00E+04  0.129  0.047   9.4702E-51  3.7959E-51   0.0000E+00  0.0000E+00   9.9331E-07  6.9748E-06   3.5456E-02  1.2859E-01   
1.00E+04  0.172  0.014   7.3889E-39  3.9900E-39   0.0000E+00  0.0000E+00   6.5730E-06  4.6570E-05   3.5455E-02  1.2858E-01   
1.00E+04  0.259  0.004   1.0495E-26  8.6697E-27   0.0000E+00  0.0000E+00   4.7728E-05  3.4523E-04   3.5628E-02  1.2943E-01   
1.00E+04  0.431  0.001   1.0322E-16  1.4726E-16   0.0000E+00  0.0000E+00   4.0171E-04  3.0945E-03   3.9731E-02  1.5030E-01   
1.00E+04  0.862  0.000   6.3437E-09  1.9366E-08   0.0000E+00  0.0000E+00   6.8483E-03  6.7598E-02   8.1212E-02  3.7617E-01   
1.00E+04  2.585  0.000   6.2617E-03  6.2652E-02   0.0000E+00  0.0000E+00   6.0180E-01  1.1741E+01   2.6880E-01  1.5453E+00   
1.00E+05  0.001  0.565   0.0000E+00  0.0000E+00   0.0000E+00  0.0000E+00   0.0000E+00  0.0000E+00   3.5437E-02  1.2847E-01   
1.00E+05  0.009  0.563   0.0000E+00  0.0000E+00   0.0000E+00  0.0000E+00   2.3152E-61  1.5912E-60   3.5437E-02  1.2847E-01   
1.00E+05  0.017  0.558   0.0000E+00  0.0000E+00   0.0000E+00  0.0000E+00   1.5184E-33  1.0451E-32   3.5438E-02  1.2848E-01   
1.00E+05  0.034  0.537   8.9502E-174 9.3400E-175  0.0000E+00  0.0000E+00   3.2402E-19  2.2364E-18   3.5440E-02  1.2849E-01   
1.00E+05  0.060  0.485   1.4024E-101 2.5783E-102  0.0000E+00  0.0000E+00   1.0660E-12  7.3895E-12   3.5442E-02  1.2850E-01   
1.00E+05  0.086  0.413   1.2815E-72  3.3881E-73   0.0000E+00  0.0000E+00   7.0642E-10  4.9196E-09   3.5443E-02  1.2851E-01   
1.00E+05  0.129  0.265   5.1271E-50  2.0551E-50   0.0000E+00  0.0000E+00   1.8395E-07  1.2916E-06   3.5444E-02  1.2852E-01   
1.00E+05  0.172  0.128   1.4355E-38  7.7518E-39   0.0000E+00  0.0000E+00   3.4009E-06  2.4093E-05   3.5447E-02  1.2853E-01   
1.00E+05  0.259  0.035   1.1871E-26  9.8065E-27   0.0000E+00  0.0000E+00   4.2324E-05  3.0612E-04   3.5623E-02  1.2940E-01   
1.00E+05  0.431  0.009   1.0521E-16  1.5012E-16   0.0000E+00  0.0000E+00   3.9441E-04  3.0382E-03   3.9727E-02  1.5027E-01   
1.00E+05  0.862  0.002   6.3568E-09  1.9406E-08   0.0000E+00  0.0000E+00   6.8350E-03  6.7466E-02   8.1208E-02  3.7615E-01   
1.00E+05  2.585  0.000   6.2621E-03  6.2657E-02   0.0000E+00  0.0000E+00   6.0176E-01  1.1740E+01   2.6880E-01  1.5453E+00   
1.00E+06  0.001  0.726   0.0000E+00  0.0000E+00   0.0000E+00  0.0000E+00   0.0000E+00  0.0000E+00   3.5311E-02  1.2771E-01   
1.00E+06  0.009  0.725   0.0000E+00  0.0000E+00   0.0000E+00  0.0000E+00   1.5391E-69  1.0578E-68   3.5312E-02  1.2771E-01   
1.00E+06  0.017  0.724   0.0000E+00  0.0000E+00   0.0000E+00  0.0000E+00   9.9516E-38  6.8493E-37   3.5312E-02  1.2771E-01   
1.00E+06  0.034  0.718   1.6809E-171 1.7541E-172  0.0000E+00  0.0000E+00   1.7253E-21  1.1908E-20   3.5314E-02  1.2772E-01   
1.00E+06  0.060  0.700   4.9739E-100 9.1446E-101  0.0000E+00  0.0000E+00   3.0055E-14  2.0834E-13   3.5317E-02  1.2774E-01   
1.00E+06  0.086  0.672   2.5782E-71  6.8161E-72   0.0000E+00  0.0000E+00   3.5114E-11  2.4454E-10   3.5321E-02  1.2777E-01   
1.00E+06  0.129  0.604   7.0307E-49  2.8181E-49   0.0000E+00  0.0000E+00   1.3422E-08  9.4244E-08   3.5328E-02  1.2782E-01   
1.00E+06  0.172  0.512   1.3299E-37  7.1814E-38   0.0000E+00  0.0000E+00   3.6893E-07  2.6134E-06   3.5340E-02  1.2789E-01   
1.00E+06  0.259  0.299   3.2880E-26  2.7162E-26   0.0000E+00  0.0000E+00   1.5516E-05  1.1217E-04   3.5546E-02  1.2895E-01   
1.00E+06  0.431  0.091   1.2731E-16  1.8164E-16   0.0000E+00  0.0000E+00   3.2848E-04  2.5292E-03   3.9680E-02  1.5001E-01   
1.00E+06  0.862  0.020   6.4889E-09  1.9810E-08   0.0000E+00  0.0000E+00   6.7032E-03  6.6157E-02   8.1170E-02  3.7592E-01   
1.00E+06  2.585  0.002   6.2667E-03  6.2702E-02   0.0000E+00  0.0000E+00   6.0134E-01  1.1732E+01   2.6878E-01  1.5451E+00   
1.00E+07  0.001  1.223   0.0000E+00  0.0000E+00   0.0000E+00  0.0000E+00   0.0000E+00  0.0000E+00   3.4334E-02  1.2200E-01   
1.00E+07  0.009  1.222   0.0000E+00  0.0000E+00   0.0000E+00  0.0000E+00   1.3482E-94  9.2658E-94   3.4336E-02  1.2201E-01   
1.00E+07  0.017  1.222   0.0000E+00  0.0000E+00   0.0000E+00  0.0000E+00   2.8698E-50  1.9752E-49   3.4336E-02  1.2201E-01   
1.00E+07  0.034  1.219   3.4867E-165 3.6385E-166  0.0000E+00  0.0000E+00   8.3175E-28  5.7407E-27   3.4337E-02  1.2202E-01   
1.00E+07  0.060  1.212   2.4015E-96  4.4151E-97   0.0000E+00  0.0000E+00   6.2249E-18  4.3152E-17   3.4343E-02  1.2206E-01   
1.00E+07  0.086  1.200   1.1861E-68  3.1357E-69   0.0000E+00  0.0000E+00   7.6327E-14  5.3156E-13   3.4350E-02  1.2212E-01   
1.00E+07  0.129  1.173   5.7275E-47  2.2958E-47   0.0000E+00  0.0000E+00   1.6477E-10  1.1569E-09   3.4369E-02  1.2225E-01   
1.00E+07  0.172  1.133   4.8884E-36  2.6397E-36   0.0000E+00  0.0000E+00   1.0043E-08  7.1140E-08   3.4398E-02  1.2245E-01   
1.00E+07  0.259  1.021   5.3818E-25  4.4460E-25   0.0000E+00  0.0000E+00   9.5593E-07  6.9094E-06   3.4661E-02  1.2390E-01   
1.00E+07  0.431  0.698   5.2035E-16  7.4242E-16   0.0000E+00  0.0000E+00   8.2781E-05  6.3642E-04   3.9008E-02  1.4621E-01   
1.00E+07  0.862  0.196   7.9619E-09  2.4307E-08   0.0000E+00  0.0000E+00   5.5187E-03  5.4403E-02   8.0758E-02  3.7340E-01   
1.00E+07  2.585  0.021   6.3124E-03  6.3160E-02   0.0000E+00  0.0000E+00   5.9720E-01  1.1650E+01   2.6856E-01  1.5436E+00   
1.00E+08  0.001  2.447   0.0000E+00  0.0000E+00   0.0000E+00  0.0000E+00   0.0000E+00  0.0000E+00   2.7887E-02  8.8871E-02   
1.00E+08  0.009  2.447   0.0000E+00  0.0000E+00   0.0000E+00  0.0000E+00   2.6171E-156 1.7987E-155  2.7891E-02  8.8890E-02   
1.00E+08  0.017  2.446   3.4128E-294 1.7726E-295  0.0000E+00  0.0000E+00   3.9739E-81  2.7351E-80   2.7895E-02  8.8908E-02   
1.00E+08  0.034  2.445   9.7940E-150 1.0221E-150  0.0000E+00  0.0000E+00   2.9610E-43  2.0437E-42   2.7898E-02  8.8931E-02   
1.00E+08  0.060  2.442   1.7236E-87  3.1689E-88   0.0000E+00  0.0000E+00   8.6729E-27  6.0122E-26   2.7912E-02  8.9021E-02   
1.00E+08  0.086  2.437   2.0141E-62  5.3250E-63   0.0000E+00  0.0000E+00   4.4947E-20  3.1302E-19   2.7933E-02  8.9158E-02   
1.00E+08  0.129  2.424   9.1638E-43  3.6731E-43   0.0000E+00  0.0000E+00   1.0298E-14  7.2309E-14   2.7984E-02  8.9489E-02   
1.00E+08  0.172  2.406   7.8720E-33  4.2509E-33   0.0000E+00  0.0000E+00   6.2364E-12  4.4177E-11   2.8059E-02  8.9963E-02   
1.00E+08  0.259  2.355   9.3523E-23  7.7262E-23   0.0000E+00  0.0000E+00   5.5038E-09  3.9781E-08   2.8442E-02  9.2099E-02   
1.00E+08  0.431  2.192   1.6673E-14  2.3789E-14   0.0000E+00  0.0000E+00   2.6092E-06  2.0049E-05   3.2937E-02  1.1465E-01   
1.00E+08  0.862  1.493   3.5859E-08  1.0949E-07   0.0000E+00  0.0000E+00   1.2728E-03  1.2492E-02   7.5144E-02  3.3997E-01   
1.00E+08  2.585  0.209   6.7874E-03  6.7917E-02   0.0000E+00  0.0000E+00   5.5729E-01  1.0862E+01   2.6630E-01  1.5282E+00   
1.00E+09  0.001  5.181   0.0000E+00  0.0000E+00   0.0000E+00  0.0000E+00   0.0000E+00  0.0000E+00   5.8071E-03  9.9236E-03   
1.00E+09  0.009  5.180   0.0000E+00  0.0000E+00   0.0000E+00  0.0000E+00   4.3827E-294 3.0122E-293  5.8114E-03  9.9341E-03   
1.00E+09  0.017  5.180   2.5371E-225 1.3179E-226  0.0000E+00  0.0000E+00   5.1156E-150 3.5208E-149  5.8155E-03  9.9457E-03   
1.00E+09  0.034  5.180   2.6629E-115 2.7792E-116  0.0000E+00  0.0000E+00   1.0416E-77  7.1890E-77   5.8218E-03  9.9681E-03   
1.00E+09  0.060  5.178   8.2762E-68  1.5232E-68   0.0000E+00  0.0000E+00   1.7271E-46  1.1973E-45   5.8443E-03  1.0042E-02   
1.00E+09  0.086  5.176   1.2297E-48  3.2588E-49   0.0000E+00  0.0000E+00   7.0475E-34  4.9080E-33   5.8785E-03  1.0155E-02   
1.00E+09  0.129  5.170   1.4812E-33  5.9632E-34   0.0000E+00  0.0000E+00   6.1187E-24  4.2962E-23   5.9621E-03  1.0431E-02   
1.00E+09  0.172  5.161   6.6647E-26  3.6199E-26   0.0000E+00  0.0000E+00   7.0990E-19  5.0288E-18   6.0804E-03  1.0824E-02   
1.00E+09  0.259  5.138   4.2931E-18  3.5740E-18   0.0000E+00  0.0000E+00   1.1627E-13  8.4040E-13   6.5098E-03  1.2274E-02   
1.00E+09  0.431  5.062   1.2744E-11  1.8339E-11   0.0000E+00  0.0000E+00   3.3391E-09  2.5657E-08   9.7320E-03  2.3734E-02   
1.00E+09  0.862  4.708   1.4743E-06  4.5322E-06   0.0000E+00  0.0000E+00   3.0892E-05  3.0276E-04   4.0067E-02  1.5739E-01   
1.00E+09  2.585  1.972   1.3404E-02  1.3424E-01   0.0000E+00  0.0000E+00   2.8876E-01  5.5922E+00   2.3985E-01  1.3508E+00   
1.00E+10  0.001  11.119  0.0000E+00  0.0000E+00   0.0000E+00  0.0000E+00   0.0000E+00  0.0000E+00   0.0000E+00  0.0000E+00   
1.00E+10  0.009  11.118  3.6201E-146 9.3720E-148  0.0000E+00  0.0000E+00   0.0000E+00  0.0000E+00   4.9524E-195 1.7134E-195  
1.00E+10  0.017  11.118  1.0500E-76  5.4448E-78   0.0000E+00  0.0000E+00   1.2034E-299 8.2825E-299  5.0124E-100 1.7530E-100  
1.00E+10  0.034  11.118  1.6809E-41  1.7519E-42   0.0000E+00  0.0000E+00   1.5832E-152 1.0927E-151  1.6447E-52  5.9710E-53   
1.00E+10  0.060  11.117  4.7182E-26  9.0689E-27   0.0000E+00  0.0000E+00   3.0065E-89  2.0842E-88   4.1396E-32  1.6474E-32   
1.00E+10  0.086  11.116  1.1729E-19  3.4008E-20   0.0000E+00  0.0000E+00   8.1288E-64  5.6611E-63   6.7725E-24  3.1095E-24   
1.00E+10  0.129  11.113  1.8144E-14  8.2524E-15   0.0000E+00  0.0000E+00   6.5663E-44  4.6105E-43   2.7834E-17  1.9542E-17   
1.00E+10  0.172  11.109  9.9352E-12  6.2066E-12   0.0000E+00  0.0000E+00   7.2945E-34  5.1672E-33   1.0774E-13  1.0235E-13   
1.00E+10  0.259  11.098  8.5959E-09  8.2699E-09   0.0000E+00  0.0000E+00   1.1272E-23  8.1475E-23   7.4704E-10  9.2817E-10   
1.00E+10  0.431  11.063  3.7588E-06  6.2995E-06   0.0000E+00  0.0000E+00   2.9827E-15  2.2918E-14   1.4705E-06  2.5779E-06   
1.00E+10  0.862  10.898  9.7692E-04  3.5857E-03   0.0000E+00  0.0000E+00   2.3447E-08  2.2978E-07   8.1631E-04  2.3610E-03   
1.00E+10  2.585  9.163   2.0819E-01  2.1224E+00   0.0000E+00  0.0000E+00   1.8382E-02  3.5343E-01   7.3671E-02  3.6979E-01   
1.00E+11  0.001  23.934  3.2358E+00  1.7542E+01   0.0000E+00  0.0000E+00   0.0000E+00  0.0000E+00   0.0000E+00  0.0000E+00   
1.00E+11  0.009  23.934  3.2353E+00  1.7539E+01   0.0000E+00  0.0000E+00   0.0000E+00  0.0000E+00   0.0000E+00  0.0000E+00   
1.00E+11  0.017  23.933  3.2349E+00  1.7537E+01   0.0000E+00  0.0000E+00   0.0000E+00  0.0000E+00   0.0000E+00  0.0000E+00   
1.00E+11  0.034  23.934  3.2362E+00  1.7548E+01   0.0000E+00  0.0000E+00   7.8723E-315 5.4089E-314  0.0000E+00  0.0000E+00   
1.00E+11  0.060  23.933  3.2382E+00  1.7567E+01   0.0000E+00  0.0000E+00   1.6101E-181 1.1161E-180  0.0000E+00  0.0000E+00   
1.00E+11  0.086  23.933  3.2414E+00  1.7598E+01   0.0000E+00  0.0000E+00   2.0756E-128 1.4455E-127  0.0000E+00  0.0000E+00   
1.00E+11  0.129  23.931  3.2493E+00  1.7675E+01   0.0000E+00  0.0000E+00   5.6292E-87  3.9525E-86   0.0000E+00  0.0000E+00   
1.00E+11  0.172  23.930  3.2608E+00  1.7786E+01   0.0000E+00  0.0000E+00   3.6112E-66  2.5580E-65   0.0000E+00  0.0000E+00   
1.00E+11  0.259  23.924  3.3059E+00  1.8197E+01   0.0000E+00  0.0000E+00   3.2005E-45  2.3132E-44   0.0000E+00  0.0000E+00   
1.00E+11  0.431  23.908  3.6428E+00  2.1090E+01   0.0000E+00  0.0000E+00   3.3691E-28  2.5888E-27   0.0000E+00  0.0000E+00   
1.00E+11  0.862  23.832  6.3673E+00  4.6620E+01   0.0000E+00  0.0000E+00   7.1121E-15  6.9699E-14   0.0000E+00  0.0000E+00   
1.00E+11  2.585  23.015  2.0423E+01  2.6696E+02   0.0000E+00  0.0000E+00   8.6713E-05  1.6664E-03   0.0000E+00  0.0000E+00   
