1.00E+04  0.001  0.523   0.0000E+00  0.0000E+00   0.0000E+00  0.0000E+00   0.0000E+00  0.0000E+00   1.3707E-01  5.1357E-01   
1.00E+04  0.009  0.516   0.0000E+00  0.0000E+00   0.0000E+00  0.0000E+00   1.6750E-58  1.2610E-57   1.3708E-01  5.1359E-01   
1.00E+04  0.017  0.498   0.0000E+00  0.0000E+00   0.0000E+00  0.0000E+00   1.5493E-31  1.1686E-30   1.3708E-01  5.1360E-01   
1.00E+04  0.034  0.444   1.3986E-231 1.4548E-232  0.0000E+00  0.0000E+00   1.5214E-17  1.1518E-16   1.3708E-01  5.1361E-01   
1.00E+04  0.060  0.337   8.2103E-135 1.5011E-135  0.0000E+00  0.0000E+00   3.9217E-11  2.9864E-10   1.3708E-01  5.1362E-01   
1.00E+04  0.086  0.209   5.2297E-96  1.3720E-96   0.0000E+00  0.0000E+00   2.3885E-08  1.8302E-07   1.3708E-01  5.1362E-01   
1.00E+04  0.129  0.047   1.9011E-65  7.5363E-66   0.0000E+00  0.0000E+00   3.1033E-06  2.4043E-05   1.3708E-01  5.1360E-01   
1.00E+04  0.172  0.014   1.0551E-49  5.6179E-50   0.0000E+00  0.0000E+00   2.0374E-05  1.5976E-04   1.3706E-01  5.1349E-01   
1.00E+04  0.259  0.004   1.1304E-33  9.1557E-34   0.0000E+00  0.0000E+00   1.4509E-04  1.1685E-03   1.3710E-01  5.1367E-01   
1.00E+04  0.431  0.001   1.5345E-20  2.1256E-20   0.0000E+00  0.0000E+00   1.1391E-03  9.7788E-03   1.4048E-01  5.3400E-01   
1.00E+04  0.862  0.000   2.4138E-10  7.0462E-10   0.0000E+00  0.0000E+00   1.4936E-02  1.5936E-01   2.1107E-01  9.8406E-01   
1.00E+04  2.585  0.000   3.6535E-03  3.5879E-02   0.0000E+00  0.0000E+00   8.7209E-01  1.8403E+01   7.1990E-01  4.6265E+00   
1.00E+05  0.001  0.565   0.0000E+00  0.0000E+00   0.0000E+00  0.0000E+00   0.0000E+00  0.0000E+00   1.3702E-01  5.1319E-01   
1.00E+05  0.009  0.563   0.0000E+00  0.0000E+00   0.0000E+00  0.0000E+00   7.3611E-61  5.5419E-60   1.3702E-01  5.1320E-01   
1.00E+05  0.017  0.558   0.0000E+00  0.0000E+00   0.0000E+00  0.0000E+00   4.8227E-33  3.6376E-32   1.3702E-01  5.1321E-01   
1.00E+05  0.034  0.537   2.0721E-230 2.1554E-231  0.0000E+00  0.0000E+00   1.0269E-18  7.7741E-18   1.3703E-01  5.1325E-01   
1.00E+05  0.060  0.485   9.5646E-134 1.7487E-134  0.0000E+00  0.0000E+00   3.3664E-12  2.5635E-11   1.3703E-01  5.1329E-01   
1.00E+05  0.086  0.413   5.6207E-95  1.4746E-95   0.0000E+00  0.0000E+00   2.2225E-09  1.7029E-08   1.3704E-01  5.1332E-01   
1.00E+05  0.129  0.265   1.0292E-64  4.0801E-65   0.0000E+00  0.0000E+00   5.7471E-07  4.4525E-06   1.3704E-01  5.1335E-01   
1.00E+05  0.172  0.128   2.0499E-49  1.0915E-49   0.0000E+00  0.0000E+00   1.0542E-05  8.2658E-05   1.3703E-01  5.1331E-01   
1.00E+05  0.259  0.035   1.2786E-33  1.0356E-33   0.0000E+00  0.0000E+00   1.2867E-04  1.0362E-03   1.3708E-01  5.1356E-01   
1.00E+05  0.431  0.009   1.5642E-20  2.1668E-20   0.0000E+00  0.0000E+00   1.1185E-03  9.6010E-03   1.4046E-01  5.3392E-01   
1.00E+05  0.862  0.002   2.4188E-10  7.0607E-10   0.0000E+00  0.0000E+00   1.4907E-02  1.5905E-01   2.1106E-01  9.8400E-01   
1.00E+05  2.585  0.000   3.6538E-03  3.5881E-02   0.0000E+00  0.0000E+00   8.7203E-01  1.8402E+01   7.1989E-01  4.6265E+00   
1.00E+06  0.001  0.726   0.0000E+00  0.0000E+00   0.0000E+00  0.0000E+00   0.0000E+00  0.0000E+00   1.3659E-01  5.1041E-01   
1.00E+06  0.009  0.725   0.0000E+00  0.0000E+00   0.0000E+00  0.0000E+00   4.8936E-69  3.6842E-68   1.3659E-01  5.1043E-01   
1.00E+06  0.017  0.724   0.0000E+00  0.0000E+00   0.0000E+00  0.0000E+00   3.1607E-37  2.3840E-36   1.3659E-01  5.1043E-01   
1.00E+06  0.034  0.718   3.8914E-228 4.0478E-229  0.0000E+00  0.0000E+00   5.4678E-21  4.1395E-20   1.3660E-01  5.1046E-01   
1.00E+06  0.060  0.700   3.3923E-132 6.2023E-133  0.0000E+00  0.0000E+00   9.4915E-14  7.2278E-13   1.3661E-01  5.1054E-01   
1.00E+06  0.086  0.672   1.1308E-93  2.9665E-94   0.0000E+00  0.0000E+00   1.1047E-10  8.4647E-10   1.3662E-01  5.1063E-01   
1.00E+06  0.129  0.604   1.4113E-63  5.5949E-64   0.0000E+00  0.0000E+00   4.1934E-08  3.2488E-07   1.3664E-01  5.1081E-01   
1.00E+06  0.172  0.512   1.8991E-48  1.0111E-48   0.0000E+00  0.0000E+00   1.1437E-06  8.9666E-06   1.3667E-01  5.1098E-01   
1.00E+06  0.259  0.299   3.5415E-33  2.8685E-33   0.0000E+00  0.0000E+00   4.7189E-05  3.7978E-04   1.3682E-01  5.1193E-01   
1.00E+06  0.431  0.091   1.8927E-20  2.6219E-20   0.0000E+00  0.0000E+00   9.3183E-04  7.9945E-03   1.4031E-01  5.3299E-01   
1.00E+06  0.862  0.020   2.4691E-10  7.2076E-10   0.0000E+00  0.0000E+00   1.4621E-02  1.5597E-01   2.1097E-01  9.8340E-01   
1.00E+06  2.585  0.002   3.6565E-03  3.5907E-02   0.0000E+00  0.0000E+00   8.7143E-01  1.8389E+01   7.1985E-01  4.6261E+00   
1.00E+07  0.001  1.223   0.0000E+00  0.0000E+00   0.0000E+00  0.0000E+00   0.0000E+00  0.0000E+00   1.3321E-01  4.8948E-01   
1.00E+07  0.009  1.222   0.0000E+00  0.0000E+00   0.0000E+00  0.0000E+00   4.2865E-94  3.2271E-93   1.3322E-01  4.8952E-01   
1.00E+07  0.017  1.222   0.0000E+00  0.0000E+00   0.0000E+00  0.0000E+00   9.1148E-50  6.8749E-49   1.3322E-01  4.8953E-01   
1.00E+07  0.034  1.219   8.0720E-222 8.3964E-223  0.0000E+00  0.0000E+00   2.6359E-27  1.9956E-26   1.3323E-01  4.8957E-01   
1.00E+07  0.060  1.212   1.6379E-128 2.9945E-129  0.0000E+00  0.0000E+00   1.9659E-17  1.4970E-16   1.3324E-01  4.8970E-01   
1.00E+07  0.086  1.200   5.2021E-91  1.3647E-91   0.0000E+00  0.0000E+00   2.4014E-13  1.8400E-12   1.3327E-01  4.8991E-01   
1.00E+07  0.129  1.173   1.1498E-61  4.5579E-62   0.0000E+00  0.0000E+00   5.1477E-10  3.9881E-09   1.3333E-01  4.9038E-01   
1.00E+07  0.172  1.133   6.9807E-47  3.7168E-47   0.0000E+00  0.0000E+00   3.1133E-08  2.4408E-07   1.3340E-01  4.9100E-01   
1.00E+07  0.259  1.021   5.7968E-32  4.6952E-32   0.0000E+00  0.0000E+00   2.9079E-06  2.3396E-05   1.3374E-01  4.9338E-01   
1.00E+07  0.431  0.698   7.7359E-20  1.0716E-19   0.0000E+00  0.0000E+00   2.3515E-04  2.0133E-03   1.3805E-01  5.1979E-01   
1.00E+07  0.862  0.196   3.0296E-10  8.8438E-10   0.0000E+00  0.0000E+00   1.2044E-02  1.2831E-01   2.0990E-01  9.7686E-01   
1.00E+07  2.585  0.021   3.6831E-03  3.6169E-02   0.0000E+00  0.0000E+00   8.6544E-01  1.8261E+01   7.1935E-01  4.6222E+00   
1.00E+08  0.001  2.447   0.0000E+00  0.0000E+00   0.0000E+00  0.0000E+00   0.0000E+00  0.0000E+00   1.1015E-01  3.6482E-01   
1.00E+08  0.009  2.447   0.0000E+00  0.0000E+00   0.0000E+00  0.0000E+00   8.3210E-156 6.2645E-155  1.1016E-01  3.6489E-01   
1.00E+08  0.017  2.446   0.0000E+00  0.0000E+00   0.0000E+00  0.0000E+00   1.2621E-80  9.5199E-80   1.1017E-01  3.6496E-01   
1.00E+08  0.034  2.445   2.2674E-206 2.3585E-207  0.0000E+00  0.0000E+00   9.3840E-43  7.1044E-42   1.1018E-01  3.6504E-01   
1.00E+08  0.060  2.442   1.1756E-119 2.1493E-120  0.0000E+00  0.0000E+00   2.7390E-26  2.0857E-25   1.1023E-01  3.6537E-01   
1.00E+08  0.086  2.437   8.8339E-85  2.3175E-85   0.0000E+00  0.0000E+00   1.4141E-19  1.0835E-18   1.1030E-01  3.6587E-01   
1.00E+08  0.129  2.424   1.8395E-57  7.2924E-58   0.0000E+00  0.0000E+00   3.2174E-14  2.4927E-13   1.1048E-01  3.6707E-01   
1.00E+08  0.172  2.406   1.1241E-43  5.9853E-44   0.0000E+00  0.0000E+00   1.9334E-11  1.5157E-10   1.1072E-01  3.6874E-01   
1.00E+08  0.259  2.355   1.0074E-29  8.1593E-30   0.0000E+00  0.0000E+00   1.6743E-08  1.3470E-07   1.1152E-01  3.7406E-01   
1.00E+08  0.431  2.192   2.4789E-18  3.4339E-18   0.0000E+00  0.0000E+00   7.4152E-06  6.3443E-05   1.1732E-01  4.0869E-01   
1.00E+08  0.862  1.493   1.3649E-09  3.9844E-09   0.0000E+00  0.0000E+00   2.7839E-03  2.9507E-02   1.9540E-01  8.9011E-01   
1.00E+08  2.585  0.209   3.9606E-03  3.8895E-02   0.0000E+00  0.0000E+00   8.0780E-01  1.7030E+01   7.1427E-01  4.5821E+00   
1.00E+09  0.001  5.181   0.0000E+00  0.0000E+00   0.0000E+00  0.0000E+00   0.0000E+00  0.0000E+00   2.6252E-02  4.8885E-02   
1.00E+09  0.009  5.180   0.0000E+00  0.0000E+00   0.0000E+00  0.0000E+00   1.3935E-293 1.0491E-292  2.6269E-02  4.8931E-02   
1.00E+09  0.017  5.180   0.0000E+00  0.0000E+00   0.0000E+00  0.0000E+00   1.6247E-149 1.2255E-148  2.6285E-02  4.8979E-02   
1.00E+09  0.034  5.180   6.4459E-172 6.7049E-173  0.0000E+00  0.0000E+00   3.3009E-77  2.4990E-76   2.6307E-02  4.9067E-02   
1.00E+09  0.060  5.178   5.9032E-100 1.0793E-100  0.0000E+00  0.0000E+00   5.4544E-46  4.1535E-45   2.6389E-02  4.9364E-02   
1.00E+09  0.086  5.176   5.6340E-71  1.4780E-71   0.0000E+00  0.0000E+00   2.2173E-33  1.6989E-32   2.6515E-02  4.9817E-02   
1.00E+09  0.129  5.170   3.0961E-48  1.2274E-48   0.0000E+00  0.0000E+00   1.9116E-23  1.4810E-22   2.6820E-02  5.0927E-02   
1.00E+09  0.172  5.161   9.8755E-37  5.2580E-37   0.0000E+00  0.0000E+00   2.2008E-18  1.7254E-17   2.7247E-02  5.2479E-02   
1.00E+09  0.259  5.138   4.7683E-25  3.8622E-25   0.0000E+00  0.0000E+00   3.5371E-13  2.8457E-12   2.8549E-02  5.7247E-02   
1.00E+09  0.431  5.062   1.9374E-15  2.6840E-15   0.0000E+00  0.0000E+00   9.4896E-09  8.1188E-08   3.5006E-02  8.1929E-02   
1.00E+09  0.862  4.708   5.6862E-08  1.6606E-07   0.0000E+00  0.0000E+00   6.7612E-05  7.1547E-04   1.0426E-01  4.1699E-01   
1.00E+09  2.585  1.972   7.8279E-03  7.6910E-02   0.0000E+00  0.0000E+00   4.1928E-01  8.7845E+00   6.5388E-01  4.1149E+00   
1.00E+10  0.001  11.119  0.0000E+00  0.0000E+00   0.0000E+00  0.0000E+00   0.0000E+00  0.0000E+00   0.0000E+00  0.0000E+00   
1.00E+10  0.009  11.118  0.0000E+00  0.0000E+00   0.0000E+00  0.0000E+00   0.0000E+00  0.0000E+00   1.3872E-182 2.4375E-183  
1.00E+10  0.017  11.118  1.3923E-189 7.2188E-191  0.0000E+00  0.0000E+00   3.8221E-299 2.8828E-298  4.0679E-94  7.4359E-95   
1.00E+10  0.034  11.118  2.6874E-97  2.7933E-98   0.0000E+00  0.0000E+00   5.0174E-152 3.7986E-151  8.1612E-50  1.7433E-50   
1.00E+10  0.060  11.117  2.1381E-57  3.9080E-58   0.0000E+00  0.0000E+00   9.4948E-89  7.2303E-88   1.7767E-30  5.7340E-31   
1.00E+10  0.086  11.116  3.0367E-41  7.9683E-42   0.0000E+00  0.0000E+00   2.5574E-63  1.9596E-62   1.8299E-22  7.4567E-23   
1.00E+10  0.129  11.113  1.7501E-28  6.9537E-29   0.0000E+00  0.0000E+00   2.0515E-43  1.5893E-42   4.6010E-16  2.4318E-16   
1.00E+10  0.172  11.109  5.7546E-22  3.0879E-22   0.0000E+00  0.0000E+00   2.2614E-33  1.7729E-32   9.5407E-13  6.4844E-13   
1.00E+10  0.259  11.098  2.9700E-15  2.4643E-15   0.0000E+00  0.0000E+00   3.4291E-23  2.7588E-22   3.3200E-09  3.4556E-09   
1.00E+10  0.431  11.063  1.4281E-09  2.0913E-09   0.0000E+00  0.0000E+00   8.4766E-15  7.2522E-14   5.0956E-06  8.6448E-06   
1.00E+10  0.862  10.898  6.1912E-05  1.9209E-04   0.0000E+00  0.0000E+00   5.1317E-08  5.4301E-07   3.1279E-03  9.5921E-03   
1.00E+10  2.585  9.163   1.2354E-01  1.2273E+00   0.0000E+00  0.0000E+00   2.6742E-02  5.5636E-01   2.4275E-01  1.3223E+00   
1.00E+11  0.001  23.934  1.4546E+00  6.1933E+00   0.0000E+00  0.0000E+00   0.0000E+00  0.0000E+00   0.0000E+00  0.0000E+00   
1.00E+11  0.009  23.934  1.4545E+00  6.1927E+00   0.0000E+00  0.0000E+00   0.0000E+00  0.0000E+00   0.0000E+00  0.0000E+00   
1.00E+11  0.017  23.933  1.4543E+00  6.1918E+00   0.0000E+00  0.0000E+00   0.0000E+00  0.0000E+00   0.0000E+00  0.0000E+00   
1.00E+11  0.034  23.934  1.4551E+00  6.1972E+00   0.0000E+00  0.0000E+00   2.5036E-314 1.8841E-313  0.0000E+00  0.0000E+00   
1.00E+11  0.060  23.933  1.4563E+00  6.2078E+00   0.0000E+00  0.0000E+00   5.0847E-181 3.8720E-180  0.0000E+00  0.0000E+00   
1.00E+11  0.086  23.933  1.4583E+00  6.2244E+00   0.0000E+00  0.0000E+00   6.5302E-128 5.0036E-127  0.0000E+00  0.0000E+00   
1.00E+11  0.129  23.931  1.4632E+00  6.2651E+00   0.0000E+00  0.0000E+00   1.7587E-86  1.3625E-85   0.0000E+00  0.0000E+00   
1.00E+11  0.172  23.930  1.4702E+00  6.3227E+00   0.0000E+00  0.0000E+00   1.1195E-65  8.7766E-65   0.0000E+00  0.0000E+00   
1.00E+11  0.259  23.924  1.4938E+00  6.5123E+00   0.0000E+00  0.0000E+00   9.7359E-45  7.8329E-44   0.0000E+00  0.0000E+00   
1.00E+11  0.431  23.908  1.6630E+00  7.7559E+00   0.0000E+00  0.0000E+00   9.5749E-28  8.1918E-27   0.0000E+00  0.0000E+00   
1.00E+11  0.862  23.832  3.3731E+00  2.1298E+01   0.0000E+00  0.0000E+00   1.5566E-14  1.6471E-13   0.0000E+00  0.0000E+00   
1.00E+11  2.585  23.015  1.3500E+01  1.6967E+02   0.0000E+00  0.0000E+00   1.2617E-04  2.6236E-03   0.0000E+00  0.0000E+00   
