1.00E+04  0.001  0.523   4.3500E-05  2.4666E-04   7.9081E-02  3.2904E-01   0.0000E+00  0.0000E+00   0.0000E+00  0.0000E+00   
1.00E+04  0.009  0.516   3.2724E-05  1.8570E-04   7.9081E-02  3.2904E-01   0.0000E+00  0.0000E+00   0.0000E+00  0.0000E+00   
1.00E+04  0.017  0.498   2.6558E-05  1.5092E-04   7.9081E-02  3.2904E-01   0.0000E+00  0.0000E+00   0.0000E+00  0.0000E+00   
1.00E+04  0.034  0.444   2.1383E-05  1.2192E-04   7.9081E-02  3.2904E-01   0.0000E+00  0.0000E+00   0.0000E+00  0.0000E+00   
1.00E+04  0.060  0.337   1.8249E-05  1.0466E-04   7.9081E-02  3.2904E-01   0.0000E+00  0.0000E+00   0.0000E+00  0.0000E+00   
1.00E+04  0.086  0.209   1.6995E-05  9.8138E-05   7.9081E-02  3.2904E-01   0.0000E+00  0.0000E+00   0.0000E+00  0.0000E+00   
1.00E+04  0.129  0.047   3.0790E-05  1.8012E-04   7.9053E-02  3.2891E-01   0.0000E+00  0.0000E+00   0.0000E+00  0.0000E+00   
1.00E+04  0.172  0.014   1.0520E-04  6.2448E-04   7.8891E-02  3.2815E-01   0.0000E+00  0.0000E+00   0.0000E+00  0.0000E+00   
1.00E+04  0.259  0.004   5.9797E-04  3.6672E-03   7.7785E-02  3.2303E-01   0.0000E+00  0.0000E+00   0.0000E+00  0.0000E+00   
1.00E+04  0.431  0.001   4.2865E-03  2.8366E-02   7.3809E-02  3.0670E-01   0.0000E+00  0.0000E+00   0.0000E+00  0.0000E+00   
1.00E+04  0.862  0.000   5.0506E-02  4.3042E-01   9.8079E-02  5.1578E-01   0.0000E+00  0.0000E+00   0.0000E+00  0.0000E+00   
1.00E+04  2.585  0.000   1.9879E+00  3.7903E+01   3.8340E-01  2.7456E+00   0.0000E+00  0.0000E+00   0.0000E+00  0.0000E+00   
1.00E+05  0.001  0.565   2.2949E-04  1.3054E-03   7.9081E-02  3.2904E-01   0.0000E+00  0.0000E+00   0.0000E+00  0.0000E+00   
1.00E+05  0.009  0.563   2.2327E-04  1.2704E-03   7.9081E-02  3.2904E-01   0.0000E+00  0.0000E+00   0.0000E+00  0.0000E+00   
1.00E+05  0.017  0.558   2.1471E-04  1.2228E-03   7.9081E-02  3.2904E-01   0.0000E+00  0.0000E+00   0.0000E+00  0.0000E+00   
1.00E+05  0.034  0.537   1.9580E-04  1.1182E-03   7.9081E-02  3.2904E-01   0.0000E+00  0.0000E+00   0.0000E+00  0.0000E+00   
1.00E+05  0.060  0.485   1.7677E-04  1.0152E-03   7.9081E-02  3.2904E-01   0.0000E+00  0.0000E+00   0.0000E+00  0.0000E+00   
1.00E+05  0.086  0.413   1.6624E-04  9.6092E-04   7.9081E-02  3.2904E-01   0.0000E+00  0.0000E+00   0.0000E+00  0.0000E+00   
1.00E+05  0.129  0.265   1.6056E-04  9.3990E-04   7.9055E-02  3.2892E-01   0.0000E+00  0.0000E+00   0.0000E+00  0.0000E+00   
1.00E+05  0.172  0.128   2.0138E-04  1.1959E-03   7.8899E-02  3.2819E-01   0.0000E+00  0.0000E+00   0.0000E+00  0.0000E+00   
1.00E+05  0.259  0.035   6.7353E-04  4.1314E-03   7.7795E-02  3.2308E-01   0.0000E+00  0.0000E+00   0.0000E+00  0.0000E+00   
1.00E+05  0.431  0.009   4.3653E-03  2.8890E-02   7.3818E-02  3.0675E-01   0.0000E+00  0.0000E+00   0.0000E+00  0.0000E+00   
1.00E+05  0.862  0.002   5.0604E-02  4.3126E-01   9.8084E-02  5.1580E-01   0.0000E+00  0.0000E+00   0.0000E+00  0.0000E+00   
1.00E+05  2.585  0.000   1.9880E+00  3.7905E+01   3.8340E-01  2.7457E+00   0.0000E+00  0.0000E+00   0.0000E+00  0.0000E+00   
1.00E+06  0.001  0.726   1.5862E-03  9.1487E-03   7.9081E-02  3.2904E-01   0.0000E+00  0.0000E+00   0.0000E+00  0.0000E+00   
1.00E+06  0.009  0.725   1.5748E-03  9.0833E-03   7.9081E-02  3.2904E-01   0.0000E+00  0.0000E+00   0.0000E+00  0.0000E+00   
1.00E+06  0.017  0.724   1.5783E-03  9.1068E-03   7.9081E-02  3.2904E-01   0.0000E+00  0.0000E+00   0.0000E+00  0.0000E+00   
1.00E+06  0.034  0.718   1.5736E-03  9.0930E-03   7.9081E-02  3.2904E-01   0.0000E+00  0.0000E+00   0.0000E+00  0.0000E+00   
1.00E+06  0.060  0.700   1.5617E-03  9.0578E-03   7.9081E-02  3.2904E-01   0.0000E+00  0.0000E+00   0.0000E+00  0.0000E+00   
1.00E+06  0.086  0.672   1.5480E-03  9.0248E-03   7.9081E-02  3.2904E-01   0.0000E+00  0.0000E+00   0.0000E+00  0.0000E+00   
1.00E+06  0.129  0.604   1.5337E-03  9.0385E-03   7.9056E-02  3.2892E-01   0.0000E+00  0.0000E+00   0.0000E+00  0.0000E+00   
1.00E+06  0.172  0.512   1.5385E-03  9.1842E-03   7.8906E-02  3.2822E-01   0.0000E+00  0.0000E+00   0.0000E+00  0.0000E+00   
1.00E+06  0.259  0.299   1.7593E-03  1.0821E-02   7.7850E-02  3.2332E-01   0.0000E+00  0.0000E+00   0.0000E+00  0.0000E+00   
1.00E+06  0.431  0.091   5.2273E-03  3.4627E-02   7.3902E-02  3.0712E-01   0.0000E+00  0.0000E+00   0.0000E+00  0.0000E+00   
1.00E+06  0.862  0.020   5.1597E-02  4.3981E-01   9.8134E-02  5.1605E-01   0.0000E+00  0.0000E+00   0.0000E+00  0.0000E+00   
1.00E+06  2.585  0.002   1.9894E+00  3.7932E+01   3.8342E-01  2.7458E+00   0.0000E+00  0.0000E+00   0.0000E+00  0.0000E+00   
1.00E+07  0.001  1.223   1.4979E-02  9.0642E-02   7.9081E-02  3.2904E-01   0.0000E+00  0.0000E+00   0.0000E+00  0.0000E+00   
1.00E+07  0.009  1.222   1.4947E-02  9.0446E-02   7.9081E-02  3.2904E-01   0.0000E+00  0.0000E+00   0.0000E+00  0.0000E+00   
1.00E+07  0.017  1.222   1.4951E-02  9.0481E-02   7.9081E-02  3.2904E-01   0.0000E+00  0.0000E+00   0.0000E+00  0.0000E+00   
1.00E+07  0.034  1.219   1.4978E-02  9.0706E-02   7.9081E-02  3.2904E-01   0.0000E+00  0.0000E+00   0.0000E+00  0.0000E+00   
1.00E+07  0.060  1.212   1.5027E-02  9.1173E-02   7.9081E-02  3.2904E-01   0.0000E+00  0.0000E+00   0.0000E+00  0.0000E+00   
1.00E+07  0.086  1.200   1.5104E-02  9.1896E-02   7.9081E-02  3.2904E-01   0.0000E+00  0.0000E+00   0.0000E+00  0.0000E+00   
1.00E+07  0.129  1.173   1.5284E-02  9.3605E-02   7.9056E-02  3.2892E-01   0.0000E+00  0.0000E+00   0.0000E+00  0.0000E+00   
1.00E+07  0.172  1.133   1.5518E-02  9.5861E-02   7.8907E-02  3.2822E-01   0.0000E+00  0.0000E+00   0.0000E+00  0.0000E+00   
1.00E+07  0.259  1.021   1.6116E-02  1.0175E-01   7.7879E-02  3.2346E-01   0.0000E+00  0.0000E+00   0.0000E+00  0.0000E+00   
1.00E+07  0.431  0.698   1.8502E-02  1.2411E-01   7.4223E-02  3.0853E-01   0.0000E+00  0.0000E+00   0.0000E+00  0.0000E+00   
1.00E+07  0.862  0.196   6.2526E-02  5.3408E-01   9.8582E-02  5.1830E-01   0.0000E+00  0.0000E+00   0.0000E+00  0.0000E+00   
1.00E+07  2.585  0.021   2.0032E+00  3.8199E+01   3.8365E-01  2.7478E+00   0.0000E+00  0.0000E+00   0.0000E+00  0.0000E+00   
1.00E+08  0.001  2.447   1.8987E-01  1.3011E+00   7.9081E-02  3.2904E-01   0.0000E+00  0.0000E+00   0.0000E+00  0.0000E+00   
1.00E+08  0.009  2.447   1.8973E-01  1.3000E+00   7.9081E-02  3.2904E-01   0.0000E+00  0.0000E+00   0.0000E+00  0.0000E+00   
1.00E+08  0.017  2.446   1.8967E-01  1.2998E+00   7.9081E-02  3.2904E-01   0.0000E+00  0.0000E+00   0.0000E+00  0.0000E+00   
1.00E+08  0.034  2.445   1.8987E-01  1.3015E+00   7.9081E-02  3.2904E-01   0.0000E+00  0.0000E+00   0.0000E+00  0.0000E+00   
1.00E+08  0.060  2.442   1.9018E-01  1.3048E+00   7.9081E-02  3.2904E-01   0.0000E+00  0.0000E+00   0.0000E+00  0.0000E+00   
1.00E+08  0.086  2.437   1.9066E-01  1.3100E+00   7.9081E-02  3.2904E-01   0.0000E+00  0.0000E+00   0.0000E+00  0.0000E+00   
1.00E+08  0.129  2.424   1.9184E-01  1.3225E+00   7.9056E-02  3.2892E-01   0.0000E+00  0.0000E+00   0.0000E+00  0.0000E+00   
1.00E+08  0.172  2.406   1.9341E-01  1.3393E+00   7.8907E-02  3.2822E-01   0.0000E+00  0.0000E+00   0.0000E+00  0.0000E+00   
1.00E+08  0.259  2.355   1.9736E-01  1.3829E+00   7.7881E-02  3.2347E-01   0.0000E+00  0.0000E+00   0.0000E+00  0.0000E+00   
1.00E+08  0.431  2.192   2.0705E-01  1.5054E+00   7.4330E-02  3.0900E-01   0.0000E+00  0.0000E+00   0.0000E+00  0.0000E+00   
1.00E+08  0.862  1.493   2.3840E-01  2.0913E+00   1.0029E-01  5.2688E-01   0.0000E+00  0.0000E+00   0.0000E+00  0.0000E+00   
1.00E+08  2.585  0.209   2.1463E+00  4.0966E+01   3.8588E-01  2.7669E+00   0.0000E+00  0.0000E+00   0.0000E+00  0.0000E+00   
1.00E+09  0.001  5.181   3.2612E+00  2.8858E+01   7.9081E-02  3.2904E-01   0.0000E+00  0.0000E+00   0.0000E+00  0.0000E+00   
1.00E+09  0.009  5.180   3.2598E+00  2.8845E+01   7.9081E-02  3.2904E-01   0.0000E+00  0.0000E+00   0.0000E+00  0.0000E+00   
1.00E+09  0.017  5.180   3.2592E+00  2.8839E+01   7.9081E-02  3.2904E-01   0.0000E+00  0.0000E+00   0.0000E+00  0.0000E+00   
1.00E+09  0.034  5.180   3.2607E+00  2.8857E+01   7.9081E-02  3.2904E-01   0.0000E+00  0.0000E+00   0.0000E+00  0.0000E+00   
1.00E+09  0.060  5.178   3.2626E+00  2.8886E+01   7.9081E-02  3.2904E-01   0.0000E+00  0.0000E+00   0.0000E+00  0.0000E+00   
1.00E+09  0.086  5.176   3.2658E+00  2.8932E+01   7.9081E-02  3.2904E-01   0.0000E+00  0.0000E+00   0.0000E+00  0.0000E+00   
1.00E+09  0.129  5.170   3.2734E+00  2.9043E+01   7.9056E-02  3.2892E-01   0.0000E+00  0.0000E+00   0.0000E+00  0.0000E+00   
1.00E+09  0.172  5.161   3.2829E+00  2.9185E+01   7.8907E-02  3.2822E-01   0.0000E+00  0.0000E+00   0.0000E+00  0.0000E+00   
1.00E+09  0.259  5.138   3.3025E+00  2.9517E+01   7.7881E-02  3.2347E-01   0.0000E+00  0.0000E+00   0.0000E+00  0.0000E+00   
1.00E+09  0.431  5.062   3.3254E+00  3.0252E+01   7.4334E-02  3.0902E-01   0.0000E+00  0.0000E+00   0.0000E+00  0.0000E+00   
1.00E+09  0.862  4.708   3.1827E+00  3.2309E+01   1.0082E-01  5.2955E-01   0.0000E+00  0.0000E+00   0.0000E+00  0.0000E+00   
1.00E+09  2.585  1.972   4.0564E+00  7.8294E+01   4.0189E-01  2.9048E+00   0.0000E+00  0.0000E+00   0.0000E+00  0.0000E+00   
1.00E+10  0.001  11.119  7.6967E+01  1.0411E+03   7.9081E-02  3.2904E-01   0.0000E+00  0.0000E+00   0.0000E+00  0.0000E+00   
1.00E+10  0.009  11.118  7.6940E+01  1.0407E+03   7.9081E-02  3.2904E-01   0.0000E+00  0.0000E+00   0.0000E+00  0.0000E+00   
1.00E+10  0.017  11.118  7.6930E+01  1.0406E+03   7.9081E-02  3.2904E-01   0.0000E+00  0.0000E+00   0.0000E+00  0.0000E+00   
1.00E+10  0.034  11.118  7.6945E+01  1.0409E+03   7.9081E-02  3.2904E-01   0.0000E+00  0.0000E+00   0.0000E+00  0.0000E+00   
1.00E+10  0.060  11.117  7.6959E+01  1.0412E+03   7.9081E-02  3.2904E-01   0.0000E+00  0.0000E+00   0.0000E+00  0.0000E+00   
1.00E+10  0.086  11.116  7.6983E+01  1.0418E+03   7.9081E-02  3.2904E-01   0.0000E+00  0.0000E+00   0.0000E+00  0.0000E+00   
1.00E+10  0.129  11.113  7.7037E+01  1.0430E+03   7.9056E-02  3.2892E-01   0.0000E+00  0.0000E+00   0.0000E+00  0.0000E+00   
1.00E+10  0.172  11.109  7.7088E+01  1.0445E+03   7.8907E-02  3.2822E-01   0.0000E+00  0.0000E+00   0.0000E+00  0.0000E+00   
1.00E+10  0.259  11.098  7.7061E+01  1.0462E+03   7.7881E-02  3.2347E-01   0.0000E+00  0.0000E+00   0.0000E+00  0.0000E+00   
1.00E+10  0.431  11.063  7.6028E+01  1.0394E+03   7.4334E-02  3.0902E-01   0.0000E+00  0.0000E+00   0.0000E+00  0.0000E+00   
1.00E+10  0.862  10.898  6.6143E+01  9.4910E+02   1.0084E-01  5.2962E-01   0.0000E+00  0.0000E+00   0.0000E+00  0.0000E+00   
1.00E+10  2.585  9.163   4.0255E+01  8.6046E+02   4.2024E-01  3.0647E+00   0.0000E+00  0.0000E+00   0.0000E+00  0.0000E+00   
1.00E+11  0.001  23.934  2.3875E+03  5.7328E+04   7.9081E-02  3.2904E-01   0.0000E+00  0.0000E+00   0.0000E+00  0.0000E+00   
1.00E+11  0.009  23.934  2.3871E+03  5.7317E+04   7.9081E-02  3.2904E-01   0.0000E+00  0.0000E+00   0.0000E+00  0.0000E+00   
1.00E+11  0.017  23.933  2.3870E+03  5.7315E+04   7.9081E-02  3.2904E-01   0.0000E+00  0.0000E+00   0.0000E+00  0.0000E+00   
1.00E+11  0.034  23.934  2.3872E+03  5.7321E+04   7.9081E-02  3.2904E-01   0.0000E+00  0.0000E+00   0.0000E+00  0.0000E+00   
1.00E+11  0.060  23.933  2.3873E+03  5.7326E+04   7.9081E-02  3.2904E-01   0.0000E+00  0.0000E+00   0.0000E+00  0.0000E+00   
1.00E+11  0.086  23.933  2.3875E+03  5.7335E+04   7.9081E-02  3.2904E-01   0.0000E+00  0.0000E+00   0.0000E+00  0.0000E+00   
1.00E+11  0.129  23.931  2.3879E+03  5.7352E+04   7.9056E-02  3.2892E-01   0.0000E+00  0.0000E+00   0.0000E+00  0.0000E+00   
1.00E+11  0.172  23.930  2.3876E+03  5.7358E+04   7.8907E-02  3.2822E-01   0.0000E+00  0.0000E+00   0.0000E+00  0.0000E+00   
1.00E+11  0.259  23.924  2.3815E+03  5.7245E+04   7.7881E-02  3.2347E-01   0.0000E+00  0.0000E+00   0.0000E+00  0.0000E+00   
1.00E+11  0.431  23.908  2.3313E+03  5.6172E+04   7.4334E-02  3.0902E-01   0.0000E+00  0.0000E+00   0.0000E+00  0.0000E+00   
1.00E+11  0.862  23.832  1.9408E+03  4.7603E+04   1.0084E-01  5.2962E-01   0.0000E+00  0.0000E+00   0.0000E+00  0.0000E+00   
1.00E+11  2.585  23.015  8.4160E+02  2.4781E+04   4.2158E-01  3.0765E+00   0.0000E+00  0.0000E+00   0.0000E+00  0.0000E+00   
