1.00E+04  0.001  0.523   2.7646E-05  1.7073E-04   7.6676E-02  3.7665E-01   0.0000E+00  0.0000E+00   0.0000E+00  0.0000E+00   
1.00E+04  0.009  0.516   2.0283E-05  1.2235E-04   6.8147E-02  3.2860E-01   0.0000E+00  0.0000E+00   0.0000E+00  0.0000E+00   
1.00E+04  0.017  0.498   1.6153E-05  9.5706E-05   6.1818E-02  2.9294E-01   3.3550E-291 1.7452E-292  0.0000E+00  0.0000E+00   
1.00E+04  0.034  0.444   1.2845E-05  7.5345E-05   5.7705E-02  2.6977E-01   2.6823E-148 2.8077E-149  0.0000E+00  0.0000E+00   
1.00E+04  0.060  0.337   1.0900E-05  6.3877E-05   5.5780E-02  2.5892E-01   1.6408E-86  3.0325E-87   0.0000E+00  0.0000E+00   
1.00E+04  0.086  0.209   1.0130E-05  5.9573E-05   5.4987E-02  2.5446E-01   1.6286E-61  4.3377E-62   0.0000E+00  0.0000E+00   
1.00E+04  0.129  0.047   1.8331E-05  1.0886E-04   5.4367E-02  2.5097E-01   4.5472E-42  1.8423E-42   0.0000E+00  0.0000E+00   
1.00E+04  0.172  0.014   6.2663E-05  3.7689E-04   5.4106E-02  2.4961E-01   1.4998E-32  8.2111E-33   0.0000E+00  0.0000E+00   
1.00E+04  0.259  0.004   3.5852E-04  2.2261E-03   5.4501E-02  2.5327E-01   5.9067E-23  4.9738E-23   0.0000E+00  0.0000E+00   
1.00E+04  0.431  0.001   2.6615E-03  1.7948E-02   6.0175E-02  2.9771E-01   5.2480E-15  7.6944E-15   0.0000E+00  0.0000E+00   
1.00E+04  0.862  0.000   3.6855E-02  3.1599E-01   9.1529E-02  5.4619E-01   1.5188E-08  4.8094E-08   0.0000E+00  0.0000E+00   
1.00E+04  2.585  0.000   2.2583E+00  3.8804E+01   1.6689E-01  1.1622E+00   5.1402E-03  5.2159E-02   0.0000E+00  0.0000E+00   
1.00E+05  0.001  0.565   1.4581E-04  9.0264E-04   7.6676E-02  3.7665E-01   0.0000E+00  0.0000E+00   0.0000E+00  0.0000E+00   
1.00E+05  0.009  0.563   1.3837E-04  8.3649E-04   6.8147E-02  3.2860E-01   0.0000E+00  0.0000E+00   0.0000E+00  0.0000E+00   
1.00E+05  0.017  0.558   1.3058E-04  7.7517E-04   6.1818E-02  2.9294E-01   1.0443E-292 5.4324E-294  0.0000E+00  0.0000E+00   
1.00E+05  0.034  0.537   1.1762E-04  6.9095E-04   5.7705E-02  2.6977E-01   1.8105E-149 1.8951E-150  0.0000E+00  0.0000E+00   
1.00E+05  0.060  0.485   1.0559E-04  6.1950E-04   5.5780E-02  2.5892E-01   1.4085E-87  2.6031E-88   0.0000E+00  0.0000E+00   
1.00E+05  0.086  0.413   9.9090E-05  5.8328E-04   5.4987E-02  2.5446E-01   1.5153E-62  4.0359E-63   0.0000E+00  0.0000E+00   
1.00E+05  0.129  0.265   9.5591E-05  5.6804E-04   5.4369E-02  2.5098E-01   8.3989E-43  3.4028E-43   0.0000E+00  0.0000E+00   
1.00E+05  0.172  0.128   1.1995E-04  7.2172E-04   5.4111E-02  2.4964E-01   7.7198E-33  4.2264E-33   0.0000E+00  0.0000E+00   
1.00E+05  0.259  0.035   4.0383E-04  2.5079E-03   5.4508E-02  2.5331E-01   5.2220E-23  4.3972E-23   0.0000E+00  0.0000E+00   
1.00E+05  0.431  0.009   2.7104E-03  1.8279E-02   6.0181E-02  2.9774E-01   5.1483E-15  7.5482E-15   0.0000E+00  0.0000E+00   
1.00E+05  0.862  0.002   3.6927E-02  3.1661E-01   9.1533E-02  5.4621E-01   1.5157E-08  4.7995E-08   0.0000E+00  0.0000E+00   
1.00E+05  2.585  0.000   2.2584E+00  3.8807E+01   1.6689E-01  1.1622E+00   5.1399E-03  5.2155E-02   0.0000E+00  0.0000E+00   
1.00E+06  0.001  0.726   1.0067E-03  6.3000E-03   7.6676E-02  3.7665E-01   0.0000E+00  0.0000E+00   0.0000E+00  0.0000E+00   
1.00E+06  0.009  0.725   9.7555E-04  5.9636E-03   6.8147E-02  3.2860E-01   0.0000E+00  0.0000E+00   0.0000E+00  0.0000E+00   
1.00E+06  0.017  0.724   9.5987E-04  5.7620E-03   6.1818E-02  2.9294E-01   6.8443E-297 3.5603E-298  0.0000E+00  0.0000E+00   
1.00E+06  0.034  0.718   9.4552E-04  5.6119E-03   5.7705E-02  2.6977E-01   9.6402E-152 1.0091E-152  0.0000E+00  0.0000E+00   
1.00E+06  0.060  0.700   9.3314E-04  5.5234E-03   5.5780E-02  2.5892E-01   3.9711E-89  7.3395E-90   0.0000E+00  0.0000E+00   
1.00E+06  0.086  0.672   9.2301E-04  5.4750E-03   5.4987E-02  2.5446E-01   7.5322E-64  2.0061E-64   0.0000E+00  0.0000E+00   
1.00E+06  0.129  0.604   9.1334E-04  5.4607E-03   5.4369E-02  2.5098E-01   6.1249E-44  2.4815E-44   0.0000E+00  0.0000E+00   
1.00E+06  0.172  0.512   9.1663E-04  5.5415E-03   5.4115E-02  2.4966E-01   8.3329E-34  4.5621E-34   0.0000E+00  0.0000E+00   
1.00E+06  0.259  0.299   1.0550E-03  6.5679E-03   5.4541E-02  2.5346E-01   1.8853E-23  1.5875E-23   0.0000E+00  0.0000E+00   
1.00E+06  0.431  0.091   3.2457E-03  2.1907E-02   6.0234E-02  2.9799E-01   4.2547E-15  6.2381E-15   0.0000E+00  0.0000E+00   
1.00E+06  0.862  0.020   3.7652E-02  3.2289E-01   9.1570E-02  5.4641E-01   1.4848E-08  4.7017E-08   0.0000E+00  0.0000E+00   
1.00E+06  2.585  0.002   2.2600E+00  3.8835E+01   1.6690E-01  1.1623E+00   5.1361E-03  5.2117E-02   0.0000E+00  0.0000E+00   
1.00E+07  0.001  1.223   9.4799E-03  6.1621E-02   7.6676E-02  3.7665E-01   0.0000E+00  0.0000E+00   0.0000E+00  0.0000E+00   
1.00E+07  0.009  1.222   9.2501E-03  5.8841E-02   6.8147E-02  3.2860E-01   0.0000E+00  0.0000E+00   0.0000E+00  0.0000E+00   
1.00E+07  0.017  1.222   9.0967E-03  5.6898E-02   6.1818E-02  2.9294E-01   1.9738E-309 1.0267E-310  0.0000E+00  0.0000E+00   
1.00E+07  0.034  1.219   9.0122E-03  5.5758E-02   5.7705E-02  2.6977E-01   4.6474E-158 4.8646E-159  0.0000E+00  0.0000E+00   
1.00E+07  0.060  1.212   8.9954E-03  5.5439E-02   5.5780E-02  2.5892E-01   8.2249E-93  1.5202E-93   0.0000E+00  0.0000E+00   
1.00E+07  0.086  1.200   9.0232E-03  5.5623E-02   5.4987E-02  2.5446E-01   1.6373E-66  4.3607E-67   0.0000E+00  0.0000E+00   
1.00E+07  0.129  1.173   9.1196E-03  5.6458E-02   5.4369E-02  2.5098E-01   7.5185E-46  3.0461E-46   0.0000E+00  0.0000E+00   
1.00E+07  0.172  1.133   9.2623E-03  5.7765E-02   5.4115E-02  2.4966E-01   2.2670E-35  1.2411E-35   0.0000E+00  0.0000E+00   
1.00E+07  0.259  1.021   9.6769E-03  6.1697E-02   5.4558E-02  2.5355E-01   1.1518E-24  9.6990E-25   0.0000E+00  0.0000E+00   
1.00E+07  0.431  0.698   1.1494E-02  7.8458E-02   6.0438E-02  2.9896E-01   1.0410E-15  1.5262E-15   0.0000E+00  0.0000E+00   
1.00E+07  0.862  0.196   4.5630E-02  3.9208E-01   9.1906E-02  5.4826E-01   1.2101E-08  3.8319E-08   0.0000E+00  0.0000E+00   
1.00E+07  2.585  0.021   2.2758E+00  3.9109E+01   1.6701E-01  1.1631E+00   5.0990E-03  5.1740E-02   0.0000E+00  0.0000E+00   
1.00E+08  0.001  2.447   1.1976E-01  8.6257E-01   7.6676E-02  3.7665E-01   0.0000E+00  0.0000E+00   0.0000E+00  0.0000E+00   
1.00E+08  0.009  2.447   1.1748E-01  8.3145E-01   6.8147E-02  3.2860E-01   0.0000E+00  0.0000E+00   0.0000E+00  0.0000E+00   
1.00E+08  0.017  2.446   1.1583E-01  8.0869E-01   6.1818E-02  2.9294E-01   0.0000E+00  0.0000E+00   0.0000E+00  0.0000E+00   
1.00E+08  0.034  2.445   1.1489E-01  7.9511E-01   5.7705E-02  2.6977E-01   1.6545E-173 1.7318E-174  0.0000E+00  0.0000E+00   
1.00E+08  0.060  2.442   1.1459E-01  7.9022E-01   5.5780E-02  2.5892E-01   1.1459E-101 2.1180E-102  0.0000E+00  0.0000E+00   
1.00E+08  0.086  2.437   1.1469E-01  7.9051E-01   5.4987E-02  2.5446E-01   9.6414E-73  2.5679E-73   0.0000E+00  0.0000E+00   
1.00E+08  0.129  2.424   1.1528E-01  7.9592E-01   5.4369E-02  2.5098E-01   4.6992E-50  1.9039E-50   0.0000E+00  0.0000E+00   
1.00E+08  0.172  2.406   1.1624E-01  8.0567E-01   5.4115E-02  2.4966E-01   1.4078E-38  7.7072E-39   0.0000E+00  0.0000E+00   
1.00E+08  0.259  2.355   1.1924E-01  8.3710E-01   5.4560E-02  2.5355E-01   6.6280E-27  5.5812E-27   0.0000E+00  0.0000E+00   
1.00E+08  0.431  2.192   1.2909E-01  9.4830E-01   6.0505E-02  2.9928E-01   3.2486E-17  4.7630E-17   0.0000E+00  0.0000E+00   
1.00E+08  0.862  1.493   1.7417E-01  1.5345E+00   9.3184E-02  5.5527E-01   2.6865E-09  8.5060E-09   0.0000E+00  0.0000E+00   
1.00E+08  2.585  0.209   2.4392E+00  4.1960E+01   1.6808E-01  1.1714E+00   4.7425E-03  4.8118E-02   0.0000E+00  0.0000E+00   
1.00E+09  0.001  5.181   2.0608E+00  1.8616E+01   7.6676E-02  3.7665E-01   0.0000E+00  0.0000E+00   0.0000E+00  0.0000E+00   
1.00E+09  0.009  5.180   2.0338E+00  1.8163E+01   6.8147E-02  3.2860E-01   0.0000E+00  0.0000E+00   0.0000E+00  0.0000E+00   
1.00E+09  0.017  5.180   2.0140E+00  1.7829E+01   6.1818E-02  2.9294E-01   0.0000E+00  0.0000E+00   0.0000E+00  0.0000E+00   
1.00E+09  0.034  5.180   2.0024E+00  1.7626E+01   5.7705E-02  2.6977E-01   5.8199E-208 6.0918E-209  0.0000E+00  0.0000E+00   
1.00E+09  0.060  5.178   1.9977E+00  1.7543E+01   5.5780E-02  2.5892E-01   2.2820E-121 4.2177E-122  0.0000E+00  0.0000E+00   
1.00E+09  0.086  5.176   1.9973E+00  1.7530E+01   5.4987E-02  2.5446E-01   1.5117E-86  4.0264E-87   0.0000E+00  0.0000E+00   
1.00E+09  0.129  5.170   2.0004E+00  1.7568E+01   5.4369E-02  2.5098E-01   2.7920E-59  1.1312E-59   0.0000E+00  0.0000E+00   
1.00E+09  0.172  5.161   2.0066E+00  1.7652E+01   5.4115E-02  2.4966E-01   1.6025E-45  8.7732E-46   0.0000E+00  0.0000E+00   
1.00E+09  0.259  5.138   2.0273E+00  1.7947E+01   5.4560E-02  2.5355E-01   1.4002E-31  1.1791E-31   0.0000E+00  0.0000E+00   
1.00E+09  0.431  5.062   2.0976E+00  1.9028E+01   6.0508E-02  2.9929E-01   4.1560E-20  6.0933E-20   0.0000E+00  0.0000E+00   
1.00E+09  0.862  4.708   2.3392E+00  2.3702E+01   9.3582E-02  5.5745E-01   6.4433E-11  2.0400E-10   0.0000E+00  0.0000E+00   
1.00E+09  2.585  1.972   4.6278E+00  8.0596E+01   1.7590E-01  1.2315E+00   2.4004E-03  2.4340E-02   0.0000E+00  0.0000E+00   
1.00E+10  0.001  11.119  4.9169E+01  6.6498E+02   7.6676E-02  3.7665E-01   0.0000E+00  0.0000E+00   0.0000E+00  0.0000E+00   
1.00E+10  0.009  11.118  4.8798E+01  6.5612E+02   6.8147E-02  3.2860E-01   0.0000E+00  0.0000E+00   0.0000E+00  0.0000E+00   
1.00E+10  0.017  11.118  4.8530E+01  6.4965E+02   6.1818E-02  2.9294E-01   0.0000E+00  0.0000E+00   0.0000E+00  0.0000E+00   
1.00E+10  0.034  11.118  4.8369E+01  6.4568E+02   5.7705E-02  2.6977E-01   8.8462E-283 9.2596E-284  0.0000E+00  0.0000E+00   
1.00E+10  0.060  11.117  4.8298E+01  6.4396E+02   5.5780E-02  2.5892E-01   3.9725E-164 7.3420E-165  0.0000E+00  0.0000E+00   
1.00E+10  0.086  11.116  4.8281E+01  6.4351E+02   5.4987E-02  2.5446E-01   1.7437E-116 4.6442E-117  0.0000E+00  0.0000E+00   
1.00E+10  0.129  11.113  4.8293E+01  6.4375E+02   5.4369E-02  2.5098E-01   2.9962E-79  1.2139E-79   0.0000E+00  0.0000E+00   
1.00E+10  0.172  11.109  4.8335E+01  6.4471E+02   5.4115E-02  2.4966E-01   1.6466E-60  9.0148E-61   0.0000E+00  0.0000E+00   
1.00E+10  0.259  11.098  4.8489E+01  6.4840E+02   5.4560E-02  2.5355E-01   1.3575E-41  1.1431E-41   0.0000E+00  0.0000E+00   
1.00E+10  0.431  11.063  4.8958E+01  6.6165E+02   6.0508E-02  2.9929E-01   3.7123E-26  5.4429E-26   0.0000E+00  0.0000E+00   
1.00E+10  0.862  10.898  4.9269E+01  7.0131E+02   9.3592E-02  5.5750E-01   4.8888E-14  1.5479E-13   0.0000E+00  0.0000E+00   
1.00E+10  2.585  9.163   4.7314E+01  9.2260E+02   1.8504E-01  1.3019E+00   1.4891E-04  1.5089E-03   0.0000E+00  0.0000E+00   
1.00E+11  0.001  23.934  1.5479E+03  3.6938E+04   7.6676E-02  3.7665E-01   0.0000E+00  0.0000E+00   0.0000E+00  0.0000E+00   
1.00E+11  0.009  23.934  1.5424E+03  3.6714E+04   6.8147E-02  3.2860E-01   0.0000E+00  0.0000E+00   0.0000E+00  0.0000E+00   
1.00E+11  0.017  23.933  1.5385E+03  3.6553E+04   6.1818E-02  2.9294E-01   0.0000E+00  0.0000E+00   0.0000E+00  0.0000E+00   
1.00E+11  0.034  23.934  1.5361E+03  3.6452E+04   5.7705E-02  2.6977E-01   0.0000E+00  0.0000E+00   0.0000E+00  0.0000E+00   
1.00E+11  0.060  23.933  1.5350E+03  3.6406E+04   5.5780E-02  2.5892E-01   2.1274E-256 3.9319E-257  0.0000E+00  0.0000E+00   
1.00E+11  0.086  23.933  1.5346E+03  3.6392E+04   5.4987E-02  2.5446E-01   4.4523E-181 1.1858E-181  0.0000E+00  0.0000E+00   
1.00E+11  0.129  23.931  1.5346E+03  3.6389E+04   5.4369E-02  2.5098E-01   2.5687E-122 1.0407E-122  0.0000E+00  0.0000E+00   
1.00E+11  0.172  23.930  1.5348E+03  3.6401E+04   5.4115E-02  2.4966E-01   8.1515E-93  4.4628E-93   0.0000E+00  0.0000E+00   
1.00E+11  0.259  23.924  1.5356E+03  3.6451E+04   5.4560E-02  2.5355E-01   3.8542E-63  3.2454E-63   0.0000E+00  0.0000E+00   
1.00E+11  0.431  23.908  1.5342E+03  3.6563E+04   6.0508E-02  2.9929E-01   4.1933E-39  6.1481E-39   0.0000E+00  0.0000E+00   
1.00E+11  0.862  23.832  1.4687E+03  3.5727E+04   9.3592E-02  5.5750E-01   1.4829E-20  4.6952E-20   0.0000E+00  0.0000E+00   
1.00E+11  2.585  23.015  1.0504E+03  2.9078E+04   1.8572E-01  1.3071E+00   7.0115E-07  7.1047E-06   0.0000E+00  0.0000E+00   
