rhoYe is density times electron fraction [g/cm^3], T is temperature [MeV], mu_e is electron chemical potential [MeV]
e-(+) cap is electron (positron) capture, e-(+) dec is electron (positron) decay
For each process, first column is neutrino production [neutrinos/baryon second] and second column is energy loss [MeV/baryon second].
rhoYe     T      mu_e    e- cap                   e+ dec                   e+ cap                   e- dec                   
1.00E+01  0.001  0.509   2.9854E-135 7.7404E-138  0.0000E+00  0.0000E+00   0.0000E+00  0.0000E+00   1.7644E-08  1.7906E-08   
1.00E+01  0.009  0.453   4.2031E-30  1.1170E-31   6.1708E-108 2.6987E-108  9.3048E-59  5.6892E-59   1.7644E-08  1.7906E-08   
1.00E+01  0.017  0.377   7.1592E-24  3.9001E-25   5.1129E-58  2.2361E-58   8.5993E-32  5.4122E-32   1.7616E-08  1.7878E-08   
1.00E+01  0.034  0.205   1.6341E-20  1.8573E-21   4.4375E-33  1.9407E-33   9.2857E-18  6.1970E-18   1.6783E-08  1.7033E-08   
1.00E+01  0.060  0.008   3.5528E-18  1.3617E-18   1.8905E-22  8.2681E-23   5.7196E-12  4.1889E-12   1.4369E-08  1.4583E-08   
1.00E+01  0.086  0.000   4.0278E-15  4.0117E-15   3.1250E-18  1.3709E-18   1.7472E-10  1.4106E-10   1.2830E-08  1.3234E-08   
1.00E+01  0.129  0.000   3.9069E-12  4.5794E-12   6.1150E-15  2.9208E-15   3.2428E-09  3.1113E-09   3.4022E-08  4.8271E-08   
1.00E+01  0.172  0.000   1.5980E-10  2.1156E-10   3.5267E-13  2.1796E-13   1.8710E-08  2.1917E-08   1.9355E-07  3.0441E-07   
1.00E+01  0.259  0.000   9.8728E-09  1.6503E-08   5.4340E-11  6.2032E-11   1.8365E-07  3.2797E-07   1.4228E-06  2.2801E-06   
1.00E+01  0.431  0.000   5.9303E-07  1.4636E-06   2.2914E-08  4.2682E-08   3.0551E-06  9.1558E-06   7.4519E-06  1.3059E-05   
1.00E+01  0.862  0.000   8.2236E-05  4.0307E-04   5.9490E-06  1.3682E-05   2.0395E-04  9.6305E-04   1.0481E-04  3.1508E-04   
1.00E+01  2.585  0.000   1.4289E-01  1.7667E+00   1.7008E-04  4.7819E-04   2.1856E-01  2.6731E+00   1.2782E-03  4.3698E-03   
1.00E+01  0.001  0.509   2.9854E-135 7.7404E-138  0.0000E+00  0.0000E+00   0.0000E+00  0.0000E+00   1.7644E-08  1.7906E-08   
1.00E+01  0.009  0.453   4.2031E-30  1.1170E-31   6.1708E-108 2.6987E-108  9.3048E-59  5.6892E-59   1.7644E-08  1.7906E-08   
1.00E+01  0.017  0.377   7.1592E-24  3.9001E-25   5.1129E-58  2.2361E-58   8.5993E-32  5.4122E-32   1.7616E-08  1.7878E-08   
1.00E+01  0.034  0.205   1.6341E-20  1.8573E-21   4.4375E-33  1.9407E-33   9.2857E-18  6.1970E-18   1.6783E-08  1.7033E-08   
1.00E+01  0.060  0.008   3.5528E-18  1.3617E-18   1.8905E-22  8.2681E-23   5.7196E-12  4.1889E-12   1.4369E-08  1.4583E-08   
1.00E+01  0.086  0.000   4.0278E-15  4.0117E-15   3.1250E-18  1.3709E-18   1.7472E-10  1.4106E-10   1.2830E-08  1.3234E-08   
1.00E+01  0.129  0.000   3.9069E-12  4.5794E-12   6.1150E-15  2.9208E-15   3.2428E-09  3.1113E-09   3.4022E-08  4.8271E-08   
1.00E+01  0.172  0.000   1.5980E-10  2.1156E-10   3.5267E-13  2.1796E-13   1.8710E-08  2.1917E-08   1.9355E-07  3.0441E-07   
1.00E+01  0.259  0.000   9.8728E-09  1.6503E-08   5.4340E-11  6.2032E-11   1.8365E-07  3.2797E-07   1.4228E-06  2.2801E-06   
1.00E+01  0.431  0.000   5.9303E-07  1.4636E-06   2.2914E-08  4.2682E-08   3.0551E-06  9.1558E-06   7.4519E-06  1.3059E-05   
1.00E+01  0.862  0.000   8.2236E-05  4.0307E-04   5.9490E-06  1.3682E-05   2.0395E-04  9.6305E-04   1.0481E-04  3.1508E-04   
1.00E+01  2.585  0.000   1.4289E-01  1.7667E+00   1.7008E-04  4.7819E-04   2.1856E-01  2.6731E+00   1.2782E-03  4.3698E-03   
1.00E+02  0.001  0.511   4.2404E-134 1.0994E-136  0.0000E+00  0.0000E+00   0.0000E+00  0.0000E+00   1.7641E-08  1.7901E-08   
1.00E+02  0.009  0.473   4.2215E-29  1.1219E-30   6.1708E-108 2.6987E-108  9.2642E-60  5.6643E-60   1.7643E-08  1.7906E-08   
1.00E+02  0.017  0.416   7.1681E-23  3.9049E-24   5.1129E-58  2.2361E-58   8.5887E-33  5.4055E-33   1.7616E-08  1.7878E-08   
1.00E+02  0.034  0.284   1.6348E-19  1.8580E-20   4.4375E-33  1.9407E-33   9.2819E-19  6.1945E-19   1.6783E-08  1.7033E-08   
1.00E+02  0.060  0.065   9.1986E-18  3.5254E-18   1.8905E-22  8.2681E-23   2.2091E-12  1.6179E-12   1.4369E-08  1.4583E-08   
1.00E+02  0.086  0.005   4.2338E-15  4.2169E-15   3.1251E-18  1.3709E-18   1.6622E-10  1.3419E-10   1.2830E-08  1.3234E-08   
1.00E+02  0.129  0.000   3.9199E-12  4.5947E-12   6.1150E-15  2.9209E-15   3.2321E-09  3.1009E-09   3.4022E-08  4.8271E-08   
1.00E+02  0.172  0.000   1.5991E-10  2.1172E-10   3.5267E-13  2.1796E-13   1.8696E-08  2.1901E-08   1.9355E-07  3.0441E-07   
1.00E+02  0.259  0.000   9.8739E-09  1.6505E-08   5.4340E-11  6.2032E-11   1.8363E-07  3.2793E-07   1.4228E-06  2.2801E-06   
1.00E+02  0.431  0.000   5.9305E-07  1.4636E-06   2.2914E-08  4.2682E-08   3.0551E-06  9.1556E-06   7.4519E-06  1.3059E-05   
1.00E+02  0.862  0.000   8.2236E-05  4.0307E-04   5.9490E-06  1.3682E-05   2.0395E-04  9.6305E-04   1.0481E-04  3.1508E-04   
1.00E+02  2.585  0.000   1.4289E-01  1.7667E+00   1.7008E-04  4.7819E-04   2.1856E-01  2.6731E+00   1.2782E-03  4.3698E-03   
1.00E+01  0.001  0.509   2.9854E-135 7.7404E-138  0.0000E+00  0.0000E+00   0.0000E+00  0.0000E+00   1.7644E-08  1.7906E-08   
1.00E+01  0.009  0.453   4.2031E-30  1.1170E-31   6.1708E-108 2.6987E-108  9.3048E-59  5.6892E-59   1.7644E-08  1.7906E-08   
1.00E+01  0.017  0.377   7.1592E-24  3.9001E-25   5.1129E-58  2.2361E-58   8.5993E-32  5.4122E-32   1.7616E-08  1.7878E-08   
1.00E+01  0.034  0.205   1.6341E-20  1.8573E-21   4.4375E-33  1.9407E-33   9.2857E-18  6.1970E-18   1.6783E-08  1.7033E-08   
1.00E+01  0.060  0.008   3.5528E-18  1.3617E-18   1.8905E-22  8.2681E-23   5.7196E-12  4.1889E-12   1.4369E-08  1.4583E-08   
1.00E+01  0.086  0.000   4.0278E-15  4.0117E-15   3.1250E-18  1.3709E-18   1.7472E-10  1.4106E-10   1.2830E-08  1.3234E-08   
1.00E+01  0.129  0.000   3.9069E-12  4.5794E-12   6.1150E-15  2.9208E-15   3.2428E-09  3.1113E-09   3.4022E-08  4.8271E-08   
1.00E+01  0.172  0.000   1.5980E-10  2.1156E-10   3.5267E-13  2.1796E-13   1.8710E-08  2.1917E-08   1.9355E-07  3.0441E-07   
1.00E+01  0.259  0.000   9.8728E-09  1.6503E-08   5.4340E-11  6.2032E-11   1.8365E-07  3.2797E-07   1.4228E-06  2.2801E-06   
1.00E+01  0.431  0.000   5.9303E-07  1.4636E-06   2.2914E-08  4.2682E-08   3.0551E-06  9.1558E-06   7.4519E-06  1.3059E-05   
1.00E+01  0.862  0.000   8.2236E-05  4.0307E-04   5.9490E-06  1.3682E-05   2.0395E-04  9.6305E-04   1.0481E-04  3.1508E-04   
1.00E+01  2.585  0.000   1.4289E-01  1.7667E+00   1.7008E-04  4.7819E-04   2.1856E-01  2.6731E+00   1.2782E-03  4.3698E-03   
1.00E+02  0.001  0.511   4.2404E-134 1.0994E-136  0.0000E+00  0.0000E+00   0.0000E+00  0.0000E+00   1.7641E-08  1.7901E-08   
1.00E+02  0.009  0.473   4.2215E-29  1.1219E-30   6.1708E-108 2.6987E-108  9.2642E-60  5.6643E-60   1.7643E-08  1.7906E-08   
1.00E+02  0.017  0.416   7.1681E-23  3.9049E-24   5.1129E-58  2.2361E-58   8.5887E-33  5.4055E-33   1.7616E-08  1.7878E-08   
1.00E+02  0.034  0.284   1.6348E-19  1.8580E-20   4.4375E-33  1.9407E-33   9.2819E-19  6.1945E-19   1.6783E-08  1.7033E-08   
1.00E+02  0.060  0.065   9.1986E-18  3.5254E-18   1.8905E-22  8.2681E-23   2.2091E-12  1.6179E-12   1.4369E-08  1.4583E-08   
1.00E+02  0.086  0.005   4.2338E-15  4.2169E-15   3.1251E-18  1.3709E-18   1.6622E-10  1.3419E-10   1.2830E-08  1.3234E-08   
1.00E+02  0.129  0.000   3.9199E-12  4.5947E-12   6.1150E-15  2.9209E-15   3.2321E-09  3.1009E-09   3.4022E-08  4.8271E-08   
1.00E+02  0.172  0.000   1.5991E-10  2.1172E-10   3.5267E-13  2.1796E-13   1.8696E-08  2.1901E-08   1.9355E-07  3.0441E-07   
1.00E+02  0.259  0.000   9.8739E-09  1.6505E-08   5.4340E-11  6.2032E-11   1.8363E-07  3.2793E-07   1.4228E-06  2.2801E-06   
1.00E+02  0.431  0.000   5.9305E-07  1.4636E-06   2.2914E-08  4.2682E-08   3.0551E-06  9.1556E-06   7.4519E-06  1.3059E-05   
1.00E+02  0.862  0.000   8.2236E-05  4.0307E-04   5.9490E-06  1.3682E-05   2.0395E-04  9.6305E-04   1.0481E-04  3.1508E-04   
1.00E+02  2.585  0.000   1.4289E-01  1.7667E+00   1.7008E-04  4.7819E-04   2.1856E-01  2.6731E+00   1.2782E-03  4.3698E-03   
1.00E+03  0.001  0.513   5.3408E-133 1.3847E-135  0.0000E+00  0.0000E+00   0.0000E+00  0.0000E+00   1.7633E-08  1.7888E-08   
1.00E+03  0.009  0.493   4.4112E-28  1.1723E-29 1.00E+01  0.001  0.509   2.9854E-135 7.7404E-138  0.0000E+00  0.0000E+00   0.0000E+00  0.0000E+00   1.7644E-08  1.7906E-08   
1.00E+01  0.009  0.453   4.2031E-30  1.1170E-31   6.1708E-108 2.6987E-108  9.3048E-59  5.6892E-59   1.7644E-08  1.7906E-08   
1.00E+01  0.017  0.377   7.1592E-24  3.9001E-25   5.1129E-58  2.2361E-58   8.5993E-32  5.4122E-32   1.7616E-08  1.7878E-08   
1.00E+01  0.034  0.205   1.6341E-20  1.8573E-21   4.4375E-33  1.9407E-33   9.2857E-18  6.1970E-18   1.6783E-08  1.7033E-08   
1.00E+01  0.060  0.008   3.5528E-18  1.3617E-18   1.8905E-22  8.2681E-23   5.7196E-12  4.1889E-12   1.4369E-08  1.4583E-08   
1.00E+01  0.086  0.000   4.0278E-15  4.0117E-15   3.1250E-18  1.3709E-18   1.7472E-10  1.4106E-10   1.2830E-08  1.3234E-08   
1.00E+01  0.129  0.000   3.9069E-12  4.5794E-12   6.1150E-15  2.9208E-15   3.2428E-09  3.1113E-09   3.4022E-08  4.8271E-08   
1.00E+01  0.172  0.000   1.5980E-10  2.1156E-10   3.5267E-13  2.1796E-13   1.8710E-08  2.1917E-08   1.9355E-07  3.0441E-07   
1.00E+01  0.259  0.000   9.8728E-09  1.6503E-08   5.4340E-11  6.2032E-11   1.8365E-07  3.2797E-07   1.4228E-06  2.2801E-06   
1.00E+01  0.431  0.000   5.9303E-07  1.4636E-06   2.2914E-08  4.2682E-08   3.0551E-06  9.1558E-06   7.4519E-06  1.3059E-05   
1.00E+01  0.862  0.000   8.2236E-05  4.0307E-04   5.9490E-06  1.3682E-05   2.0395E-04  9.6305E-04   1.0481E-04  3.1508E-04   
1.00E+01  2.585  0.000   1.4289E-01  1.7667E+00   1.7008E-04  4.7819E-04   2.1856E-01  2.6731E+00   1.2782E-03  4.3698E-03   
1.00E+02  0.001  0.511   4.2404E-134 1.0994E-136  0.0000E+00  0.0000E+00   0.0000E+00  0.0000E+00   1.7641E-08  1.7901E-08   
1.00E+02  0.009  0.473   4.2215E-29  1.1219E-30   6.1708E-108 2.6987E-108  9.2642E-60  5.6643E-60   1.7643E-08  1.7906E-08   
1.00E+02  0.017  0.416   7.1681E-23  3.9049E-24   5.1129E-58  2.2361E-58   8.5887E-33  5.4055E-33   1.7616E-08  1.7878E-08   
1.00E+02  0.034  0.284   1.6348E-19  1.8580E-20   4.4375E-33  1.9407E-33   9.2819E-19  6.1945E-19   1.6783E-08  1.7033E-08   
1.00E+02  0.060  0.065   9.1986E-18  3.5254E-18   1.8905E-22  8.2681E-23   2.2091E-12  1.6179E-12   1.4369E-08  1.4583E-08   
1.00E+02  0.086  0.005   4.2338E-15  4.2169E-15   3.1251E-18  1.3709E-18   1.6622E-10  1.3419E-10   1.2830E-08  1.3234E-08   
1.00E+02  0.129  0.000   3.9199E-12  4.5947E-12   6.1150E-15  2.9209E-15   3.2321E-09  3.1009E-09   3.4022E-08  4.8271E-08   
1.00E+02  0.172  0.000   1.5991E-10  2.1172E-10   3.5267E-13  2.1796E-13   1.8696E-08  2.1901E-08   1.9355E-07  3.0441E-07   
1.00E+02  0.259  0.000   9.8739E-09  1.6505E-08   5.4340E-11  6.2032E-11   1.8363E-07  3.2793E-07   1.4228E-06  2.2801E-06   
1.00E+02  0.431  0.000   5.9305E-07  1.4636E-06   2.2914E-08  4.2682E-08   3.0551E-06  9.1556E-06   7.4519E-06  1.3059E-05   
1.00E+02  0.862  0.000   8.2236E-05  4.0307E-04   5.9490E-06  1.3682E-05   2.0395E-04  9.6305E-04   1.0481E-04  3.1508E-04   
1.00E+02  2.585  0.000   1.4289E-01  1.7667E+00   1.7008E-04  4.7819E-04   2.1856E-01  2.6731E+00   1.2782E-03  4.3698E-03   
1.00E+03  0.001  0.513   5.3408E-133 1.3847E-135  0.0000E+00  0.0000E+00   0.0000E+00  0.0000E+00   1.7633E-08  1.7888E-08   
1.00E+03  0.009  0.493   4.4112E-28  1.1723E-29 1.00E+01  0.001  0.509   2.9854E-135 7.7404E-138  0.0000E+00  0.0000E+00   0.0000E+00  0.0000E+00   1.7644E-08  1.7906E-08   
1.00E+03  0.009  0.493   4.4112E-28  1.1723E-29   6.1708E-108 2.6987E-108  8.8657E-61  5.4207E-61   1.7638E-08  1.7897E-08   
1.00E+03  0.017  0.456   7.2571E-22  3.9534E-23   5.1129E-58  2.2361E-58   8.4833E-34  5.3391E-34   1.7612E-08  1.7872E-08   
1.00E+03  0.034  0.364   1.6416E-18  1.8658E-19   4.4375E-33  1.9407E-33   9.2435E-20  6.1688E-20   1.6781E-08  1.7029E-08   
1.00E+03  0.060  0.197   8.1619E-17  3.1264E-17   1.8905E-22  8.2682E-23   2.4887E-13  1.8226E-13   1.4367E-08  1.4581E-08   
1.00E+03  0.086  0.046   6.8014E-15  6.7743E-15   3.1253E-18  1.3710E-18   1.0343E-10  8.3502E-11   1.2830E-08  1.3233E-08   
1.00E+03  0.129  0.005   4.0524E-12  4.7501E-12   6.1157E-15  2.9212E-15   3.1262E-09  2.9993E-09   3.4021E-08  4.8269E-08   
1.00E+03  0.172  0.001   1.6107E-10  2.1325E-10   3.5270E-13  2.1798E-13   1.8561E-08  2.1743E-08   1.9354E-07  3.0440E-07   
1.00E+03  0.259  0.000   9.8859E-09  1.6525E-08   5.4341E-11  6.2034E-11   1.8341E-07  3.2753E-07   1.4228E-06  2.2800E-06   
1.00E+03  0.431  0.000   5.9316E-07  1.4639E-06   2.2914E-08  4.2682E-08   3.0545E-06  9.1539E-06   7.4519E-06  1.3059E-05   
1.00E+03  0.862  0.000   8.2238E-05  4.0308E-04   5.9490E-06  1.3682E-05   2.0395E-04  9.6303E-04   1.0481E-04  3.1508E-04   
1.00E+03  2.585  0.000   1.4289E-01  1.7667E+00   1.7008E-04  4.7819E-04   2.1856E-01  2.6731E+00   1.2782E-03  4.3698E-03   
1.00E+04  0.001  0.523   6.5743E-128 1.7046E-130  0.0000E+00  0.0000E+00   0.0000E+00  0.0000E+00   1.7582E-08  1.7802E-08   
1.00E+04  0.009  0.516   6.0548E-27  1.6092E-28   6.1708E-108 2.6987E-108  6.4591E-62  3.9493E-62   1.7598E-08  1.7829E-08   
1.00E+04  0.017  0.498   8.1845E-21  4.4586E-22   5.1129E-58  2.2361E-58   7.5221E-35  4.7342E-35   1.7580E-08  1.7817E-08   
1.00E+04  0.034  0.444   1.7108E-17  1.9445E-18   4.4375E-33  1.9407E-33   8.8690E-21  5.9190E-21   1.6757E-08  1.6989E-08   
1.00E+04  0.060  0.337   8.2455E-16  3.1408E-16   1.8905E-22  8.2682E-23   2.4536E-14  1.7969E-14   1.4351E-08  1.4554E-08   
1.00E+04  0.086  0.209   4.4795E-14  4.4631E-14   3.1257E-18  1.3713E-18   1.5591E-11  1.2586E-11   1.2818E-08  1.3214E-08   
1.00E+04  0.129  0.047   5.6052E-12  6.5722E-12   6.1207E-15  2.9242E-15   2.2574E-09  2.1654E-09   3.4012E-08  4.8251E-08   
1.00E+04  0.172  0.014   1.7308E-10  2.2920E-10   3.5293E-13  2.1813E-13   1.7267E-08  2.0224E-08   1.9352E-07  3.0433E-07   
1.00E+04  0.259  0.004   1.0006E-08  1.6727E-08   5.4354E-11  6.2047E-11   1.8119E-07  3.2356E-07   1.4227E-06  2.2797E-06   
1.00E+04  0.431  0.001   5.9426E-07  1.4667E-06   2.2916E-08  4.2684E-08   3.0488E-06  9.1367E-06   7.4514E-06  1.3058E-05   
1.00E+04  0.862  0.000   8.2254E-05  4.0316E-04   5.9491E-06  1.3683E-05   2.0391E-04  9.6284E-04   1.0481E-04  3.1508E-04   
1.00E+04  2.585  0.000   1.4289E-01  1.7667E+00   1.7008E-04  4.7819E-04   2.1856E-01  2.6730E+00   1.2782E-03  4.3698E-03   
1.00E+05  0.001  0.565   5.6911E-107 1.4756E-109  0.0000E+00  0.0000E+00   0.0000E+00  0.0000E+00   1.7335E-08  1.7387E-08   
1.00E+05  0.009  0.563   1.3777E-24  3.6615E-26   6.1708E-108 2.6987E-108  2.8387E-64  1.7356E-64   1.7344E-08  1.7403E-08   
1.00E+05  0.017  0.558   2.6293E-19  1.4324E-20   5.1129E-58  2.2361E-58   2.3414E-36  1.4736E-36   1.7332E-08  1.7403E-08   
1.00E+05  0.034  0.537   2.5340E-16  2.8804E-17   4.4375E-33  1.9407E-33   5.9862E-22  3.9951E-22   1.6544E-08  1.6638E-08   
1.00E+05  0.060  0.485   9.2669E-15  3.3497E-15   1.8905E-22  8.2682E-23   2.1062E-15  1.5425E-15   1.4195E-08  1.4302E-08   
1.00E+05  0.086  0.413   4.4601E-13  4.4578E-13   3.1258E-18  1.3713E-18   1.4507E-12  1.1711E-12   1.2699E-08  1.3023E-08   
1.00E+05  0.129  0.265   2.9440E-11  3.4673E-11   6.1314E-15  2.9305E-15   4.1770E-10  4.0053E-10   3.3873E-08  4.7975E-08   
1.00E+05  0.172  0.128   3.3253E-10  4.4134E-10   3.5440E-13  2.1909E-13   8.9164E-09  1.0436E-08   1.9315E-07  3.0346E-07   
1.00E+05  0.259  0.035   1.1287E-08  1.8883E-08   5.4467E-11  6.2169E-11   1.6047E-07  2.8647E-07   1.4211E-06  2.2760E-06   
1.00E+05  0.431  0.009   6.0545E-07  1.4946E-06   2.2927E-08  4.2710E-08   2.9924E-06  8.9670E-06   7.4469E-06  1.3048E-05   
1.00E+05  0.862  0.002   8.2419E-05  4.0397E-04   5.9501E-06  1.3685E-05   2.0350E-04  9.6090E-04   1.0480E-04  3.1504E-04   
1.00E+05  2.585  0.000   1.4291E-01  1.7668E+00   1.7009E-04  4.7820E-04   2.1854E-01  2.6728E+00   1.2782E-03  4.3697E-03   
1.00E+06  0.001  0.726   1.6360E-25  4.2417E-28   0.0000E+00  0.0000E+00   0.0000E+00  0.0000E+00   1.5846E-08  1.5054E-08   
1.00E+06  0.009  0.725   2.0309E-16  5.4524E-18   6.1708E-108 2.6987E-108  1.8871E-72  1.1538E-72   1.5860E-08  1.5075E-08   
1.00E+06  0.017  0.724   3.8484E-15  2.1406E-16   5.1129E-58  2.2361E-58   1.5345E-40  9.6578E-41   1.5839E-08  1.5062E-08   
1.00E+06  0.034  0.718   4.5259E-14  5.2767E-15   4.4375E-33  1.9407E-33   3.1875E-24  2.1273E-24   1.5121E-08  1.4411E-08   
1.00E+06  0.060  0.700   2.7162E-13  7.3380E-14   1.8905E-22  8.2682E-23   5.9384E-17  4.3491E-17   1.3012E-08  1.2468E-08   
1.00E+06  0.086  0.672   4.8833E-12  4.9378E-12   3.1258E-18  1.3713E-18   7.2112E-14  5.8212E-14   1.1714E-08  1.1508E-08   
1.00E+06  0.129  0.604   3.0097E-10  3.6964E-10   6.1337E-15  2.9319E-15   3.0472E-11  2.9217E-11   3.2518E-08  4.5330E-08   
1.00E+06  0.172  0.512   2.6619E-09  3.6365E-09   3.5582E-13  2.2002E-13   9.6545E-10  1.1291E-09   1.8830E-07  2.9209E-07   
1.00E+06  0.259  0.299   3.0066E-08  5.0854E-08   5.5040E-11  6.2785E-11   5.8458E-08  1.0419E-07   1.3996E-06  2.2253E-06   
1.00E+06  0.431  0.091   7.2840E-07  1.8016E-06   2.3029E-08  4.2943E-08   2.4842E-06  7.4395E-06   7.3974E-06  1.2936E-05   
1.00E+06  0.862  0.020   8.4085E-05  4.1219E-04   5.9595E-06  1.3711E-05   1.9944E-04  9.4170E-04   1.0468E-04  3.1462E-04   
1.00E+06  2.585  0.002   1.4301E-01  1.7681E+00   1.7012E-04  4.7828E-04   2.1838E-01  2.6709E+00   1.2780E-03  4.3690E-03   
1.00E+07  0.001  1.223   8.0189E-11  3.0381E-11   0.0000E+00  0.0000E+00   0.0000E+00  0.0000E+00   8.2796E-09  5.7392E-09   
1.00E+07  0.009  1.222   8.0044E-11  3.0385E-11   6.1708E-108 2.6987E-108  1.6530E-97  1.0107E-97   8.2958E-09  5.7574E-09   
1.00E+07  0.017  1.222   8.0818E-11  3.1000E-11   5.1129E-58  2.2361E-58   4.4252E-53  2.7851E-53   8.2959E-09  5.7674E-09   
1.00E+07  0.034  1.219   8.0619E-11  3.2208E-11   4.4375E-33  1.9407E-33   1.5367E-30  1.0255E-30   7.9486E-09  5.5624E-09   
1.00E+07  0.060  1.212   7.7628E-11  3.4494E-11   1.8905E-22  8.2682E-23   1.2300E-20  9.0078E-21   6.9161E-09  4.9261E-09   
1.00E+07  0.086  1.200   1.3865E-10  1.2693E-10   3.1258E-18  1.3713E-18   1.5675E-16  1.2654E-16   6.4282E-09  4.8801E-09   
1.00E+07  0.129  1.173   4.2117E-09  6.3555E-09   6.1338E-15  2.9320E-15   3.7406E-13  3.5865E-13   2.4025E-08  3.0351E-08   
1.00E+07  0.172  1.133   3.5149E-08  5.6959E-08   3.5599E-13  2.2013E-13   2.6275E-11  3.0727E-11   1.5266E-07  2.1497E-07   
1.00E+07  0.259  1.021   3.2795E-07  6.1343E-07   5.5358E-11  6.3127E-11   3.5890E-09  6.3910E-09   1.1785E-06  1.7362E-06   
1.00E+07  0.431  0.698   2.7425E-06  6.9685E-06   2.3422E-08  4.3841E-08   6.1841E-07  1.8474E-06   6.7252E-06  1.1465E-05   
1.00E+07  0.862  0.196   1.0253E-04  5.0328E-04   6.0455E-06  1.3944E-05   1.6319E-04  7.7030E-04   1.0338E-04  3.1008E-04   
1.00E+07  2.585  0.021   1.4403E-01  1.7809E+00   1.7041E-04  4.7917E-04   2.1683E-01  2.6518E+00   1.2761E-03  4.3618E-03   
1.00E+08  0.001  2.447   1.2749E-08  1.7596E-08   0.0000E+00  0.0000E+00   0.0000E+00  0.0000E+00   0.0000E+00  0.0000E+00   
1.00E+08  0.009  2.447   1.2735E-08  1.7577E-08   6.1708E-108 2.6987E-108  3.2088E-159 1.9619E-159  1.1793E-61  7.6343E-62   
1.00E+08  0.017  2.446   1.2720E-08  1.7569E-08   5.1129E-58  2.2361E-58   6.1277E-84  3.8566E-84   1.8614E-33  1.2083E-33   
1.00E+08  0.034  2.445   1.2179E-08  1.6887E-08   4.4375E-33  1.9407E-33   5.4705E-46  3.6509E-46   2.2450E-19  1.4711E-19   
1.00E+08  0.060  2.442   1.0581E-08  1.4793E-08   1.8905E-22  8.2682E-23   1.7136E-29  1.2550E-29   2.1716E-13  1.4594E-13   
1.00E+08  0.086  2.437   1.1226E-08  1.7051E-08   3.1258E-18  1.3713E-18   9.2305E-23  7.4514E-23   5.1043E-11  3.5551E-11   
1.00E+08  0.129  2.424   1.1325E-07  2.6096E-07   6.1338E-15  2.9320E-15   2.3379E-17  2.2416E-17   3.5738E-09  2.6841E-09   
1.00E+08  0.172  2.406   8.4075E-07  2.0593E-06   3.5599E-13  2.2014E-13   1.6316E-14  1.9081E-14   3.1169E-08  2.5509E-08   
1.00E+08  0.259  2.355   6.9130E-06  1.8004E-05   5.5379E-11  6.3149E-11   2.0659E-11  3.6786E-11   3.0583E-07  2.9738E-07   
1.00E+08  0.431  2.192   4.3674E-05  1.3208E-04   2.3555E-08  4.4145E-08   1.9410E-08  5.7938E-08   2.8045E-06  4.2171E-06   
1.00E+08  0.862  1.493   4.2337E-04  2.1157E-03   6.3794E-06  1.4862E-05   3.6767E-05  1.7334E-04   8.7201E-05  2.5468E-04   
1.00E+08  2.585  0.209   1.5469E-01  1.9135E+00   1.7333E-04  4.8790E-04   2.0186E-01  2.4676E+00   1.2565E-03  4.2881E-03   
1.00E+09  0.001  5.181   1.1656E-04  2.2096E-04   0.0000E+00  0.0000E+00   0.0000E+00  0.0000E+00   0.0000E+00  0.0000E+00   
1.00E+09  0.009  5.180   1.1649E-04  2.2081E-04   6.1708E-108 2.6987E-108  5.3736E-297 3.2855E-297  4.1845E-212 3.5926E-212  
1.00E+09  0.017  5.180   1.1647E-04  2.2085E-04   5.1129E-58  2.2361E-58   7.8881E-153 4.9645E-153  5.5432E-108 4.7678E-108  
1.00E+09  0.034  5.180   1.1657E-04  2.2162E-04   4.4375E-33  1.9407E-33   1.9243E-80  1.2842E-80   6.1070E-56  5.2827E-56   
1.00E+09  0.060  5.178   1.1674E-04  2.2337E-04   1.8905E-22  8.2682E-23   3.4125E-49  2.4992E-49   1.0888E-33  9.5700E-34   
1.00E+09  0.086  5.176   1.1759E-04  2.2669E-04   3.1258E-18  1.3713E-18   1.4473E-36  1.1684E-36   8.1472E-25  7.3364E-25   
1.00E+09  0.129  5.170   1.2391E-04  2.5148E-04   6.1338E-15  2.9320E-15   1.3891E-26  1.3319E-26   6.5265E-18  6.2535E-18   
1.00E+09  0.172  5.161   1.5418E-04  3.8293E-04   3.5599E-13  2.2014E-13   1.8573E-21  2.1720E-21   1.9760E-14  2.0623E-14   
1.00E+09  0.259  5.138   3.7713E-04  1.3880E-03   5.5379E-11  6.3149E-11   4.3644E-16  7.7713E-16   7.2565E-11  9.0832E-11   
1.00E+09  0.431  5.062   1.5572E-03  6.8561E-03   2.3560E-08  4.4155E-08   2.4837E-11  7.4133E-11   7.4406E-08  1.2318E-07   
1.00E+09  0.862  4.708   8.9143E-03  4.9490E-02   6.4858E-06  1.5159E-05   8.8583E-07  4.1747E-06   2.3047E-05  5.6885E-05   
1.00E+09  2.585  1.972   3.0092E-01  3.7428E+00   1.9571E-04  5.5542E-04   1.0284E-01  1.2534E+00   1.0404E-03  3.4903E-03   
1.00E+10  0.001  11.119  3.2689E-01  1.1416E+00   0.0000E+00  0.0000E+00   0.0000E+00  0.0000E+00   0.0000E+00  0.0000E+00   
1.00E+10  0.009  11.118  3.2677E-01  1.1411E+00   6.1708E-108 2.6987E-108  0.0000E+00  0.0000E+00   0.0000E+00  0.0000E+00   
1.00E+10  0.017  11.118  3.2663E-01  1.1408E+00   5.1129E-58  2.2361E-58   1.8556E-302 1.1679E-302  0.0000E+00  0.0000E+00   
1.00E+10  0.034  11.118  3.2422E-01  1.1368E+00   4.4375E-33  1.9407E-33   2.9250E-155 1.9521E-155  0.0000E+00  0.0000E+00   
1.00E+10  0.060  11.117  3.1687E-01  1.1237E+00   1.8905E-22  8.2682E-23   5.9404E-92  4.3506E-92   0.0000E+00  0.0000E+00   
1.00E+10  0.086  11.116  3.1153E-01  1.1155E+00   3.1258E-18  1.3713E-18   1.6694E-66  1.3476E-66   0.0000E+00  0.0000E+00   
1.00E+10  0.129  11.113  3.0752E-01  1.1144E+00   6.1338E-15  2.9320E-15   1.4907E-46  1.4293E-46   0.0000E+00  0.0000E+00   
1.00E+10  0.172  11.109  3.0799E-01  1.1318E+00   3.5599E-13  2.2014E-13   1.9084E-36  2.2318E-36   0.0000E+00  0.0000E+00   
1.00E+10  0.259  11.098  3.2234E-01  1.2547E+00   5.5379E-11  6.3149E-11   4.2312E-26  7.5341E-26   0.0000E+00  0.0000E+00   
1.00E+10  0.431  11.063  4.0165E-01  1.8770E+00   2.3560E-08  4.4155E-08   2.2185E-17  6.6219E-17   0.0000E+00  0.0000E+00   
1.00E+10  0.862  10.898  7.8304E-01  5.0382E+00   6.4885E-06  1.5166E-05   6.7220E-10  3.1679E-09   0.0000E+00  0.0000E+00   
1.00E+10  2.585  9.163   3.9027E+00  5.1724E+01   2.2473E-04  6.4433E-04   6.4238E-03  7.8042E-02   3.6552E-05  1.4435E-04   
1.00E+11  0.001  23.934  1.7650E+02  2.1532E+03   0.0000E+00  0.0000E+00   0.0000E+00  0.0000E+00   0.0000E+00  0.0000E+00   
1.00E+11  0.009  23.934  1.7647E+02  2.1528E+03   6.1708E-108 2.6987E-108  0.0000E+00  0.0000E+00   0.0000E+00  0.0000E+00   
1.00E+11  0.017  23.933  1.7643E+02  2.1522E+03   5.1129E-58  2.2361E-58   0.0000E+00  0.0000E+00   0.0000E+00  0.0000E+00   
1.00E+11  0.034  23.934  1.7578E+02  2.1427E+03   4.4375E-33  1.9407E-33   8.8480E-318 5.3609E-318  0.0000E+00  0.0000E+00   
1.00E+11  0.060  23.933  1.7383E+02  2.1142E+03   1.8905E-22  8.2682E-23   3.1813E-184 2.3298E-184  0.0000E+00  0.0000E+00   
1.00E+11  0.086  23.933  1.7229E+02  2.0919E+03   3.1258E-18  1.3713E-18   4.2626E-131 3.4410E-131  0.0000E+00  0.0000E+00   
1.00E+11  0.129  23.931  1.7067E+02  2.0692E+03   6.1338E-15  2.9320E-15   1.2780E-89  1.2253E-89   0.0000E+00  0.0000E+00   
1.00E+11  0.172  23.930  1.6964E+02  2.0562E+03   3.5599E-13  2.2014E-13   9.4478E-69  1.1049E-68   0.0000E+00  0.0000E+00   
1.00E+11  0.259  23.924  1.6836E+02  2.0458E+03   5.5379E-11  6.3149E-11   1.2013E-47  2.1391E-47   0.0000E+00  0.0000E+00   
1.00E+11  0.431  23.908  1.6695E+02  2.0610E+03   2.3560E-08  4.4155E-08   2.5060E-30  7.4799E-30   0.0000E+00  0.0000E+00   
1.00E+11  0.862  23.832  1.6391E+02  2.1734E+03   6.4885E-06  1.5166E-05   2.0390E-16  9.6092E-16   0.0000E+00  0.0000E+00   
1.00E+11  2.585  23.015  1.6620E+02  3.1085E+03   2.2701E-04  6.5137E-04   3.0262E-05  3.6757E-04   0.0000E+00  0.0000E+00   
