1.00E+04  0.001  0.523   0.0000E+00  0.0000E+00   0.0000E+00  0.0000E+00   0.0000E+00  0.0000E+00   2.3593E-06  2.1030E-06   
1.00E+04  0.009  0.516   0.0000E+00  0.0000E+00   0.0000E+00  0.0000E+00   1.6641E-61  3.5583E-61   2.3620E-06  2.1071E-06   
1.00E+04  0.017  0.498   0.0000E+00  0.0000E+00   0.0000E+00  0.0000E+00   1.8227E-34  3.8748E-34   2.3636E-06  2.1095E-06   
1.00E+04  0.034  0.444   0.0000E+00  0.0000E+00   0.0000E+00  0.0000E+00   2.0931E-20  4.3948E-20   2.3651E-06  2.1117E-06   
1.00E+04  0.060  0.337   0.0000E+00  0.0000E+00   0.0000E+00  0.0000E+00   6.2511E-14  1.2874E-13   2.3664E-06  2.1137E-06   
1.00E+04  0.086  0.209   0.0000E+00  0.0000E+00   0.0000E+00  0.0000E+00   4.3134E-11  8.7313E-11   2.3779E-06  2.1287E-06   
1.00E+04  0.129  0.047   0.0000E+00  0.0000E+00   0.0000E+00  0.0000E+00   6.9007E-09  1.3823E-08   2.5496E-06  2.3498E-06   
1.00E+04  0.172  0.014   0.0000E+00  0.0000E+00   0.0000E+00  0.0000E+00   5.6692E-08  1.1640E-07   3.0993E-06  3.0576E-06   
1.00E+04  0.259  0.004   0.0000E+00  0.0000E+00   0.0000E+00  0.0000E+00   6.3225E-07  1.4591E-06   5.2823E-06  5.9044E-06   
1.00E+04  0.431  0.001   0.0000E+00  0.0000E+00   0.0000E+00  0.0000E+00   1.0061E-05  3.0103E-05   1.2447E-05  1.7450E-05   
1.00E+04  0.862  0.000   0.0000E+00  0.0000E+00   0.0000E+00  0.0000E+00   5.0388E-04  2.4305E-03   2.3744E-04  7.8532E-04   
1.00E+04  2.585  0.000   0.0000E+00  0.0000E+00   0.0000E+00  0.0000E+00   2.8355E-01  3.8483E+00   7.1859E-03  2.7720E-02   
1.00E+05  0.001  0.565   0.0000E+00  0.0000E+00   0.0000E+00  0.0000E+00   0.0000E+00  0.0000E+00   2.3156E-06  2.0401E-06   
1.00E+05  0.009  0.563   0.0000E+00  0.0000E+00   0.0000E+00  0.0000E+00   7.3134E-64  1.5638E-63   2.3173E-06  2.0426E-06   
1.00E+05  0.017  0.558   0.0000E+00  0.0000E+00   0.0000E+00  0.0000E+00   5.6737E-36  1.2061E-35   2.3199E-06  2.0467E-06   
1.00E+05  0.034  0.537   0.0000E+00  0.0000E+00   0.0000E+00  0.0000E+00   1.4128E-21  2.9663E-21   2.3259E-06  2.0560E-06   
1.00E+05  0.060  0.485   0.0000E+00  0.0000E+00   0.0000E+00  0.0000E+00   5.3660E-15  1.1051E-14   2.3331E-06  2.0672E-06   
1.00E+05  0.086  0.413   0.0000E+00  0.0000E+00   0.0000E+00  0.0000E+00   4.0135E-12  8.1243E-12   2.3488E-06  2.0890E-06   
1.00E+05  0.129  0.265   0.0000E+00  0.0000E+00   0.0000E+00  0.0000E+00   1.2771E-09  2.5585E-09   2.5270E-06  2.3196E-06   
1.00E+05  0.172  0.128   0.0000E+00  0.0000E+00   0.0000E+00  0.0000E+00   2.9287E-08  6.0138E-08   3.0835E-06  3.0362E-06   
1.00E+05  0.259  0.035   0.0000E+00  0.0000E+00   0.0000E+00  0.0000E+00   5.6005E-07  1.2924E-06   5.2700E-06  5.8867E-06   
1.00E+05  0.431  0.009   0.0000E+00  0.0000E+00   0.0000E+00  0.0000E+00   9.8749E-06  2.9544E-05   1.2435E-05  1.7431E-05   
1.00E+05  0.862  0.002   0.0000E+00  0.0000E+00   0.0000E+00  0.0000E+00   5.0287E-04  2.4256E-03   2.3741E-04  7.8523E-04   
1.00E+05  2.585  0.000   0.0000E+00  0.0000E+00   0.0000E+00  0.0000E+00   2.8353E-01  3.8480E+00   7.1858E-03  2.7720E-02   
1.00E+06  0.001  0.726   0.0000E+00  0.0000E+00   0.0000E+00  0.0000E+00   0.0000E+00  0.0000E+00   2.0567E-06  1.6921E-06   
1.00E+06  0.009  0.725   0.0000E+00  0.0000E+00   0.0000E+00  0.0000E+00   4.8618E-72  1.0396E-71   2.0590E-06  1.6953E-06   
1.00E+06  0.017  0.724   0.0000E+00  0.0000E+00   0.0000E+00  0.0000E+00   3.7184E-40  7.9047E-40   2.0599E-06  1.6971E-06   
1.00E+06  0.034  0.718   0.0000E+00  0.0000E+00   0.0000E+00  0.0000E+00   7.5226E-24  1.5795E-23   2.0661E-06  1.7076E-06   
1.00E+06  0.060  0.700   0.0000E+00  0.0000E+00   0.0000E+00  0.0000E+00   1.5129E-16  3.1158E-16   2.0816E-06  1.7335E-06   
1.00E+06  0.086  0.672   0.0000E+00  0.0000E+00   0.0000E+00  0.0000E+00   1.9950E-13  4.0384E-13   2.1110E-06  1.7778E-06   
1.00E+06  0.129  0.604   0.0000E+00  0.0000E+00   0.0000E+00  0.0000E+00   9.3173E-11  1.8666E-10   2.3101E-06  2.0388E-06   
1.00E+06  0.172  0.512   0.0000E+00  0.0000E+00   0.0000E+00  0.0000E+00   3.1724E-09  6.5148E-09   2.8798E-06  2.7664E-06   
1.00E+06  0.259  0.299   0.0000E+00  0.0000E+00   0.0000E+00  0.0000E+00   2.0417E-07  4.7108E-07   5.0998E-06  5.6430E-06   
1.00E+06  0.431  0.091   0.0000E+00  0.0000E+00   0.0000E+00  0.0000E+00   8.1970E-06  2.4511E-05   1.2306E-05  1.7225E-05   
1.00E+06  0.862  0.020   0.0000E+00  0.0000E+00   0.0000E+00  0.0000E+00   4.9287E-04  2.3772E-03   2.3716E-04  7.8433E-04   
1.00E+06  2.585  0.002   0.0000E+00  0.0000E+00   0.0000E+00  0.0000E+00   2.8333E-01  3.8453E+00   7.1848E-03  2.7716E-02   
1.00E+07  0.001  1.223   0.0000E+00  0.0000E+00   0.0000E+00  0.0000E+00   0.0000E+00  0.0000E+00   8.5451E-07  4.6845E-07   
1.00E+07  0.009  1.222   0.0000E+00  0.0000E+00   0.0000E+00  0.0000E+00   4.2587E-97  9.1063E-97   8.5702E-07  4.7069E-07   
1.00E+07  0.017  1.222   0.0000E+00  0.0000E+00   0.0000E+00  0.0000E+00   1.0723E-52  2.2796E-52   8.5940E-07  4.7342E-07   
1.00E+07  0.034  1.219   0.0000E+00  0.0000E+00   0.0000E+00  0.0000E+00   3.6265E-30  7.6146E-30   8.6815E-07  4.8369E-07   
1.00E+07  0.060  1.212   0.0000E+00  0.0000E+00   0.0000E+00  0.0000E+00   3.1336E-20  6.4536E-20   8.9309E-07  5.1245E-07   
1.00E+07  0.086  1.200   0.0000E+00  0.0000E+00   0.0000E+00  0.0000E+00   4.3365E-16  8.7782E-16   9.3695E-07  5.6225E-07   
1.00E+07  0.129  1.173   0.0000E+00  0.0000E+00   0.0000E+00  0.0000E+00   1.1437E-12  2.2913E-12   1.1371E-06  7.8254E-07   
1.00E+07  0.172  1.133   0.0000E+00  0.0000E+00   0.0000E+00  0.0000E+00   8.6341E-11  1.7731E-10   1.6307E-06  1.3298E-06   
1.00E+07  0.259  1.021   0.0000E+00  0.0000E+00   0.0000E+00  0.0000E+00   1.2540E-08  2.8931E-08   3.5494E-06  3.5881E-06   
1.00E+07  0.431  0.698   0.0000E+00  0.0000E+00   0.0000E+00  0.0000E+00   2.0395E-06  6.0867E-06   1.0620E-05  1.4608E-05   
1.00E+07  0.862  0.196   0.0000E+00  0.0000E+00   0.0000E+00  0.0000E+00   4.0346E-04  1.9447E-03   2.3448E-04  7.7470E-04   
1.00E+07  2.585  0.021   0.0000E+00  0.0000E+00   0.0000E+00  0.0000E+00   2.8133E-01  3.8179E+00   7.1752E-03  2.7674E-02   
1.00E+08  0.001  2.447   0.0000E+00  0.0000E+00   0.0000E+00  0.0000E+00   0.0000E+00  0.0000E+00   0.0000E+00  0.0000E+00   
1.00E+08  0.009  2.447   0.0000E+00  0.0000E+00   0.0000E+00  0.0000E+00   8.2670E-159 1.7677E-158  1.7627E-43  3.7334E-44   
1.00E+08  0.017  2.446   0.0000E+00  0.0000E+00   0.0000E+00  0.0000E+00   1.4849E-83  3.1566E-83   3.1795E-25  6.9126E-26   
1.00E+08  0.034  2.445   0.0000E+00  0.0000E+00   0.0000E+00  0.0000E+00   1.2911E-45  2.7108E-45   4.6164E-16  1.0955E-16   
1.00E+08  0.060  2.442   0.0000E+00  0.0000E+00   0.0000E+00  0.0000E+00   4.3659E-29  8.9914E-29   4.6641E-12  1.3222E-12   
1.00E+08  0.086  2.437   0.0000E+00  0.0000E+00   0.0000E+00  0.0000E+00   2.5537E-22  5.1692E-22   2.2148E-10  7.5176E-11   
1.00E+08  0.129  2.424   0.0000E+00  0.0000E+00   0.0000E+00  0.0000E+00   7.1487E-17  1.4321E-16   5.6357E-09  2.4743E-09   
1.00E+08  0.172  2.406   0.0000E+00  0.0000E+00   0.0000E+00  0.0000E+00   5.3617E-14  1.1011E-13   3.4061E-08  1.8462E-08   
1.00E+08  0.259  2.355   0.0000E+00  0.0000E+00   0.0000E+00  0.0000E+00   7.2187E-11  1.6654E-10   2.7978E-07  2.1590E-07   
1.00E+08  0.431  2.192   0.0000E+00  0.0000E+00   0.0000E+00  0.0000E+00   6.4006E-08  1.9089E-07   3.0114E-06  4.2325E-06   
1.00E+08  0.862  1.493   0.0000E+00  0.0000E+00   0.0000E+00  0.0000E+00   9.1048E-05  4.3775E-04   2.0147E-04  6.5576E-04   
1.00E+08  2.585  0.209   0.0000E+00  0.0000E+00   0.0000E+00  0.0000E+00   2.6206E-01  3.5544E+00   7.0771E-03  2.7252E-02   
1.00E+09  0.001  5.181   0.0000E+00  0.0000E+00   0.0000E+00  0.0000E+00   0.0000E+00  0.0000E+00   0.0000E+00  0.0000E+00   
1.00E+09  0.009  5.180   0.0000E+00  0.0000E+00   0.0000E+00  0.0000E+00   1.3844E-296 2.9603E-296  2.5390E-206 1.5196E-206  
1.00E+09  0.017  5.180   0.0000E+00  0.0000E+00   0.0000E+00  0.0000E+00   1.9114E-152 4.0634E-152  8.9148E-106 5.3551E-106  
1.00E+09  0.034  5.180   0.0000E+00  0.0000E+00   0.0000E+00  0.0000E+00   4.5414E-80  9.5355E-80   1.6857E-55  1.0250E-55   
1.00E+09  0.060  5.178   0.0000E+00  0.0000E+00   0.0000E+00  0.0000E+00   8.6942E-49  1.7906E-48   6.1157E-34  3.8434E-34   
1.00E+09  0.086  5.176   0.0000E+00  0.0000E+00   0.0000E+00  0.0000E+00   4.0041E-36  8.1052E-36   2.7024E-25  1.7956E-25   
1.00E+09  0.129  5.170   0.0000E+00  0.0000E+00   0.0000E+00  0.0000E+00   4.2474E-26  8.5089E-26   1.7829E-18  1.4153E-18   
1.00E+09  0.172  5.161   0.0000E+00  0.0000E+00   0.0000E+00  0.0000E+00   6.1033E-21  1.2534E-20   6.3915E-15  6.2151E-15   
1.00E+09  0.259  5.138   0.0000E+00  0.0000E+00   0.0000E+00  0.0000E+00   1.5250E-15  3.5183E-15   3.7251E-11  4.7053E-11   
1.00E+09  0.431  5.062   0.0000E+00  0.0000E+00   0.0000E+00  0.0000E+00   8.1899E-11  2.4425E-10   7.0461E-08  1.2671E-07   
1.00E+09  0.862  4.708   0.0000E+00  0.0000E+00   0.0000E+00  0.0000E+00   2.1947E-06  1.0544E-05   6.5474E-05  1.8730E-04   
1.00E+09  2.585  1.972   0.0000E+00  0.0000E+00   0.0000E+00  0.0000E+00   1.3409E-01  1.8116E+00   5.9806E-03  2.2613E-02   
1.00E+10  0.001  11.119  0.0000E+00  0.0000E+00   0.0000E+00  0.0000E+00   0.0000E+00  0.0000E+00   0.0000E+00  0.0000E+00   
1.00E+10  0.009  11.118  0.0000E+00  0.0000E+00   0.0000E+00  0.0000E+00   0.0000E+00  0.0000E+00   0.0000E+00  0.0000E+00   
1.00E+10  0.017  11.118  0.0000E+00  0.0000E+00   0.0000E+00  0.0000E+00   4.4965E-302 9.5588E-302  7.7076E-239 6.8379E-240  
1.00E+10  0.034  11.118  0.0000E+00  0.0000E+00   0.0000E+00  0.0000E+00   6.9030E-155 1.4494E-154  1.4891E-122 2.0673E-123  
1.00E+10  0.060  11.117  0.0000E+00  0.0000E+00   0.0000E+00  0.0000E+00   1.5135E-91  3.1169E-91   2.0079E-72  4.3307E-73   
1.00E+10  0.086  11.116  0.0000E+00  0.0000E+00   0.0000E+00  0.0000E+00   4.6184E-66  9.3487E-66   3.2979E-52  9.8062E-53   
1.00E+10  0.129  11.113  0.0000E+00  0.0000E+00   0.0000E+00  0.0000E+00   4.5581E-46  9.1314E-46   2.5779E-36  1.1169E-36   
1.00E+10  0.172  11.109  0.0000E+00  0.0000E+00   0.0000E+00  0.0000E+00   6.2714E-36  1.2879E-35   2.9268E-28  1.6516E-28   
1.00E+10  0.259  11.098  0.0000E+00  0.0000E+00   0.0000E+00  0.0000E+00   1.4784E-25  3.4109E-25   4.5669E-20  3.7281E-20   
1.00E+10  0.431  11.063  0.0000E+00  0.0000E+00   0.0000E+00  0.0000E+00   7.3156E-17  2.1818E-16   2.5477E-13  3.2937E-13   
1.00E+10  0.862  10.898  0.0000E+00  0.0000E+00   0.0000E+00  0.0000E+00   1.6654E-09  8.0008E-09   4.9283E-08  1.1434E-07   
1.00E+10  2.585  9.163   0.0000E+00  0.0000E+00   0.0000E+00  0.0000E+00   8.4162E-03  1.1322E-01   3.8908E-04  1.5815E-03   
1.00E+11  0.001  23.934  0.0000E+00  0.0000E+00   0.0000E+00  0.0000E+00   0.0000E+00  0.0000E+00   0.0000E+00  0.0000E+00   
1.00E+11  0.009  23.934  0.0000E+00  0.0000E+00   0.0000E+00  0.0000E+00   0.0000E+00  0.0000E+00   0.0000E+00  0.0000E+00   
1.00E+11  0.017  23.933  0.0000E+00  0.0000E+00   0.0000E+00  0.0000E+00   0.0000E+00  0.0000E+00   0.0000E+00  0.0000E+00   
1.00E+11  0.034  23.934  0.0000E+00  0.0000E+00   0.0000E+00  0.0000E+00   2.4358E-317 5.2172E-317  0.0000E+00  0.0000E+00   
1.00E+11  0.060  23.933  0.0000E+00  0.0000E+00   0.0000E+00  0.0000E+00   8.1050E-184 1.6692E-183  0.0000E+00  0.0000E+00   
1.00E+11  0.086  23.933  0.0000E+00  0.0000E+00   0.0000E+00  0.0000E+00   1.1793E-130 2.3871E-130  0.0000E+00  0.0000E+00   
1.00E+11  0.129  23.931  0.0000E+00  0.0000E+00   0.0000E+00  0.0000E+00   3.9076E-89  7.8283E-89   0.0000E+00  0.0000E+00   
1.00E+11  0.172  23.930  0.0000E+00  0.0000E+00   0.0000E+00  0.0000E+00   3.1046E-68  6.3757E-68   0.0000E+00  0.0000E+00   
1.00E+11  0.259  23.924  0.0000E+00  0.0000E+00   0.0000E+00  0.0000E+00   4.1976E-47  9.6842E-47   0.0000E+00  0.0000E+00   
1.00E+11  0.431  23.908  0.0000E+00  0.0000E+00   0.0000E+00  0.0000E+00   8.2635E-30  2.4645E-29   0.0000E+00  0.0000E+00   
1.00E+11  0.862  23.832  0.0000E+00  0.0000E+00   0.0000E+00  0.0000E+00   5.0518E-16  2.4269E-15   0.0000E+00  0.0000E+00   
1.00E+11  2.585  23.015  0.0000E+00  0.0000E+00   0.0000E+00  0.0000E+00   3.9662E-05  5.3337E-04   0.0000E+00  0.0000E+00   
