1.00E+04  0.001  0.523   0.0000E+00  0.0000E+00   0.0000E+00  0.0000E+00   0.0000E+00  0.0000E+00   2.2621E-06  2.0098E-06   
1.00E+04  0.009  0.516   0.0000E+00  0.0000E+00   0.0000E+00  0.0000E+00   2.0131E-61  3.9829E-61   2.2649E-06  2.0138E-06   
1.00E+04  0.017  0.498   9.5980E-210 4.9954E-211  3.0960E-240 1.9931E-241  2.2033E-34  4.3455E-34   2.2665E-06  2.0161E-06   
1.00E+04  0.034  0.444   1.2802E-108 1.3414E-109  4.0430E-125 3.4460E-126  2.5251E-20  4.9467E-20   2.2680E-06  2.0183E-06   
1.00E+04  0.060  0.337   4.0281E-65  7.4590E-66   2.0639E-75  3.3079E-76   7.5101E-14  1.4565E-13   2.2694E-06  2.0202E-06   
1.00E+04  0.086  0.209   1.2101E-47  3.2325E-48   2.9733E-55  6.5408E-56   5.1544E-11  9.9209E-11   2.2810E-06  2.0352E-06   
1.00E+04  0.129  0.047   1.0652E-33  4.3364E-34   2.0557E-39  5.6518E-40   8.1462E-09  1.5752E-08   2.4535E-06  2.2571E-06   
1.00E+04  0.172  0.014   2.7806E-26  1.5328E-26   1.9435E-31  5.9472E-32   6.5877E-08  1.3202E-07   3.0064E-06  2.9677E-06   
1.00E+04  0.259  0.004   1.3334E-18  1.1360E-18   1.9441E-23  6.5646E-24   7.1217E-07  1.6229E-06   5.2035E-06  5.8280E-06   
1.00E+04  0.431  0.001   3.7272E-12  5.5815E-12   4.5620E-17  1.6479E-17   1.0896E-05  3.2476E-05   1.2431E-05  1.7455E-05   
1.00E+04  0.862  0.000   8.9872E-07  2.9289E-06   1.8806E-12  7.1096E-13   5.1816E-04  2.5023E-03   2.4043E-04  7.9823E-04   
1.00E+04  2.585  0.000   4.9094E-02  5.2620E-01   3.9343E-10  1.5369E-10   2.8404E-01  3.8560E+00   7.2798E-03  2.8171E-02   
1.00E+05  0.001  0.565   0.0000E+00  0.0000E+00   0.0000E+00  0.0000E+00   0.0000E+00  0.0000E+00   2.2182E-06  1.9491E-06   
1.00E+05  0.009  0.563   0.0000E+00  0.0000E+00   0.0000E+00  0.0000E+00   8.8471E-64  1.7504E-63   2.2199E-06  1.9515E-06   
1.00E+05  0.017  0.558   3.0833E-208 1.6047E-209  3.0960E-240 1.9931E-241  6.8584E-36  1.3526E-35   2.2226E-06  1.9555E-06   
1.00E+05  0.034  0.537   1.8966E-107 1.9873E-108  4.0430E-125 3.4460E-126  1.7043E-21  3.3388E-21   2.2288E-06  1.9645E-06   
1.00E+05  0.060  0.485   4.6922E-64  8.6889E-65   2.0639E-75  3.3079E-76   6.4468E-15  1.2503E-14   2.2363E-06  1.9755E-06   
1.00E+05  0.086  0.413   1.3006E-46  3.4740E-47   2.9734E-55  6.5412E-56   4.7961E-12  9.2311E-12   2.2522E-06  1.9970E-06   
1.00E+05  0.129  0.265   5.7670E-33  2.3476E-33   2.0630E-39  5.6731E-40   1.5077E-09  2.9153E-09   2.4314E-06  2.2280E-06   
1.00E+05  0.172  0.128   5.4020E-26  2.9779E-26   1.9601E-31  6.0015E-32   3.4035E-08  6.8207E-08   2.9909E-06  2.9470E-06   
1.00E+05  0.259  0.035   1.5082E-18  1.2849E-18   1.9574E-23  6.6124E-24   6.3086E-07  1.4375E-06   5.1914E-06  5.8106E-06   
1.00E+05  0.431  0.009   3.7994E-12  5.6895E-12   4.5750E-17  1.6528E-17   1.0694E-05  3.1873E-05   1.2419E-05  1.7436E-05   
1.00E+05  0.862  0.002   9.0057E-07  2.9350E-06   1.8818E-12  7.1140E-13   5.1712E-04  2.4972E-03   2.4041E-04  7.9814E-04   
1.00E+05  2.585  0.000   4.9097E-02  5.2624E-01   3.9344E-10  1.5369E-10   2.8402E-01  3.8557E+00   7.2797E-03  2.8171E-02   
1.00E+06  0.001  0.726   0.0000E+00  0.0000E+00   0.0000E+00  0.0000E+00   0.0000E+00  0.0000E+00   1.9642E-06  1.6154E-06   
1.00E+06  0.009  0.725   0.0000E+00  0.0000E+00   0.0000E+00  0.0000E+00   5.8814E-72  1.1636E-71   1.9666E-06  1.6185E-06   
1.00E+06  0.017  0.724   4.7042E-204 2.4483E-205  3.0960E-240 1.9931E-241  4.4949E-40  8.8649E-40   1.9675E-06  1.6202E-06   
1.00E+06  0.034  0.718   3.5611E-105 3.7311E-106  4.0430E-125 3.4460E-126  9.0752E-24  1.7778E-23   1.9739E-06  1.6304E-06   
1.00E+06  0.060  0.700   1.6637E-62  3.0806E-63   2.0639E-75  3.3079E-76   1.8176E-16  3.5250E-16   1.9898E-06  1.6553E-06   
1.00E+06  0.086  0.672   2.6155E-45  6.9864E-46   2.9735E-55  6.5412E-56   2.3840E-13  4.5885E-13   2.0196E-06  1.6985E-06   
1.00E+06  0.129  0.604   7.9056E-32  3.2182E-32   2.0646E-39  5.6776E-40   1.0999E-10  2.1269E-10   2.2196E-06  1.9581E-06   
1.00E+06  0.172  0.512   5.0031E-25  2.7580E-25   1.9762E-31  6.0541E-32   3.6869E-09  7.3887E-09   2.7918E-06  2.6859E-06   
1.00E+06  0.259  0.299   4.1765E-18  3.5584E-18   2.0253E-23  6.8576E-24   2.3002E-07  5.2391E-07   5.0237E-06  5.5711E-06   
1.00E+06  0.431  0.091   4.5967E-12  6.8837E-12   4.6950E-17  1.6984E-17   8.8777E-06  2.6443E-05   1.2290E-05  1.7231E-05   
1.00E+06  0.862  0.020   9.1925E-07  2.9959E-06   1.8929E-12  7.1572E-13   5.0683E-04  2.4474E-03   2.4016E-04  7.9724E-04   
1.00E+06  2.585  0.002   4.9133E-02  5.2662E-01   3.9356E-10  1.5374E-10   2.8382E-01  3.8530E+00   7.2787E-03  2.8166E-02   
1.00E+07  0.001  1.223   0.0000E+00  0.0000E+00   0.0000E+00  0.0000E+00   0.0000E+00  0.0000E+00   8.1578E-07  4.4722E-07   
1.00E+07  0.009  1.222   0.0000E+00  0.0000E+00   0.0000E+00  0.0000E+00   5.1518E-97  1.0193E-96   8.1817E-07  4.4935E-07   
1.00E+07  0.017  1.222   1.6280E-191 8.4740E-193  3.0960E-240 1.9931E-241  1.2962E-52  2.5565E-52   8.2044E-07  4.5196E-07   
1.00E+07  0.034  1.219   7.3734E-99  7.7261E-100  4.0430E-125 3.4460E-126  4.3750E-30  8.5708E-30   8.2879E-07  4.6176E-07   
1.00E+07  0.060  1.212   8.0167E-59  1.4845E-59   2.0639E-75  3.3079E-76   3.7647E-20  7.3011E-20   8.5261E-07  4.8923E-07   
1.00E+07  0.086  1.200   1.2007E-42  3.2071E-43   2.9735E-55  6.5412E-56   5.1821E-16  9.9741E-16   8.9484E-07  5.3713E-07   
1.00E+07  0.129  1.173   6.4246E-30  2.6154E-30   2.0647E-39  5.6779E-40   1.3502E-12  2.6109E-12   1.0916E-06  7.5329E-07   
1.00E+07  0.172  1.133   1.8343E-23  1.0113E-23   1.9781E-31  6.0603E-32   1.0034E-10  2.0109E-10   1.5819E-06  1.2961E-06   
1.00E+07  0.259  1.021   6.8185E-17  5.8106E-17   2.0637E-23  6.9965E-24   1.4130E-08  3.2174E-08   3.4987E-06  3.5496E-06   
1.00E+07  0.431  0.698   1.8751E-11  2.8090E-11   5.1892E-17  1.8871E-17   2.2094E-06  6.5658E-06   1.0609E-05  1.4619E-05   
1.00E+07  0.862  0.196   1.1273E-06  3.6746E-06   1.9984E-12  7.5669E-13   4.1491E-04  2.0021E-03   2.3746E-04  7.8751E-04   
1.00E+07  2.585  0.021   4.9490E-02  5.3045E-01   3.9478E-10  1.5422E-10   2.8181E-01  3.8255E+00   7.2690E-03  2.8124E-02   
1.00E+08  0.001  2.447   0.0000E+00  0.0000E+00   0.0000E+00  0.0000E+00   0.0000E+00  0.0000E+00   0.0000E+00  0.0000E+00   
1.00E+08  0.009  2.447   3.0348E-314 7.6951E-316  0.0000E+00  0.0000E+00   1.0001E-158 1.9786E-158  1.7627E-43  3.7334E-44   
1.00E+08  0.017  2.446   1.1042E-160 5.7424E-162  3.0960E-240 1.9931E-241  1.7949E-83  3.5400E-83   3.1795E-25  6.9126E-26   
1.00E+08  0.034  2.445   1.9365E-83  2.0258E-84   4.0430E-125 3.4460E-126  1.5575E-45  3.0512E-45   4.6164E-16  1.0955E-16   
1.00E+08  0.060  2.442   5.3665E-50  9.9313E-51   2.0639E-75  3.3079E-76   5.2452E-29  1.0172E-28   4.6641E-12  1.3222E-12   
1.00E+08  0.086  2.437   1.9052E-36  5.1011E-37   2.9735E-55  6.5412E-56   3.0516E-22  5.8734E-22   2.2148E-10  7.5176E-11   
1.00E+08  0.129  2.424   9.6788E-26  3.9654E-26   2.0647E-39  5.6779E-40   8.4392E-17  1.6319E-16   5.6357E-09  2.4743E-09   
1.00E+08  0.172  2.406   2.8038E-20  1.5582E-20   1.9781E-31  6.0605E-32   6.2313E-14  1.2488E-13   3.4063E-08  1.8463E-08   
1.00E+08  0.259  2.355   1.1382E-14  9.7760E-15   2.0663E-23  7.0057E-24   8.1337E-11  1.8521E-10   2.8024E-07  2.1623E-07   
1.00E+08  0.431  2.192   5.8469E-10  8.8107E-10   5.3686E-17  1.9560E-17   6.9344E-08  2.0591E-07   3.0230E-06  4.2511E-06   
1.00E+08  0.862  1.493   5.0325E-06  1.6456E-05   2.4728E-12  9.4226E-13   9.3649E-05  4.5068E-04   2.0426E-04  6.6730E-04   
1.00E+08  2.585  0.209   5.3198E-02  5.7032E-01   4.0684E-10  1.5897E-10   2.6252E-01  3.5615E+00   7.1700E-03  2.7697E-02   
1.00E+09  0.001  5.181   0.0000E+00  0.0000E+00   0.0000E+00  0.0000E+00   0.0000E+00  0.0000E+00   0.0000E+00  0.0000E+00   
1.00E+09  0.009  5.180   1.6538E-176 4.2862E-178  0.0000E+00  0.0000E+00   1.6748E-296 3.3135E-296  2.5415E-206 1.5212E-206  
1.00E+09  0.017  5.180   7.5398E-92  3.9175E-93   3.0960E-240 1.9931E-241  2.3106E-152 4.5570E-152  8.9237E-106 5.3604E-106  
1.00E+09  0.034  5.180   4.7759E-49  4.9862E-50   4.0430E-125 3.4460E-126  5.4787E-80  1.0733E-79   1.6874E-55  1.0260E-55   
1.00E+09  0.060  5.178   2.3136E-30  4.2589E-31   2.0639E-75  3.3079E-76   1.0445E-48  2.0257E-48   6.1218E-34  3.8472E-34   
1.00E+09  0.086  5.176   1.0325E-22  2.7388E-23   2.9735E-55  6.5412E-56   4.7848E-36  9.2094E-36   2.7051E-25  1.7973E-25   
1.00E+09  0.129  5.170   1.3607E-16  5.4914E-17   2.0647E-39  5.6779E-40   5.0141E-26  9.6957E-26   1.7845E-18  1.4164E-18   
1.00E+09  0.172  5.161   2.0237E-13  1.1023E-13   1.9781E-31  6.0605E-32   7.0931E-21  1.4215E-20   6.3960E-15  6.2189E-15   
1.00E+09  0.259  5.138   4.3037E-10  3.6143E-10   2.0663E-23  7.0057E-24   1.7183E-15  3.9126E-15   3.7304E-11  4.7135E-11   
1.00E+09  0.431  5.062   3.6264E-07  5.4797E-07   5.3746E-17  1.9583E-17   8.8728E-11  2.6347E-10   7.1123E-08  1.2828E-07   
1.00E+09  0.862  4.708   1.8652E-04  6.2734E-04   2.6490E-12  1.0117E-12   2.2575E-06  1.0855E-05   6.6850E-05  1.9184E-04   
1.00E+09  2.585  1.972   1.0464E-01  1.1248E+00   5.0887E-10  1.9922E-10   1.3433E-01  1.8152E+00   6.0623E-03  2.2993E-02   
1.00E+10  0.001  11.119  1.9581E-02  3.7275E-02   0.0000E+00  0.0000E+00   0.0000E+00  0.0000E+00   0.0000E+00  0.0000E+00   
1.00E+10  0.009  11.118  1.9573E-02  3.7257E-02   0.0000E+00  0.0000E+00   0.0000E+00  0.0000E+00   0.0000E+00  0.0000E+00   
1.00E+10  0.017  11.118  1.9572E-02  3.7263E-02   3.0960E-240 1.9931E-241  5.4354E-302 1.0720E-301  7.7075E-239 6.8378E-240  
1.00E+10  0.034  11.118  1.9622E-02  3.7407E-02   4.0430E-125 3.4460E-126  8.3277E-155 1.6314E-154  1.4890E-122 2.0671E-123  
1.00E+10  0.060  11.117  1.9735E-02  3.7747E-02   2.0639E-75  3.3079E-76   1.8183E-91  3.5263E-91   2.0077E-72  4.3302E-73   
1.00E+10  0.086  11.116  1.9912E-02  3.8281E-02   2.9735E-55  6.5412E-56   5.5189E-66  1.0622E-65   3.2973E-52  9.8041E-53   
1.00E+10  0.129  11.113  2.0362E-02  3.9630E-02   2.0647E-39  5.6779E-40   5.3809E-46  1.0405E-45   2.5772E-36  1.1165E-36   
1.00E+10  0.172  11.109  2.1032E-02  4.1625E-02   1.9781E-31  6.0605E-32   7.2885E-36  1.4606E-35   2.9259E-28  1.6510E-28   
1.00E+10  0.259  11.098  2.3140E-02  4.8067E-02   2.0663E-23  7.0057E-24   1.6658E-25  3.7932E-25   4.5652E-20  3.7268E-20   
1.00E+10  0.431  11.063  3.1625E-02  7.7300E-02   5.3746E-17  1.9583E-17   7.9257E-17  2.3535E-16   2.5472E-13  3.2931E-13   
1.00E+10  0.862  10.898  9.3300E-02  3.6857E-01   2.6536E-12  1.0136E-12   1.7131E-09  8.2373E-09   4.9279E-08  1.1433E-07   
1.00E+10  2.585  9.163   1.5259E+00  1.7113E+01   6.7020E-10  2.6319E-10   8.4308E-03  1.1344E-01   3.9703E-04  1.6166E-03   
1.00E+11  0.001  23.934  7.7181E+01  7.7943E+02   0.0000E+00  0.0000E+00   0.0000E+00  0.0000E+00   0.0000E+00  0.0000E+00   
1.00E+11  0.009  23.934  7.7168E+01  7.7926E+02   0.0000E+00  0.0000E+00   0.0000E+00  0.0000E+00   0.0000E+00  0.0000E+00   
1.00E+11  0.017  23.933  7.7160E+01  7.7917E+02   3.0960E-240 1.9931E-241  0.0000E+00  0.0000E+00   0.0000E+00  0.0000E+00   
1.00E+11  0.034  23.934  7.7174E+01  7.7937E+02   4.0430E-125 3.4460E-126  2.9472E-317 5.8363E-317  0.0000E+00  0.0000E+00   
1.00E+11  0.060  23.933  7.7188E+01  7.7965E+02   2.0639E-75  3.3079E-76   9.7374E-184 1.8884E-183  0.0000E+00  0.0000E+00   
1.00E+11  0.086  23.933  7.7211E+01  7.8009E+02   2.9735E-55  6.5412E-56   1.4092E-130 2.7123E-130  0.0000E+00  0.0000E+00   
1.00E+11  0.129  23.931  7.7249E+01  7.8105E+02   2.0647E-39  5.6779E-40   4.6130E-89  8.9201E-89   0.0000E+00  0.0000E+00   
1.00E+11  0.172  23.930  7.7262E+01  7.8211E+02   1.9781E-31  6.0605E-32   3.6082E-68  7.2309E-68   0.0000E+00  0.0000E+00   
1.00E+11  0.259  23.924  7.7201E+01  7.8451E+02   2.0663E-23  7.0057E-24   4.7297E-47  1.0770E-46   0.0000E+00  0.0000E+00   
1.00E+11  0.431  23.908  7.6966E+01  7.9228E+02   5.3746E-17  1.9583E-17   8.9526E-30  2.6584E-29   0.0000E+00  0.0000E+00   
1.00E+11  0.862  23.832  7.6924E+01  8.3782E+02   2.6536E-12  1.0136E-12   5.1964E-16  2.4986E-15   0.0000E+00  0.0000E+00   
1.00E+11  2.585  23.015  9.3185E+01  1.4857E+03   6.8448E-10  2.6887E-10   3.9731E-05  5.3445E-04   0.0000E+00  0.0000E+00   
