1.00E+04  0.001  0.523   0.0000E+00  0.0000E+00   0.0000E+00  0.0000E+00   0.0000E+00  0.0000E+00   4.2017E-12  6.3712E-13   
1.00E+04  0.009  0.516   0.0000E+00  0.0000E+00   0.0000E+00  0.0000E+00   1.8976E-62  2.9955E-63   4.3382E-12  6.6914E-13   
1.00E+04  0.017  0.498   0.0000E+00  0.0000E+00   0.0000E+00  0.0000E+00   2.5280E-35  4.5394E-36   4.4265E-12  6.9021E-13   
1.00E+04  0.034  0.444   4.5132E-171 4.7078E-172  0.0000E+00  0.0000E+00   4.0518E-21  9.3245E-22   4.5139E-12  7.1067E-13   
1.00E+04  0.060  0.337   1.9198E-100 3.5275E-101  0.0000E+00  0.0000E+00   1.8111E-14  5.7975E-15   4.5778E-12  7.2454E-13   
1.00E+04  0.086  0.209   4.0880E-72  1.0801E-72   0.0000E+00  0.0000E+00   1.7146E-11  7.2226E-12   4.6127E-12  7.3363E-13   
1.00E+04  0.129  0.047   9.9927E-50  4.0044E-50   0.0000E+00  0.0000E+00   4.0145E-09  2.4264E-09   1.0580E-11  7.6972E-12   
1.00E+04  0.172  0.014   4.4810E-38  2.4221E-38   0.0000E+00  0.0000E+00   4.2154E-08  3.3666E-08   3.2064E-10  3.6899E-10   
1.00E+04  0.259  0.004   4.0129E-26  3.3330E-26   0.0000E+00  0.0000E+00   6.1584E-07  7.4451E-07   1.7033E-08  2.0301E-08   
1.00E+04  0.431  0.001   3.3223E-16  4.8129E-16   0.0000E+00  0.0000E+00   1.2939E-05  2.7219E-05   1.0416E-06  2.1236E-06   
1.00E+04  0.862  0.000   2.8520E-08  8.9385E-08   0.0000E+00  0.0000E+00   8.8358E-04  4.1097E-03   4.7560E-04  1.7152E-03   
1.00E+04  2.585  0.000   2.5583E-02  2.6867E-01   0.0000E+00  0.0000E+00   4.2194E-01  6.4715E+00   4.0679E-02  1.8123E-01   
1.00E+05  0.001  0.565   0.0000E+00  0.0000E+00   0.0000E+00  0.0000E+00   0.0000E+00  0.0000E+00   2.6458E-12  3.3170E-13   
1.00E+05  0.009  0.563   0.0000E+00  0.0000E+00   0.0000E+00  0.0000E+00   8.3395E-65  1.3165E-65   2.7366E-12  3.5185E-13   
1.00E+05  0.017  0.558   0.0000E+00  0.0000E+00   0.0000E+00  0.0000E+00   7.8690E-37  1.4130E-37   2.9177E-12  3.9389E-13   
1.00E+05  0.034  0.537   6.6866E-170 6.9749E-171  0.0000E+00  0.0000E+00   2.7348E-22  6.2936E-23   3.3247E-12  4.8428E-13   
1.00E+05  0.060  0.485   2.2364E-99  4.1093E-100  0.0000E+00  0.0000E+00   1.5546E-15  4.9766E-16   3.7679E-12  5.7622E-13   
1.00E+05  0.086  0.413   4.3937E-71  1.1609E-71   0.0000E+00  0.0000E+00   1.5953E-12  6.7202E-13   4.0419E-12  6.3179E-13   
1.00E+05  0.129  0.265   5.4100E-49  2.1680E-49   0.0000E+00  0.0000E+00   7.4228E-10  4.4843E-10   1.0226E-11  7.5845E-12   
1.00E+05  0.172  0.128   8.7056E-38  4.7056E-38   0.0000E+00  0.0000E+00   2.1738E-08  1.7346E-08   3.1918E-10  3.6706E-10   
1.00E+05  0.259  0.035   4.5391E-26  3.7700E-26   0.0000E+00  0.0000E+00   5.4500E-07  6.5855E-07   1.6995E-08  2.0246E-08   
1.00E+05  0.431  0.009   3.3866E-16  4.9061E-16   0.0000E+00  0.0000E+00   1.2697E-05  2.6706E-05   1.0409E-06  2.1223E-06   
1.00E+05  0.862  0.002   2.8579E-08  8.9569E-08   0.0000E+00  0.0000E+00   8.8181E-04  4.1014E-03   4.7556E-04  1.7150E-03   
1.00E+05  2.585  0.000   2.5585E-02  2.6869E-01   0.0000E+00  0.0000E+00   4.2191E-01  6.4710E+00   4.0679E-02  1.8123E-01   
1.00E+06  0.001  0.726   0.0000E+00  0.0000E+00   0.0000E+00  0.0000E+00   0.0000E+00  0.0000E+00   2.1042E-15  2.2141E-17   
1.00E+06  0.009  0.725   0.0000E+00  0.0000E+00   0.0000E+00  0.0000E+00   5.5440E-73  8.7518E-74   1.1395E-14  3.3630E-16   
1.00E+06  0.017  0.724   0.0000E+00  0.0000E+00   0.0000E+00  0.0000E+00   5.1572E-41  9.2604E-42   4.3261E-14  2.3158E-15   
1.00E+06  0.034  0.718   1.2555E-167 1.3097E-168  0.0000E+00  0.0000E+00   1.4562E-24  3.3512E-25   2.1158E-13  1.9770E-14   
1.00E+06  0.060  0.700   7.9310E-98  1.4573E-98   0.0000E+00  0.0000E+00   4.3832E-17  1.4031E-17   6.9068E-13  8.6439E-14   
1.00E+06  0.086  0.672   8.8382E-70  2.3353E-70   0.0000E+00  0.0000E+00   7.9300E-14  3.3404E-14   1.2697E-12  1.7878E-13   
1.00E+06  0.129  0.604   7.4181E-48  2.9727E-48   0.0000E+00  0.0000E+00   5.4142E-11  3.2706E-11   7.7034E-12  6.6805E-12   
1.00E+06  0.172  0.512   8.0646E-37  4.3592E-37   0.0000E+00  0.0000E+00   2.3506E-09  1.8741E-09   3.0084E-10  3.4253E-10   
1.00E+06  0.259  0.299   1.2572E-25  1.0442E-25   0.0000E+00  0.0000E+00   1.9775E-07  2.3838E-07   1.6469E-08  1.9496E-08   
1.00E+06  0.431  0.091   4.0978E-16  5.9364E-16   0.0000E+00  0.0000E+00   1.0521E-05  2.2105E-05   1.0337E-06  2.1084E-06   
1.00E+06  0.862  0.020   2.9173E-08  9.1430E-08   0.0000E+00  0.0000E+00   8.6423E-04  4.0193E-03   4.7516E-04  1.7133E-03   
1.00E+06  2.585  0.002   2.5603E-02  2.6888E-01   0.0000E+00  0.0000E+00   4.2162E-01  6.4664E+00   4.0674E-02  1.8121E-01   
1.00E+07  0.001  1.223   0.0000E+00  0.0000E+00   0.0000E+00  0.0000E+00   0.0000E+00  0.0000E+00   0.0000E+00  0.0000E+00   
1.00E+07  0.009  1.222   0.0000E+00  0.0000E+00   0.0000E+00  0.0000E+00   4.8562E-98  7.6660E-99   8.9578E-109 8.7773E-109  
1.00E+07  0.017  1.222   1.2933E-317 6.7316E-319  0.0000E+00  0.0000E+00   1.4872E-53  2.6705E-54   4.8528E-57  4.7575E-57   
1.00E+07  0.034  1.219   2.6018E-161 2.7141E-162  0.0000E+00  0.0000E+00   7.0202E-31  1.6156E-31   3.5835E-31  3.5200E-31   
1.00E+07  0.060  1.212   3.8251E-94  7.0284E-95   0.0000E+00  0.0000E+00   9.0786E-21  2.9062E-21   4.4127E-20  4.3584E-20   
1.00E+07  0.086  1.200   4.0614E-67  1.0732E-67   0.0000E+00  0.0000E+00   1.7237E-16  7.2610E-17   1.2185E-15  1.2132E-15   
1.00E+07  0.129  1.173   6.0370E-46  2.4197E-46   0.0000E+00  0.0000E+00   6.6462E-13  4.0147E-13   3.5453E-12  3.5921E-12   
1.00E+07  0.172  1.133   2.9619E-35  1.6013E-35   0.0000E+00  0.0000E+00   6.3961E-11  5.0990E-11   1.9581E-10  2.0247E-10   
1.00E+07  0.259  1.021   2.0565E-24  1.7085E-24   0.0000E+00  0.0000E+00   1.2114E-08  1.4584E-08   1.1804E-08  1.3085E-08   
1.00E+07  0.431  0.698   1.6741E-15  2.4257E-15   0.0000E+00  0.0000E+00   2.5998E-06  5.4393E-06   9.3975E-07  1.9261E-06   
1.00E+07  0.862  0.196   3.5788E-08  1.1217E-07   0.0000E+00  0.0000E+00   7.0723E-04  3.2866E-03   4.7076E-04  1.6949E-03   
1.00E+07  2.585  0.021   2.5789E-02  2.7084E-01   0.0000E+00  0.0000E+00   4.1866E-01  6.4207E+00   4.0628E-02  1.8097E-01   
1.00E+08  0.001  2.447   0.0000E+00  0.0000E+00   0.0000E+00  0.0000E+00   0.0000E+00  0.0000E+00   0.0000E+00  0.0000E+00   
1.00E+08  0.009  2.447   0.0000E+00  0.0000E+00   0.0000E+00  0.0000E+00   9.4269E-160 1.4881E-160  1.4586E-110 3.3794E-111  
1.00E+08  0.017  2.446   1.9620E-286 1.0189E-287  0.0000E+00  0.0000E+00   2.0594E-84  3.6979E-85   8.1027E-59  1.9169E-59   
1.00E+08  0.034  2.445   7.1308E-146 7.4373E-147  0.0000E+00  0.0000E+00   2.4992E-46  5.7514E-47   6.4964E-33  1.6508E-33   
1.00E+08  0.060  2.442   2.6795E-85  4.9294E-86   0.0000E+00  0.0000E+00   1.2649E-29  4.0491E-30   9.7327E-22  2.8818E-22   
1.00E+08  0.086  2.437   6.7478E-61  1.7871E-61   0.0000E+00  0.0000E+00   1.0151E-22  4.2758E-23   3.3942E-17  1.1833E-17   
1.00E+08  0.129  2.424   9.4810E-42  3.8096E-42   0.0000E+00  0.0000E+00   4.1540E-17  2.5093E-17   1.4607E-13  6.4880E-14   
1.00E+08  0.172  2.406   4.6903E-32  2.5425E-32   0.0000E+00  0.0000E+00   3.9719E-14  3.1664E-14   1.1490E-11  6.2391E-12   
1.00E+08  0.259  2.355   3.5237E-22  2.9369E-22   0.0000E+00  0.0000E+00   6.9723E-11  8.3930E-11   1.3793E-09  1.2300E-09   
1.00E+08  0.431  2.192   5.3140E-14  7.7255E-14   0.0000E+00  0.0000E+00   8.1398E-08  1.7006E-07   4.7046E-07  9.9330E-07   
1.00E+08  0.862  1.493   1.6064E-07  5.0434E-07   0.0000E+00  0.0000E+00   1.5939E-04  7.3859E-04   4.1460E-04  1.4631E-03   
1.00E+08  2.585  0.209   2.7725E-02  2.9121E-01   0.0000E+00  0.0000E+00   3.9024E-01  5.9809E+00   4.0156E-02  1.7856E-01   
1.00E+09  0.001  5.181   0.0000E+00  0.0000E+00   0.0000E+00  0.0000E+00   0.0000E+00  0.0000E+00   0.0000E+00  0.0000E+00   
1.00E+09  0.009  5.180   0.0000E+00  0.0000E+00   0.0000E+00  0.0000E+00   1.5787E-297 2.4921E-298  5.1314E-257 2.0976E-257  
1.00E+09  0.017  5.180   1.3618E-217 7.0700E-219  0.0000E+00  0.0000E+00   2.6510E-153 4.7603E-154  2.8608E-131 1.1783E-131  
1.00E+09  0.034  5.180   1.8171E-111 1.8950E-112  0.0000E+00  0.0000E+00   8.7913E-81  2.0231E-81   2.1819E-68  9.2272E-69   
1.00E+09  0.060  5.178   1.2073E-65  2.2190E-66   0.0000E+00  0.0000E+00   2.5189E-49  8.0633E-50   2.1318E-41  9.8168E-42   
1.00E+09  0.086  5.176   3.8508E-47  1.0174E-47   0.0000E+00  0.0000E+00   1.5916E-36  6.7044E-37   1.7807E-30  9.8748E-31   
1.00E+09  0.129  5.170   1.4129E-32  5.6605E-33   0.0000E+00  0.0000E+00   2.4681E-26  1.4909E-26   1.1453E-21  8.6855E-22   
1.00E+09  0.172  5.161   3.5930E-25  1.9429E-25   0.0000E+00  0.0000E+00   4.5213E-21  3.6043E-21   4.5003E-17  4.0834E-17   
1.00E+09  0.259  5.138   1.4138E-17  1.1822E-17   0.0000E+00  0.0000E+00   1.4730E-15  1.7731E-15   2.5423E-12  2.8932E-12   
1.00E+09  0.431  5.062   3.5261E-11  5.2464E-11   0.0000E+00  0.0000E+00   1.0414E-10  2.1757E-10   3.0089E-08  5.2721E-08   
1.00E+09  0.862  4.708   6.2266E-06  2.0039E-05   0.0000E+00  0.0000E+00   3.8403E-06  1.7781E-05   1.5382E-04  4.8124E-04   
1.00E+09  2.585  1.972   5.4607E-02  5.7477E-01   0.0000E+00  0.0000E+00   2.0059E-01  3.0598E+00   3.4777E-02  1.5151E-01   
1.00E+10  0.001  11.119  0.0000E+00  0.0000E+00   0.0000E+00  0.0000E+00   0.0000E+00  0.0000E+00   0.0000E+00  0.0000E+00   
1.00E+10  0.009  11.118  8.2266E-130 2.1295E-131  0.0000E+00  0.0000E+00   0.0000E+00  0.0000E+00   0.0000E+00  0.0000E+00   
1.00E+10  0.017  11.118  3.8276E-68  1.9841E-69   0.0000E+00  0.0000E+00   6.2363E-303 1.1198E-303  4.6109E-275 1.1355E-275  
1.00E+10  0.034  11.118  7.6307E-37  7.9311E-38   0.0000E+00  0.0000E+00   1.3363E-155 3.0752E-156  6.3543E-140 1.6674E-140  
1.00E+10  0.060  11.117  4.3284E-23  7.9027E-24   0.0000E+00  0.0000E+00   4.3847E-92  1.4036E-92   7.0150E-82  2.1607E-82   
1.00E+10  0.086  11.116  2.0519E-17  5.3719E-18   0.0000E+00  0.0000E+00   1.8358E-66  7.7330E-67   1.4921E-58  5.5745E-59   
1.00E+10  0.129  11.113  7.8660E-13  3.1092E-13   0.0000E+00  0.0000E+00   2.6486E-46  1.5999E-46   3.0226E-40  1.5317E-40   
1.00E+10  0.172  11.109  2.0067E-10  1.0672E-10   0.0000E+00  0.0000E+00   4.6458E-36  3.7036E-36   9.9039E-31  5.9001E-31   
1.00E+10  0.259  11.098  7.6361E-08  6.2911E-08   0.0000E+00  0.0000E+00   1.4280E-25  1.7190E-25   2.5432E-21  2.2070E-21   
1.00E+10  0.431  11.063  1.8458E-05  2.7278E-05   0.0000E+00  0.0000E+00   9.3027E-17  1.9435E-16   1.5335E-13  2.1048E-13   
1.00E+10  0.862  10.898  4.2232E-03  1.4475E-02   0.0000E+00  0.0000E+00   2.9142E-09  1.3492E-08   2.4222E-07  5.7830E-07   
1.00E+10  2.585  9.163   8.1262E-01  8.8542E+00   0.0000E+00  0.0000E+00   1.2654E-02  1.9202E-01   5.6258E-03  2.3271E-02   
1.00E+11  0.001  23.934  1.9624E+01  1.5984E+02   0.0000E+00  0.0000E+00   0.0000E+00  0.0000E+00   0.0000E+00  0.0000E+00   
1.00E+11  0.009  23.934  1.9621E+01  1.5981E+02   0.0000E+00  0.0000E+00   0.0000E+00  0.0000E+00   0.0000E+00  0.0000E+00   
1.00E+11  0.017  23.933  1.9619E+01  1.5979E+02   0.0000E+00  0.0000E+00   0.0000E+00  0.0000E+00   0.0000E+00  0.0000E+00   
1.00E+11  0.034  23.934  1.9623E+01  1.5984E+02   0.0000E+00  0.0000E+00   2.6056E-318 3.9410E-319  0.0000E+00  0.0000E+00   
1.00E+11  0.060  23.933  1.9628E+01  1.5992E+02   0.0000E+00  0.0000E+00   2.3482E-184 7.5168E-185  0.0000E+00  0.0000E+00   
1.00E+11  0.086  23.933  1.9637E+01  1.6005E+02   0.0000E+00  0.0000E+00   4.6875E-131 1.9745E-131  0.0000E+00  0.0000E+00   
1.00E+11  0.129  23.931  1.9657E+01  1.6038E+02   0.0000E+00  0.0000E+00   2.2706E-89  1.3716E-89   0.0000E+00  0.0000E+00   
1.00E+11  0.172  23.930  1.9687E+01  1.6083E+02   0.0000E+00  0.0000E+00   2.2999E-68  1.8335E-68   0.0000E+00  0.0000E+00   
1.00E+11  0.259  23.924  1.9763E+01  1.6208E+02   0.0000E+00  0.0000E+00   4.0544E-47  4.8805E-47   0.0000E+00  0.0000E+00   
1.00E+11  0.431  23.908  1.9908E+01  1.6546E+02   0.0000E+00  0.0000E+00   1.0508E-29  2.1953E-29   0.0000E+00  0.0000E+00   
1.00E+11  0.862  23.832  2.1728E+01  1.9641E+02   0.0000E+00  0.0000E+00   8.8396E-16  4.0926E-15   0.0000E+00  0.0000E+00   
1.00E+11  2.585  23.015  5.6322E+01  8.5205E+02   0.0000E+00  0.0000E+00   5.9653E-05  9.0490E-04   0.0000E+00  0.0000E+00   
