1.00E+04  0.001  0.523   0.0000E+00  0.0000E+00   0.0000E+00  0.0000E+00   0.0000E+00  0.0000E+00   6.8735E-10  1.0423E-10   
1.00E+04  0.009  0.516   0.0000E+00  0.0000E+00   0.0000E+00  0.0000E+00   2.9582E-62  1.6489E-62   7.0968E-10  1.0946E-10   
1.00E+04  0.017  0.498   0.0000E+00  0.0000E+00   0.0000E+00  0.0000E+00   3.6857E-35  1.9473E-35   7.2412E-10  1.1291E-10   
1.00E+04  0.034  0.444   4.6852E-171 4.8884E-172  0.0000E+00  0.0000E+00   5.3681E-21  2.6780E-21   7.3843E-10  1.1626E-10   
1.00E+04  0.060  0.337   1.9810E-100 3.6415E-101  0.0000E+00  0.0000E+00   2.1957E-14  1.1124E-14   7.4888E-10  1.1853E-10   
1.00E+04  0.086  0.209   4.2093E-72  1.1128E-72   0.0000E+00  0.0000E+00   1.9722E-11  1.0958E-11   7.5424E-10  1.1961E-10   
1.00E+04  0.129  0.047   1.0271E-49  4.1192E-50   0.0000E+00  0.0000E+00   4.3982E-09  3.0301E-09   7.5884E-10  1.2642E-10   
1.00E+04  0.172  0.014   4.5995E-38  2.4884E-38   0.0000E+00  0.0000E+00   4.5007E-08  3.8555E-08   1.0543E-09  4.8614E-10   
1.00E+04  0.259  0.004   4.1104E-26  3.4173E-26   0.0000E+00  0.0000E+00   6.4132E-07  7.9637E-07   1.7763E-08  2.0462E-08   
1.00E+04  0.431  0.001   3.4229E-16  4.9631E-16   0.0000E+00  0.0000E+00   1.3222E-05  2.8005E-05   1.0430E-06  2.1245E-06   
1.00E+04  0.862  0.000   3.0018E-08  9.4144E-08   0.0000E+00  0.0000E+00   8.8844E-04  4.1333E-03   4.7559E-04  1.7151E-03   
1.00E+04  2.585  0.000   2.5811E-02  2.7114E-01   0.0000E+00  0.0000E+00   4.2205E-01  6.4729E+00   4.0682E-02  1.8125E-01   
1.00E+05  0.001  0.565   0.0000E+00  0.0000E+00   0.0000E+00  0.0000E+00   0.0000E+00  0.0000E+00   4.3282E-10  5.4262E-11   
1.00E+05  0.009  0.563   0.0000E+00  0.0000E+00   0.0000E+00  0.0000E+00   1.3001E-64  7.2464E-65   4.4767E-10  5.7559E-11   
1.00E+05  0.017  0.558   0.0000E+00  0.0000E+00   0.0000E+00  0.0000E+00   1.1473E-36  6.0615E-37   4.7730E-10  6.4436E-11   
1.00E+05  0.034  0.537   6.9415E-170 7.2424E-171  0.0000E+00  0.0000E+00   3.6232E-22  1.8075E-22   5.4388E-10  7.9222E-11   
1.00E+05  0.060  0.485   2.3078E-99  4.2421E-100  0.0000E+00  0.0000E+00   1.8848E-15  9.5490E-16   6.1639E-10  9.4263E-11   
1.00E+05  0.086  0.413   4.5241E-71  1.1960E-71   0.0000E+00  0.0000E+00   1.8351E-12  1.0196E-12   6.6087E-10  1.0295E-10   
1.00E+05  0.129  0.265   5.5609E-49  2.2301E-49   0.0000E+00  0.0000E+00   8.1330E-10  5.6014E-10   7.0732E-10  1.1744E-10   
1.00E+05  0.172  0.128   8.9360E-38  4.8344E-38   0.0000E+00  0.0000E+00   2.3212E-08  1.9871E-08   1.0281E-09  4.8001E-10   
1.00E+05  0.259  0.035   4.6494E-26  3.8654E-26   0.0000E+00  0.0000E+00   5.6758E-07  7.0448E-07   1.7716E-08  2.0406E-08   
1.00E+05  0.431  0.009   3.4892E-16  5.0592E-16   0.0000E+00  0.0000E+00   1.2974E-05  2.7478E-05   1.0423E-06  2.1232E-06   
1.00E+05  0.862  0.002   3.0080E-08  9.4338E-08   0.0000E+00  0.0000E+00   8.8666E-04  4.1250E-03   4.7555E-04  1.7149E-03   
1.00E+05  2.585  0.000   2.5813E-02  2.7116E-01   0.0000E+00  0.0000E+00   4.2202E-01  6.4725E+00   4.0681E-02  1.8124E-01   
1.00E+06  0.001  0.726   0.0000E+00  0.0000E+00   0.0000E+00  0.0000E+00   0.0000E+00  0.0000E+00   3.4423E-13  3.6220E-15   
1.00E+06  0.009  0.725   0.0000E+00  0.0000E+00   0.0000E+00  0.0000E+00   8.6428E-73  4.8174E-73   1.8642E-12  5.5014E-14   
1.00E+06  0.017  0.724   0.0000E+00  0.0000E+00   0.0000E+00  0.0000E+00   7.5190E-41  3.9726E-41   7.0771E-12  3.7885E-13   
1.00E+06  0.034  0.718   1.3033E-167 1.3599E-168  0.0000E+00  0.0000E+00   1.9293E-24  9.6246E-25   3.4612E-11  3.2341E-12   
1.00E+06  0.060  0.700   8.1841E-98  1.5044E-98   0.0000E+00  0.0000E+00   5.3141E-17  2.6923E-17   1.1299E-10  1.4140E-11   
1.00E+06  0.086  0.672   9.1005E-70  2.4059E-70   0.0000E+00  0.0000E+00   9.1215E-14  5.0683E-14   2.0739E-10  2.8884E-11   
1.00E+06  0.129  0.604   7.6249E-48  3.0580E-48   0.0000E+00  0.0000E+00   5.9324E-11  4.0855E-11   3.5561E-10  5.8688E-11   
1.00E+06  0.172  0.512   8.2780E-37  4.4786E-37   0.0000E+00  0.0000E+00   2.5104E-09  2.1476E-09   7.5582E-10  4.1330E-10   
1.00E+06  0.259  0.299   1.2878E-25  1.0706E-25   0.0000E+00  0.0000E+00   2.0599E-07  2.5511E-07   1.7080E-08  1.9636E-08   
1.00E+06  0.431  0.091   4.2219E-16  6.1217E-16   0.0000E+00  0.0000E+00   1.0751E-05  2.2744E-05   1.0351E-06  2.1093E-06   
1.00E+06  0.862  0.020   3.0705E-08  9.6298E-08   0.0000E+00  0.0000E+00   8.6899E-04  4.0424E-03   4.7514E-04  1.7132E-03   
1.00E+06  2.585  0.002   2.5831E-02  2.7136E-01   0.0000E+00  0.0000E+00   4.2172E-01  6.4679E+00   4.0676E-02  1.8122E-01   
1.00E+07  0.001  1.223   0.0000E+00  0.0000E+00   0.0000E+00  0.0000E+00   0.0000E+00  0.0000E+00   0.0000E+00  0.0000E+00   
1.00E+07  0.009  1.222   0.0000E+00  0.0000E+00   0.0000E+00  0.0000E+00   7.5706E-98  4.2197E-98   8.9842E-109 8.8027E-109  
1.00E+07  0.017  1.222   1.6431E-317 8.5479E-319  0.0000E+00  0.0000E+00   2.1683E-53  1.1456E-53   4.8671E-57  4.7712E-57   
1.00E+07  0.034  1.219   2.7010E-161 2.8183E-162  0.0000E+00  0.0000E+00   9.3008E-31  4.6399E-31   3.5940E-31  3.5302E-31   
1.00E+07  0.060  1.212   3.9473E-94  7.2559E-95   0.0000E+00  0.0000E+00   1.1007E-20  5.5763E-21   4.4257E-20  4.3710E-20   
1.00E+07  0.086  1.200   4.1821E-67  1.1056E-67   0.0000E+00  0.0000E+00   1.9827E-16  1.1017E-16   1.2221E-15  1.2167E-15   
1.00E+07  0.129  1.173   6.2055E-46  2.4891E-46   0.0000E+00  0.0000E+00   7.2822E-13  5.0152E-13   3.5556E-12  3.6024E-12   
1.00E+07  0.172  1.133   3.0403E-35  1.6452E-35   0.0000E+00  0.0000E+00   6.8310E-11  5.8434E-11   1.9638E-10  2.0305E-10   
1.00E+07  0.259  1.021   2.1065E-24  1.7517E-24   0.0000E+00  0.0000E+00   1.2621E-08  1.5611E-08   1.1836E-08  1.3119E-08   
1.00E+07  0.431  0.698   1.7248E-15  2.5014E-15   0.0000E+00  0.0000E+00   2.6573E-06  5.5979E-06   9.4072E-07  1.9267E-06   
1.00E+07  0.862  0.196   3.7668E-08  1.1815E-07   0.0000E+00  0.0000E+00   7.1113E-04  3.3055E-03   4.7075E-04  1.6948E-03   
1.00E+07  2.585  0.021   2.6019E-02  2.7333E-01   0.0000E+00  0.0000E+00   4.1877E-01  6.4222E+00   4.0630E-02  1.8098E-01   
1.00E+08  0.001  2.447   0.0000E+00  0.0000E+00   0.0000E+00  0.0000E+00   0.0000E+00  0.0000E+00   0.0000E+00  0.0000E+00   
1.00E+08  0.009  2.447   0.0000E+00  0.0000E+00   0.0000E+00  0.0000E+00   1.4696E-159 8.1913E-160  1.4604E-110 3.3817E-111  
1.00E+08  0.017  2.446   2.0691E-286 1.0747E-287  0.0000E+00  0.0000E+00   3.0025E-84  1.5864E-84   8.1132E-59  1.9183E-59   
1.00E+08  0.034  2.445   7.4097E-146 7.7301E-147  0.0000E+00  0.0000E+00   3.3111E-46  1.6518E-46   6.5056E-33  1.6523E-33   
1.00E+08  0.060  2.442   2.7673E-85  5.0926E-86   0.0000E+00  0.0000E+00   1.5335E-29  7.7692E-30   9.7490E-22  2.8856E-22   
1.00E+08  0.086  2.437   6.9528E-61  1.8423E-61   0.0000E+00  0.0000E+00   1.1676E-22  6.4876E-23   3.4007E-17  1.1852E-17   
1.00E+08  0.129  2.424   9.7507E-42  3.9207E-42   0.0000E+00  0.0000E+00   4.5515E-17  3.1346E-17   1.4640E-13  6.5013E-14   
1.00E+08  0.172  2.406   4.8166E-32  2.6131E-32   0.0000E+00  0.0000E+00   4.2420E-14  3.6287E-14   1.1518E-11  6.2534E-12   
1.00E+08  0.259  2.355   3.6106E-22  3.0121E-22   0.0000E+00  0.0000E+00   7.2640E-11  8.9841E-11   1.3822E-09  1.2319E-09   
1.00E+08  0.431  2.192   5.4759E-14  7.9676E-14   0.0000E+00  0.0000E+00   8.3202E-08  1.7503E-07   4.7054E-07  9.9327E-07   
1.00E+08  0.862  1.493   1.6908E-07  5.3121E-07   0.0000E+00  0.0000E+00   1.6027E-04  7.4284E-04   4.1459E-04  1.4631E-03   
1.00E+08  2.585  0.209   2.7972E-02  2.9389E-01   0.0000E+00  0.0000E+00   3.9034E-01  5.9822E+00   4.0158E-02  1.7857E-01   
1.00E+09  0.001  5.181   0.0000E+00  0.0000E+00   0.0000E+00  0.0000E+00   0.0000E+00  0.0000E+00   0.0000E+00  0.0000E+00   
1.00E+09  0.009  5.180   0.0000E+00  0.0000E+00   0.0000E+00  0.0000E+00   2.4611E-297 1.3718E-297  5.1336E-257 2.0985E-257  
1.00E+09  0.017  5.180   1.4450E-217 7.5031E-219  0.0000E+00  0.0000E+00   3.8651E-153 2.0421E-153  2.8621E-131 1.1789E-131  
1.00E+09  0.034  5.180   1.8964E-111 1.9782E-112  0.0000E+00  0.0000E+00   1.1647E-80  5.8104E-81   2.1828E-68  9.2312E-69   
1.00E+09  0.060  5.178   1.2513E-65  2.3009E-66   0.0000E+00  0.0000E+00   3.0538E-49  1.5472E-49   2.1327E-41  9.8209E-42   
1.00E+09  0.086  5.176   3.9815E-47  1.0526E-47   0.0000E+00  0.0000E+00   1.8307E-36  1.0172E-36   1.7813E-30  9.8777E-31   
1.00E+09  0.129  5.170   1.4583E-32  5.8475E-33   0.0000E+00  0.0000E+00   2.7043E-26  1.8624E-26   1.1454E-21  8.6867E-22   
1.00E+09  0.172  5.161   3.7039E-25  2.0050E-25   0.0000E+00  0.0000E+00   4.8287E-21  4.1305E-21   4.5008E-17  4.0838E-17   
1.00E+09  0.259  5.138   1.4546E-17  1.2176E-17   0.0000E+00  0.0000E+00   1.5346E-15  1.8980E-15   2.5425E-12  2.8934E-12   
1.00E+09  0.431  5.062   3.6451E-11  5.4260E-11   0.0000E+00  0.0000E+00   1.0645E-10  2.2393E-10   3.0089E-08  5.2720E-08   
1.00E+09  0.862  4.708   6.5589E-06  2.1118E-05   0.0000E+00  0.0000E+00   3.8617E-06  1.7883E-05   1.5382E-04  4.8124E-04   
1.00E+09  2.585  1.972   5.5093E-02  5.8006E-01   0.0000E+00  0.0000E+00   2.0064E-01  3.0605E+00   3.4779E-02  1.5152E-01   
1.00E+10  0.001  11.119  0.0000E+00  0.0000E+00   0.0000E+00  0.0000E+00   0.0000E+00  0.0000E+00   0.0000E+00  0.0000E+00   
1.00E+10  0.009  11.118  6.7201E-130 1.7395E-131  0.0000E+00  0.0000E+00   0.0000E+00  0.0000E+00   0.0000E+00  0.0000E+00   
1.00E+10  0.017  11.118  3.1169E-68  1.6157E-69   0.0000E+00  0.0000E+00   9.0923E-303 4.8038E-303  4.6120E-275 1.1356E-275  
1.00E+10  0.034  11.118  6.2038E-37  6.4477E-38   0.0000E+00  0.0000E+00   1.7704E-155 8.8319E-156  6.3553E-140 1.6675E-140  
1.00E+10  0.060  11.117  3.5164E-23  6.4195E-24   0.0000E+00  0.0000E+00   5.3159E-92  2.6932E-92   7.0161E-82  2.1609E-82   
1.00E+10  0.086  11.116  1.6664E-17  4.3621E-18   0.0000E+00  0.0000E+00   2.1116E-66  1.1733E-66   1.4924E-58  5.5755E-59   
1.00E+10  0.129  11.113  6.3891E-13  2.5251E-13   0.0000E+00  0.0000E+00   2.9021E-46  1.9986E-46   3.0235E-40  1.5321E-40   
1.00E+10  0.172  11.109  1.6328E-10  8.6893E-11   0.0000E+00  0.0000E+00   4.9617E-36  4.2443E-36   9.9059E-31  5.9015E-31   
1.00E+10  0.259  11.098  6.3097E-08  5.2513E-08   0.0000E+00  0.0000E+00   1.4877E-25  1.8400E-25   2.5439E-21  2.2077E-21   
1.00E+10  0.431  11.063  1.6626E-05  2.5379E-05   0.0000E+00  0.0000E+00   9.5089E-17  2.0003E-16   1.5340E-13  2.1055E-13   
1.00E+10  0.862  10.898  4.3558E-03  1.5129E-02   0.0000E+00  0.0000E+00   2.9304E-09  1.3570E-08   2.4230E-07  5.7850E-07   
1.00E+10  2.585  9.163   8.1965E-01  8.9349E+00   0.0000E+00  0.0000E+00   1.2657E-02  1.9206E-01   5.6264E-03  2.3273E-02   
1.00E+11  0.001  23.934  1.6978E+01  1.3824E+02   0.0000E+00  0.0000E+00   0.0000E+00  0.0000E+00   0.0000E+00  0.0000E+00   
1.00E+11  0.009  23.934  1.6975E+01  1.3821E+02   0.0000E+00  0.0000E+00   0.0000E+00  0.0000E+00   0.0000E+00  0.0000E+00   
1.00E+11  0.017  23.933  1.6973E+01  1.3819E+02   0.0000E+00  0.0000E+00   0.0000E+00  0.0000E+00   0.0000E+00  0.0000E+00   
1.00E+11  0.034  23.934  1.6977E+01  1.3824E+02   0.0000E+00  0.0000E+00   4.1595E-318 2.3627E-318  0.0000E+00  0.0000E+00   
1.00E+11  0.060  23.933  1.6981E+01  1.3831E+02   0.0000E+00  0.0000E+00   2.8468E-184 1.4423E-184  0.0000E+00  0.0000E+00   
1.00E+11  0.086  23.933  1.6989E+01  1.3842E+02   0.0000E+00  0.0000E+00   5.3918E-131 2.9959E-131  0.0000E+00  0.0000E+00   
1.00E+11  0.129  23.931  1.7007E+01  1.3871E+02   0.0000E+00  0.0000E+00   2.4880E-89  1.7134E-89   0.0000E+00  0.0000E+00   
1.00E+11  0.172  23.930  1.7032E+01  1.3910E+02   0.0000E+00  0.0000E+00   2.4563E-68  2.1011E-68   0.0000E+00  0.0000E+00   
1.00E+11  0.259  23.924  1.7105E+01  1.4023E+02   0.0000E+00  0.0000E+00   4.2240E-47  5.2242E-47   0.0000E+00  0.0000E+00   
1.00E+11  0.431  23.908  1.7345E+01  1.4412E+02   0.0000E+00  0.0000E+00   1.0741E-29  2.2595E-29   0.0000E+00  0.0000E+00   
1.00E+11  0.862  23.832  2.0041E+01  1.8218E+02   0.0000E+00  0.0000E+00   8.8888E-16  4.1162E-15   0.0000E+00  0.0000E+00   
1.00E+11  2.585  23.015  5.6571E+01  8.5738E+02   0.0000E+00  0.0000E+00   5.9668E-05  9.0510E-04   0.0000E+00  0.0000E+00   
