rhoYe is density times electron fraction [g/cm^3], T is temperature [MeV], mu_e is electron chemical potential [MeV]
e-(+) cap is electron (positron) capture, e-(+) dec is electron (positron) decay
For each process, first column is neutrino production [neutrinos/baryon second] and second column is energy loss [MeV/baryon second].
rhoYe     T      mu_e    e- cap                   e+ dec                   e+ cap                   e- dec                   
1.00E+01  0.001  0.509   5.1496E-08  2.7152E-07   8.2691E-03  2.0267E-02   0.0000E+00  0.0000E+00   0.0000E+00  0.0000E+00   
1.00E+01  0.009  0.453   9.8465E-09  5.1987E-08   8.2691E-03  2.0267E-02   0.0000E+00  0.0000E+00   0.0000E+00  0.0000E+00   
1.00E+01  0.017  0.377   7.0287E-09  3.7173E-08   8.2691E-03  2.0267E-02   0.0000E+00  0.0000E+00   0.0000E+00  0.0000E+00   
1.00E+01  0.034  0.205   5.3757E-09  2.8541E-08   8.2691E-03  2.0267E-02   0.0000E+00  0.0000E+00   0.0000E+00  0.0000E+00   
1.00E+01  0.060  0.008   1.9597E-08  1.0476E-07   8.2691E-03  2.0267E-02   0.0000E+00  0.0000E+00   0.0000E+00  0.0000E+00   
1.00E+01  0.086  0.000   3.7220E-07  2.0050E-06   8.2691E-03  2.0267E-02   0.0000E+00  0.0000E+00   0.0000E+00  0.0000E+00   
1.00E+01  0.129  0.000   5.1802E-06  2.8319E-05   8.2709E-03  2.0270E-02   0.0000E+00  0.0000E+00   0.0000E+00  0.0000E+00   
1.00E+01  0.172  0.000   2.3371E-05  1.2992E-04   8.2790E-03  2.0287E-02   0.0000E+00  0.0000E+00   0.0000E+00  0.0000E+00   
1.00E+01  0.259  0.000   1.4279E-04  8.2441E-04   8.3188E-03  2.0366E-02   0.0000E+00  0.0000E+00   0.0000E+00  0.0000E+00   
1.00E+01  0.431  0.000   1.0856E-03  6.8217E-03   8.4581E-03  2.0673E-02   0.0000E+00  0.0000E+00   0.0000E+00  0.0000E+00   
1.00E+01  0.862  0.000   1.7004E-02  1.3368E-01   1.0149E-02  2.7572E-02   0.0000E+00  0.0000E+00   0.0000E+00  0.0000E+00   
1.00E+01  2.585  0.000   2.0124E+00  3.2784E+01   3.2914E-02  1.4516E-01   0.0000E+00  0.0000E+00   0.0000E+00  0.0000E+00   
1.00E+01  0.001  0.509   5.1496E-08  2.7152E-07   8.2691E-03  2.0267E-02   0.0000E+00  0.0000E+00   0.0000E+00  0.0000E+00   
1.00E+01  0.009  0.453   9.8465E-09  5.1987E-08   8.2691E-03  2.0267E-02   0.0000E+00  0.0000E+00   0.0000E+00  0.0000E+00   
1.00E+01  0.017  0.377   7.0287E-09  3.7173E-08   8.2691E-03  2.0267E-02   0.0000E+00  0.0000E+00   0.0000E+00  0.0000E+00   
1.00E+01  0.034  0.205   5.3757E-09  2.8541E-08   8.2691E-03  2.0267E-02   0.0000E+00  0.0000E+00   0.0000E+00  0.0000E+00   
1.00E+01  0.060  0.008   1.9597E-08  1.0476E-07   8.2691E-03  2.0267E-02   0.0000E+00  0.0000E+00   0.0000E+00  0.0000E+00   
1.00E+01  0.086  0.000   3.7220E-07  2.0050E-06   8.2691E-03  2.0267E-02   0.0000E+00  0.0000E+00   0.0000E+00  0.0000E+00   
1.00E+01  0.129  0.000   5.1802E-06  2.8319E-05   8.2709E-03  2.0270E-02   0.0000E+00  0.0000E+00   0.0000E+00  0.0000E+00   
1.00E+01  0.172  0.000   2.3371E-05  1.2992E-04   8.2790E-03  2.0287E-02   0.0000E+00  0.0000E+00   0.0000E+00  0.0000E+00   
1.00E+01  0.259  0.000   1.4279E-04  8.2441E-04   8.3188E-03  2.0366E-02   0.0000E+00  0.0000E+00   0.0000E+00  0.0000E+00   
1.00E+01  0.431  0.000   1.0856E-03  6.8217E-03   8.4581E-03  2.0673E-02   0.0000E+00  0.0000E+00   0.0000E+00  0.0000E+00   
1.00E+01  0.862  0.000   1.7004E-02  1.3368E-01   1.0149E-02  2.7572E-02   0.0000E+00  0.0000E+00   0.0000E+00  0.0000E+00   
1.00E+01  2.585  0.000   2.0124E+00  3.2784E+01   3.2914E-02  1.4516E-01   0.0000E+00  0.0000E+00   0.0000E+00  0.0000E+00   
1.00E+02  0.001  0.511   5.2464E-07  2.7663E-06   8.2691E-03  2.0267E-02   0.0000E+00  0.0000E+00   0.0000E+00  0.0000E+00   
1.00E+02  0.009  0.473   9.8363E-08  5.1934E-07   8.2691E-03  2.0267E-02   0.0000E+00  0.0000E+00   0.0000E+00  0.0000E+00   
1.00E+02  0.017  0.416   7.0252E-08  3.7155E-07   8.2691E-03  2.0267E-02   0.0000E+00  0.0000E+00   0.0000E+00  0.0000E+00   
1.00E+02  0.034  0.284   5.3750E-08  2.8538E-07   8.2691E-03  2.0267E-02   0.0000E+00  0.0000E+00   0.0000E+00  0.0000E+00   
1.00E+02  0.060  0.065   5.0733E-08  2.7119E-07   8.2691E-03  2.0267E-02   0.0000E+00  0.0000E+00   0.0000E+00  0.0000E+00   
1.00E+02  0.086  0.005   3.9123E-07  2.1076E-06   8.2691E-03  2.0267E-02   0.0000E+00  0.0000E+00   0.0000E+00  0.0000E+00   
1.00E+02  0.129  0.000   5.1975E-06  2.8414E-05   8.2709E-03  2.0270E-02   0.0000E+00  0.0000E+00   0.0000E+00  0.0000E+00   
1.00E+02  0.172  0.000   2.3388E-05  1.3001E-04   8.2790E-03  2.0287E-02   0.0000E+00  0.0000E+00   0.0000E+00  0.0000E+00   
1.00E+02  0.259  0.000   1.4280E-04  8.2451E-04   8.3188E-03  2.0366E-02   0.0000E+00  0.0000E+00   0.0000E+00  0.0000E+00   
1.00E+02  0.431  0.000   1.0856E-03  6.8218E-03   8.4581E-03  2.0673E-02   0.0000E+00  0.0000E+00   0.0000E+00  0.0000E+00   
1.00E+02  0.862  0.000   1.7004E-02  1.3368E-01   1.0149E-02  2.7572E-02   0.0000E+00  0.0000E+00   0.0000E+00  0.0000E+00   
1.00E+02  2.585  0.000   2.0124E+00  3.2784E+01   3.2914E-02  1.4516E-01   0.0000E+00  0.0000E+00   0.0000E+00  0.0000E+00   
1.00E+01  0.001  0.509   5.1496E-08  2.7152E-07   8.2691E-03  2.0267E-02   0.0000E+00  0.0000E+00   0.0000E+00  0.0000E+00   
1.00E+01  0.009  0.453   9.8465E-09  5.1987E-08   8.2691E-03  2.0267E-02   0.0000E+00  0.0000E+00   0.0000E+00  0.0000E+00   
1.00E+01  0.017  0.377   7.0287E-09  3.7173E-08   8.2691E-03  2.0267E-02   0.0000E+00  0.0000E+00   0.0000E+00  0.0000E+00   
1.00E+01  0.034  0.205   5.3757E-09  2.8541E-08   8.2691E-03  2.0267E-02   0.0000E+00  0.0000E+00   0.0000E+00  0.0000E+00   
1.00E+01  0.060  0.008   1.9597E-08  1.0476E-07   8.2691E-03  2.0267E-02   0.0000E+00  0.0000E+00   0.0000E+00  0.0000E+00   
1.00E+01  0.086  0.000   3.7220E-07  2.0050E-06   8.2691E-03  2.0267E-02   0.0000E+00  0.0000E+00   0.0000E+00  0.0000E+00   
1.00E+01  0.129  0.000   5.1802E-06  2.8319E-05   8.2709E-03  2.0270E-02   0.0000E+00  0.0000E+00   0.0000E+00  0.0000E+00   
1.00E+01  0.172  0.000   2.3371E-05  1.2992E-04   8.2790E-03  2.0287E-02   0.0000E+00  0.0000E+00   0.0000E+00  0.0000E+00   
1.00E+01  0.259  0.000   1.4279E-04  8.2441E-04   8.3188E-03  2.0366E-02   0.0000E+00  0.0000E+00   0.0000E+00  0.0000E+00   
1.00E+01  0.431  0.000   1.0856E-03  6.8217E-03   8.4581E-03  2.0673E-02   0.0000E+00  0.0000E+00   0.0000E+00  0.0000E+00   
1.00E+01  0.862  0.000   1.7004E-02  1.3368E-01   1.0149E-02  2.7572E-02   0.0000E+00  0.0000E+00   0.0000E+00  0.0000E+00   
1.00E+01  2.585  0.000   2.0124E+00  3.2784E+01   3.2914E-02  1.4516E-01   0.0000E+00  0.0000E+00   0.0000E+00  0.0000E+00   
1.00E+02  0.001  0.511   5.2464E-07  2.7663E-06   8.2691E-03  2.0267E-02   0.0000E+00  0.0000E+00   0.0000E+00  0.0000E+00   
1.00E+02  0.009  0.473   9.8363E-08  5.1934E-07   8.2691E-03  2.0267E-02   0.0000E+00  0.0000E+00   0.0000E+00  0.0000E+00   
1.00E+02  0.017  0.416   7.0252E-08  3.7155E-07   8.2691E-03  2.0267E-02   0.0000E+00  0.0000E+00   0.0000E+00  0.0000E+00   
1.00E+02  0.034  0.284   5.3750E-08  2.8538E-07   8.2691E-03  2.0267E-02   0.0000E+00  0.0000E+00   0.0000E+00  0.0000E+00   
1.00E+02  0.060  0.065   5.0733E-08  2.7119E-07   8.2691E-03  2.0267E-02   0.0000E+00  0.0000E+00   0.0000E+00  0.0000E+00   
1.00E+02  0.086  0.005   3.9123E-07  2.1076E-06   8.2691E-03  2.0267E-02   0.0000E+00  0.0000E+00   0.0000E+00  0.0000E+00   
1.00E+02  0.129  0.000   5.1975E-06  2.8414E-05   8.2709E-03  2.0270E-02   0.0000E+00  0.0000E+00   0.0000E+00  0.0000E+00   
1.00E+02  0.172  0.000   2.3388E-05  1.3001E-04   8.2790E-03  2.0287E-02   0.0000E+00  0.0000E+00   0.0000E+00  0.0000E+00   
1.00E+02  0.259  0.000   1.4280E-04  8.2451E-04   8.3188E-03  2.0366E-02   0.0000E+00  0.0000E+00   0.0000E+00  0.0000E+00   
1.00E+02  0.431  0.000   1.0856E-03  6.8218E-03   8.4581E-03  2.0673E-02   0.0000E+00  0.0000E+00   0.0000E+00  0.0000E+00   
1.00E+02  0.862  0.000   1.7004E-02  1.3368E-01   1.0149E-02  2.7572E-02   0.0000E+00  0.0000E+00   0.0000E+00  0.0000E+00   
1.00E+02  2.585  0.000   2.0124E+00  3.2784E+01   3.2914E-02  1.4516E-01   0.0000E+00  0.0000E+00   0.0000E+00  0.0000E+00   
1.00E+03  0.001  0.513   1.9786E-06  1.0433E-05   8.2691E-03  2.0267E-02   0.0000E+00  0.0000E+00   0.0000E+00  0.0000E+00   
1.00E+03  0.009  0.493   9.7397E-07  5.1426E-06 1.00E+01  0.001  0.509   5.1496E-08  2.7152E-07   8.2691E-03  2.0267E-02   0.0000E+00  0.0000E+00   0.0000E+00  0.0000E+00   
1.00E+01  0.009  0.453   9.8465E-09  5.1987E-08   8.2691E-03  2.0267E-02   0.0000E+00  0.0000E+00   0.0000E+00  0.0000E+00   
1.00E+01  0.017  0.377   7.0287E-09  3.7173E-08   8.2691E-03  2.0267E-02   0.0000E+00  0.0000E+00   0.0000E+00  0.0000E+00   
1.00E+01  0.034  0.205   5.3757E-09  2.8541E-08   8.2691E-03  2.0267E-02   0.0000E+00  0.0000E+00   0.0000E+00  0.0000E+00   
1.00E+01  0.060  0.008   1.9597E-08  1.0476E-07   8.2691E-03  2.0267E-02   0.0000E+00  0.0000E+00   0.0000E+00  0.0000E+00   
1.00E+01  0.086  0.000   3.7220E-07  2.0050E-06   8.2691E-03  2.0267E-02   0.0000E+00  0.0000E+00   0.0000E+00  0.0000E+00   
1.00E+01  0.129  0.000   5.1802E-06  2.8319E-05   8.2709E-03  2.0270E-02   0.0000E+00  0.0000E+00   0.0000E+00  0.0000E+00   
1.00E+01  0.172  0.000   2.3371E-05  1.2992E-04   8.2790E-03  2.0287E-02   0.0000E+00  0.0000E+00   0.0000E+00  0.0000E+00   
1.00E+01  0.259  0.000   1.4279E-04  8.2441E-04   8.3188E-03  2.0366E-02   0.0000E+00  0.0000E+00   0.0000E+00  0.0000E+00   
1.00E+01  0.431  0.000   1.0856E-03  6.8217E-03   8.4581E-03  2.0673E-02   0.0000E+00  0.0000E+00   0.0000E+00  0.0000E+00   
1.00E+01  0.862  0.000   1.7004E-02  1.3368E-01   1.0149E-02  2.7572E-02   0.0000E+00  0.0000E+00   0.0000E+00  0.0000E+00   
1.00E+01  2.585  0.000   2.0124E+00  3.2784E+01   3.2914E-02  1.4516E-01   0.0000E+00  0.0000E+00   0.0000E+00  0.0000E+00   
1.00E+02  0.001  0.511   5.2464E-07  2.7663E-06   8.2691E-03  2.0267E-02   0.0000E+00  0.0000E+00   0.0000E+00  0.0000E+00   
1.00E+02  0.009  0.473   9.8363E-08  5.1934E-07   8.2691E-03  2.0267E-02   0.0000E+00  0.0000E+00   0.0000E+00  0.0000E+00   
1.00E+02  0.017  0.416   7.0252E-08  3.7155E-07   8.2691E-03  2.0267E-02   0.0000E+00  0.0000E+00   0.0000E+00  0.0000E+00   
1.00E+02  0.034  0.284   5.3750E-08  2.8538E-07   8.2691E-03  2.0267E-02   0.0000E+00  0.0000E+00   0.0000E+00  0.0000E+00   
1.00E+02  0.060  0.065   5.0733E-08  2.7119E-07   8.2691E-03  2.0267E-02   0.0000E+00  0.0000E+00   0.0000E+00  0.0000E+00   
1.00E+02  0.086  0.005   3.9123E-07  2.1076E-06   8.2691E-03  2.0267E-02   0.0000E+00  0.0000E+00   0.0000E+00  0.0000E+00   
1.00E+02  0.129  0.000   5.1975E-06  2.8414E-05   8.2709E-03  2.0270E-02   0.0000E+00  0.0000E+00   0.0000E+00  0.0000E+00   
1.00E+02  0.172  0.000   2.3388E-05  1.3001E-04   8.2790E-03  2.0287E-02   0.0000E+00  0.0000E+00   0.0000E+00  0.0000E+00   
1.00E+02  0.259  0.000   1.4280E-04  8.2451E-04   8.3188E-03  2.0366E-02   0.0000E+00  0.0000E+00   0.0000E+00  0.0000E+00   
1.00E+02  0.431  0.000   1.0856E-03  6.8218E-03   8.4581E-03  2.0673E-02   0.0000E+00  0.0000E+00   0.0000E+00  0.0000E+00   
1.00E+02  0.862  0.000   1.7004E-02  1.3368E-01   1.0149E-02  2.7572E-02   0.0000E+00  0.0000E+00   0.0000E+00  0.0000E+00   
1.00E+02  2.585  0.000   2.0124E+00  3.2784E+01   3.2914E-02  1.4516E-01   0.0000E+00  0.0000E+00   0.0000E+00  0.0000E+00   
1.00E+03  0.001  0.513   1.9786E-06  1.0433E-05   8.2691E-03  2.0267E-02   0.0000E+00  0.0000E+00   0.0000E+00  0.0000E+00   
1.00E+03  0.009  0.493   9.7397E-07  5.1426E-06   8.2691E-03  2.0267E-02   0.0000E+00  0.0000E+00   0.0000E+00  0.0000E+00   
1.00E+03  0.009  0.493   9.7397E-07  5.1426E-06 1.00E+01  0.001  0.509   5.1496E-08  2.7152E-07   8.2691E-03  2.0267E-02   0.0000E+00  0.0000E+00   0.0000E+00  0.0000E+00   
1.00E+03  0.017  0.456   6.9906E-07  3.6973E-06   8.2691E-03  2.0267E-02   0.0000E+00  0.0000E+00   0.0000E+00  0.0000E+00   
1.00E+03  0.034  0.364   5.3681E-07  2.8502E-06   8.2691E-03  2.0267E-02   0.0000E+00  0.0000E+00   0.0000E+00  0.0000E+00   
1.00E+03  0.060  0.197   4.4946E-07  2.4026E-06   8.2691E-03  2.0267E-02   0.0000E+00  0.0000E+00   0.0000E+00  0.0000E+00   
1.00E+03  0.086  0.046   6.2842E-07  3.3853E-06   8.2691E-03  2.0267E-02   0.0000E+00  0.0000E+00   0.0000E+00  0.0000E+00   
1.00E+03  0.129  0.005   5.3729E-06  2.9373E-05   8.2709E-03  2.0270E-02   0.0000E+00  0.0000E+00   0.0000E+00  0.0000E+00   
1.00E+03  0.172  0.001   2.3556E-05  1.3095E-04   8.2790E-03  2.0287E-02   0.0000E+00  0.0000E+00   0.0000E+00  0.0000E+00   
1.00E+03  0.259  0.000   1.4297E-04  8.2550E-04   8.3188E-03  2.0366E-02   0.0000E+00  0.0000E+00   0.0000E+00  0.0000E+00   
1.00E+03  0.431  0.000   1.0858E-03  6.8230E-03   8.4581E-03  2.0673E-02   0.0000E+00  0.0000E+00   0.0000E+00  0.0000E+00   
1.00E+03  0.862  0.000   1.7004E-02  1.3368E-01   1.0149E-02  2.7572E-02   0.0000E+00  0.0000E+00   0.0000E+00  0.0000E+00   
1.00E+03  2.585  0.000   2.0124E+00  3.2785E+01   3.2914E-02  1.4516E-01   0.0000E+00  0.0000E+00   0.0000E+00  0.0000E+00   
1.00E+04  0.001  0.523   1.1099E-05  5.8571E-05   8.2691E-03  2.0267E-02   0.0000E+00  0.0000E+00   0.0000E+00  0.0000E+00   
1.00E+04  0.009  0.516   8.2926E-06  4.3802E-05   8.2691E-03  2.0267E-02   0.0000E+00  0.0000E+00   0.0000E+00  0.0000E+00   
1.00E+04  0.017  0.498   6.6717E-06  3.5297E-05   8.2691E-03  2.0267E-02   0.0000E+00  0.0000E+00   0.0000E+00  0.0000E+00   
1.00E+04  0.034  0.444   5.3028E-06  2.8161E-05   8.2691E-03  2.0267E-02   0.0000E+00  0.0000E+00   0.0000E+00  0.0000E+00   
1.00E+04  0.060  0.337   4.4704E-06  2.3900E-05   8.2691E-03  2.0267E-02   0.0000E+00  0.0000E+00   0.0000E+00  0.0000E+00   
1.00E+04  0.086  0.209   4.1312E-06  2.2257E-05   8.2692E-03  2.0267E-02   0.0000E+00  0.0000E+00   0.0000E+00  0.0000E+00   
1.00E+04  0.129  0.047   7.4279E-06  4.0610E-05   8.2711E-03  2.0271E-02   0.0000E+00  0.0000E+00   0.0000E+00  0.0000E+00   
1.00E+04  0.172  0.014   2.5306E-05  1.4068E-04   8.2793E-03  2.0288E-02   0.0000E+00  0.0000E+00   0.0000E+00  0.0000E+00   
1.00E+04  0.259  0.004   1.4469E-04  8.3545E-04   8.3190E-03  2.0367E-02   0.0000E+00  0.0000E+00   0.0000E+00  0.0000E+00   
1.00E+04  0.431  0.001   1.0878E-03  6.8355E-03   8.4583E-03  2.0674E-02   0.0000E+00  0.0000E+00   0.0000E+00  0.0000E+00   
1.00E+04  0.862  0.000   1.7008E-02  1.3371E-01   1.0149E-02  2.7572E-02   0.0000E+00  0.0000E+00   0.0000E+00  0.0000E+00   
1.00E+04  2.585  0.000   2.0124E+00  3.2785E+01   3.2914E-02  1.4516E-01   0.0000E+00  0.0000E+00   0.0000E+00  0.0000E+00   
1.00E+05  0.001  0.565   5.7170E-05  3.0281E-04   8.2691E-03  2.0267E-02   0.0000E+00  0.0000E+00   0.0000E+00  0.0000E+00   
1.00E+05  0.009  0.563   5.5578E-05  2.9448E-04   8.2691E-03  2.0267E-02   0.0000E+00  0.0000E+00   0.0000E+00  0.0000E+00   
1.00E+05  0.017  0.558   5.3298E-05  2.8269E-04   8.2691E-03  2.0267E-02   0.0000E+00  0.0000E+00   0.0000E+00  0.0000E+00   
1.00E+05  0.034  0.537   4.8264E-05  2.5681E-04   8.2691E-03  2.0267E-02   0.0000E+00  0.0000E+00   0.0000E+00  0.0000E+00   
1.00E+05  0.060  0.485   4.3187E-05  2.3124E-04   8.2691E-03  2.0267E-02   0.0000E+00  0.0000E+00   0.0000E+00  0.0000E+00   
1.00E+05  0.086  0.413   4.0352E-05  2.1766E-04   8.2692E-03  2.0267E-02   0.0000E+00  0.0000E+00   0.0000E+00  0.0000E+00   
1.00E+05  0.129  0.265   3.8714E-05  2.1182E-04   8.2716E-03  2.0273E-02   0.0000E+00  0.0000E+00   0.0000E+00  0.0000E+00   
1.00E+05  0.172  0.128   4.8432E-05  2.6937E-04   8.2808E-03  2.0294E-02   0.0000E+00  0.0000E+00   0.0000E+00  0.0000E+00   
1.00E+05  0.259  0.035   1.6298E-04  9.4120E-04   8.3213E-03  2.0376E-02   0.0000E+00  0.0000E+00   0.0000E+00  0.0000E+00   
1.00E+05  0.431  0.009   1.1078E-03  6.9618E-03   8.4603E-03  2.0681E-02   0.0000E+00  0.0000E+00   0.0000E+00  0.0000E+00   
1.00E+05  0.862  0.002   1.7041E-02  1.3397E-01   1.0150E-02  2.7576E-02   0.0000E+00  0.0000E+00   0.0000E+00  0.0000E+00   
1.00E+05  2.585  0.000   2.0125E+00  3.2787E+01   3.2915E-02  1.4517E-01   0.0000E+00  0.0000E+00   0.0000E+00  0.0000E+00   
1.00E+06  0.001  0.726   3.8339E-04  2.0634E-03   8.2691E-03  2.0267E-02   0.0000E+00  0.0000E+00   0.0000E+00  0.0000E+00   
1.00E+06  0.009  0.725   3.8065E-04  2.0487E-03   8.2691E-03  2.0267E-02   0.0000E+00  0.0000E+00   0.0000E+00  0.0000E+00   
1.00E+06  0.017  0.724   3.8142E-04  2.0537E-03   8.2691E-03  2.0267E-02   0.0000E+00  0.0000E+00   0.0000E+00  0.0000E+00   
1.00E+06  0.034  0.718   3.8008E-04  2.0499E-03   8.2691E-03  2.0267E-02   0.0000E+00  0.0000E+00   0.0000E+00  0.0000E+00   
1.00E+06  0.060  0.700   3.7665E-04  2.0399E-03   8.2691E-03  2.0267E-02   0.0000E+00  0.0000E+00   0.0000E+00  0.0000E+00   
1.00E+06  0.086  0.672   3.7269E-04  2.0301E-03   8.2692E-03  2.0267E-02   0.0000E+00  0.0000E+00   0.0000E+00  0.0000E+00   
1.00E+06  0.129  0.604   3.6833E-04  2.0308E-03   8.2717E-03  2.0273E-02   0.0000E+00  0.0000E+00   0.0000E+00  0.0000E+00   
1.00E+06  0.172  0.512   3.6931E-04  2.0661E-03   8.2823E-03  2.0300E-02   0.0000E+00  0.0000E+00   0.0000E+00  0.0000E+00   
1.00E+06  0.259  0.299   4.2556E-04  2.4650E-03   8.3326E-03  2.0420E-02   0.0000E+00  0.0000E+00   0.0000E+00  0.0000E+00   
1.00E+06  0.431  0.091   1.3267E-03  8.3450E-03   8.4789E-03  2.0749E-02   0.0000E+00  0.0000E+00   0.0000E+00  0.0000E+00   
1.00E+06  0.862  0.020   1.7376E-02  1.3664E-01   1.0162E-02  2.7617E-02   0.0000E+00  0.0000E+00   0.0000E+00  0.0000E+00   
1.00E+06  2.585  0.002   2.0139E+00  3.2810E+01   3.2919E-02  1.4518E-01   0.0000E+00  0.0000E+00   0.0000E+00  0.0000E+00   
1.00E+07  0.001  1.223   3.5702E-03  2.0275E-02   8.2691E-03  2.0267E-02   0.0000E+00  0.0000E+00   0.0000E+00  0.0000E+00   
1.00E+07  0.009  1.222   3.5625E-03  2.0231E-02   8.2691E-03  2.0267E-02   0.0000E+00  0.0000E+00   0.0000E+00  0.0000E+00   
1.00E+07  0.017  1.222   3.5633E-03  2.0239E-02   8.2691E-03  2.0267E-02   0.0000E+00  0.0000E+00   0.0000E+00  0.0000E+00   
1.00E+07  0.034  1.219   3.5700E-03  2.0292E-02   8.2691E-03  2.0267E-02   0.0000E+00  0.0000E+00   0.0000E+00  0.0000E+00   
1.00E+07  0.060  1.212   3.5823E-03  2.0402E-02   8.2691E-03  2.0267E-02   0.0000E+00  0.0000E+00   0.0000E+00  0.0000E+00   
1.00E+07  0.086  1.200   3.6014E-03  2.0572E-02   8.2692E-03  2.0267E-02   0.0000E+00  0.0000E+00   0.0000E+00  0.0000E+00   
1.00E+07  0.129  1.173   3.6473E-03  2.0983E-02   8.2717E-03  2.0273E-02   0.0000E+00  0.0000E+00   0.0000E+00  0.0000E+00   
1.00E+07  0.172  1.133   3.7111E-03  2.1555E-02   8.2825E-03  2.0301E-02   0.0000E+00  0.0000E+00   0.0000E+00  0.0000E+00   
1.00E+07  0.259  1.021   3.8962E-03  2.3207E-02   8.3388E-03  2.0445E-02   0.0000E+00  0.0000E+00   0.0000E+00  0.0000E+00   
1.00E+07  0.431  0.698   4.7016E-03  2.9949E-02   8.5494E-03  2.1007E-02   0.0000E+00  0.0000E+00   0.0000E+00  0.0000E+00   
1.00E+07  0.862  0.196   2.1070E-02  1.6602E-01   1.0274E-02  2.7990E-02   0.0000E+00  0.0000E+00   0.0000E+00  0.0000E+00   
1.00E+07  2.585  0.021   2.0280E+00  3.3043E+01   3.2958E-02  1.4536E-01   0.0000E+00  0.0000E+00   0.0000E+00  0.0000E+00   
1.00E+08  0.001  2.447   4.5862E-02  2.9642E-01   8.2691E-03  2.0267E-02   0.0000E+00  0.0000E+00   0.0000E+00  0.0000E+00   
1.00E+08  0.009  2.447   4.5826E-02  2.9618E-01   8.2691E-03  2.0267E-02   0.0000E+00  0.0000E+00   0.0000E+00  0.0000E+00   
1.00E+08  0.017  2.446   4.5814E-02  2.9612E-01   8.2691E-03  2.0267E-02   0.0000E+00  0.0000E+00   0.0000E+00  0.0000E+00   
1.00E+08  0.034  2.445   4.5865E-02  2.9655E-01   8.2691E-03  2.0267E-02   0.0000E+00  0.0000E+00   0.0000E+00  0.0000E+00   
1.00E+08  0.060  2.442   4.5948E-02  2.9735E-01   8.2691E-03  2.0267E-02   0.0000E+00  0.0000E+00   0.0000E+00  0.0000E+00   
1.00E+08  0.086  2.437   4.6081E-02  2.9861E-01   8.2692E-03  2.0267E-02   0.0000E+00  0.0000E+00   0.0000E+00  0.0000E+00   
1.00E+08  0.129  2.424   4.6415E-02  3.0176E-01   8.2717E-03  2.0273E-02   0.0000E+00  0.0000E+00   0.0000E+00  0.0000E+00   
1.00E+08  0.172  2.406   4.6908E-02  3.0639E-01   8.2825E-03  2.0301E-02   0.0000E+00  0.0000E+00   0.0000E+00  0.0000E+00   
1.00E+08  0.259  2.355   4.8407E-02  3.2040E-01   8.3392E-03  2.0446E-02   0.0000E+00  0.0000E+00   0.0000E+00  0.0000E+00   
1.00E+08  0.431  2.192   5.3366E-02  3.6764E-01   8.5730E-03  2.1094E-02   0.0000E+00  0.0000E+00   0.0000E+00  0.0000E+00   
1.00E+08  0.862  1.493   8.1021E-02  6.5502E-01   1.0702E-02  2.9438E-02   0.0000E+00  0.0000E+00   0.0000E+00  0.0000E+00   
1.00E+08  2.585  0.209   2.1741E+00  3.5459E+01   3.3345E-02  1.4714E-01   0.0000E+00  0.0000E+00   0.0000E+00  0.0000E+00   
1.00E+09  0.001  5.181   8.5138E-01  6.9567E+00   8.2691E-03  2.0267E-02   0.0000E+00  0.0000E+00   0.0000E+00  0.0000E+00   
1.00E+09  0.009  5.180   8.5102E-01  6.9535E+00   8.2691E-03  2.0267E-02   0.0000E+00  0.0000E+00   0.0000E+00  0.0000E+00   
1.00E+09  0.017  5.180   8.5084E-01  6.9520E+00   8.2691E-03  2.0267E-02   0.0000E+00  0.0000E+00   0.0000E+00  0.0000E+00   
1.00E+09  0.034  5.180   8.5130E-01  6.9568E+00   8.2691E-03  2.0267E-02   0.0000E+00  0.0000E+00   0.0000E+00  0.0000E+00   
1.00E+09  0.060  5.178   8.5196E-01  6.9647E+00   8.2691E-03  2.0267E-02   0.0000E+00  0.0000E+00   0.0000E+00  0.0000E+00   
1.00E+09  0.086  5.176   8.5304E-01  6.9774E+00   8.2692E-03  2.0267E-02   0.0000E+00  0.0000E+00   0.0000E+00  0.0000E+00   
1.00E+09  0.129  5.170   8.5580E-01  7.0096E+00   8.2717E-03  2.0273E-02   0.0000E+00  0.0000E+00   0.0000E+00  0.0000E+00   
1.00E+09  0.172  5.161   8.6009E-01  7.0590E+00   8.2825E-03  2.0301E-02   0.0000E+00  0.0000E+00   0.0000E+00  0.0000E+00   
1.00E+09  0.259  5.138   8.7386E-01  7.2157E+00   8.3392E-03  2.0446E-02   0.0000E+00  0.0000E+00   0.0000E+00  0.0000E+00   
1.00E+09  0.431  5.062   9.2057E-01  7.7533E+00   8.5737E-03  2.1097E-02   0.0000E+00  0.0000E+00   0.0000E+00  0.0000E+00   
1.00E+09  0.862  4.708   1.1419E+00  1.0584E+01   1.0837E-02  2.9899E-02   0.0000E+00  0.0000E+00   0.0000E+00  0.0000E+00   
1.00E+09  2.585  1.972   4.1346E+00  6.8291E+01   3.6240E-02  1.6041E-01   0.0000E+00  0.0000E+00   0.0000E+00  0.0000E+00   
1.00E+10  0.001  11.119  2.4834E+01  2.9501E+02   8.2691E-03  2.0267E-02   0.0000E+00  0.0000E+00   0.0000E+00  0.0000E+00   
1.00E+10  0.009  11.118  2.4825E+01  2.9489E+02   8.2691E-03  2.0267E-02   0.0000E+00  0.0000E+00   0.0000E+00  0.0000E+00   
1.00E+10  0.017  11.118  2.4821E+01  2.9485E+02   8.2691E-03  2.0267E-02   0.0000E+00  0.0000E+00   0.0000E+00  0.0000E+00   
1.00E+10  0.034  11.118  2.4827E+01  2.9494E+02   8.2691E-03  2.0267E-02   0.0000E+00  0.0000E+00   0.0000E+00  0.0000E+00   
1.00E+10  0.060  11.117  2.4833E+01  2.9506E+02   8.2691E-03  2.0267E-02   0.0000E+00  0.0000E+00   0.0000E+00  0.0000E+00   
1.00E+10  0.086  11.116  2.4844E+01  2.9525E+02   8.2692E-03  2.0267E-02   0.0000E+00  0.0000E+00   0.0000E+00  0.0000E+00   
1.00E+10  0.129  11.113  2.4871E+01  2.9577E+02   8.2717E-03  2.0273E-02   0.0000E+00  0.0000E+00   0.0000E+00  0.0000E+00   
1.00E+10  0.172  11.109  2.4917E+01  2.9661E+02   8.2825E-03  2.0301E-02   0.0000E+00  0.0000E+00   0.0000E+00  0.0000E+00   
1.00E+10  0.259  11.098  2.5072E+01  2.9944E+02   8.3392E-03  2.0446E-02   0.0000E+00  0.0000E+00   0.0000E+00  0.0000E+00   
1.00E+10  0.431  11.063  2.5577E+01  3.0906E+02   8.5737E-03  2.1097E-02   0.0000E+00  0.0000E+00   0.0000E+00  0.0000E+00   
1.00E+10  0.862  10.898  2.7530E+01  3.5329E+02   1.0840E-02  2.9911E-02   0.0000E+00  0.0000E+00   0.0000E+00  0.0000E+00   
1.00E+10  2.585  9.163   4.3098E+01  7.9949E+02   3.9815E-02  1.7689E-01   0.0000E+00  0.0000E+00   0.0000E+00  0.0000E+00   
1.00E+11  0.001  23.934  9.8267E+02  2.1018E+04   8.2691E-03  2.0267E-02   0.0000E+00  0.0000E+00   0.0000E+00  0.0000E+00   
1.00E+11  0.009  23.934  9.8251E+02  2.1014E+04   8.2691E-03  2.0267E-02   0.0000E+00  0.0000E+00   0.0000E+00  0.0000E+00   
1.00E+11  0.017  23.933  9.8248E+02  2.1013E+04   8.2691E-03  2.0267E-02   0.0000E+00  0.0000E+00   0.0000E+00  0.0000E+00   
1.00E+11  0.034  23.934  9.8256E+02  2.1016E+04   8.2691E-03  2.0267E-02   0.0000E+00  0.0000E+00   0.0000E+00  0.0000E+00   
1.00E+11  0.060  23.933  9.8262E+02  2.1018E+04   8.2691E-03  2.0267E-02   0.0000E+00  0.0000E+00   0.0000E+00  0.0000E+00   
1.00E+11  0.086  23.933  9.8272E+02  2.1022E+04   8.2692E-03  2.0267E-02   0.0000E+00  0.0000E+00   0.0000E+00  0.0000E+00   
1.00E+11  0.129  23.931  9.8299E+02  2.1032E+04   8.2717E-03  2.0273E-02   0.0000E+00  0.0000E+00   0.0000E+00  0.0000E+00   
1.00E+11  0.172  23.930  9.8346E+02  2.1050E+04   8.2825E-03  2.0301E-02   0.0000E+00  0.0000E+00   0.0000E+00  0.0000E+00   
1.00E+11  0.259  23.924  9.8499E+02  2.1113E+04   8.3392E-03  2.0446E-02   0.0000E+00  0.0000E+00   0.0000E+00  0.0000E+00   
1.00E+11  0.431  23.908  9.8788E+02  2.1295E+04   8.5737E-03  2.1097E-02   0.0000E+00  0.0000E+00   0.0000E+00  0.0000E+00   
1.00E+11  0.862  23.832  9.7449E+02  2.1683E+04   1.0840E-02  2.9911E-02   0.0000E+00  0.0000E+00   0.0000E+00  0.0000E+00   
1.00E+11  2.585  23.015  1.0001E+03  2.6624E+04   4.0088E-02  1.7815E-01   0.0000E+00  0.0000E+00   0.0000E+00  0.0000E+00   
