rhoYe is density times electron fraction [g/cm^3], T is temperature [MeV], mu_e is electron chemical potential [MeV]
e-(+) cap is electron (positron) capture, e-(+) dec is electron (positron) decay
For each process, first column is neutrino production [neutrinos/baryon second] and second column is energy loss [MeV/baryon second].
rhoYe     T      mu_e    e- cap                   e+ dec                   e+ cap                   e- dec                   
1.00E+01  0.001  0.509   3.7817E-07  2.2463E-06   1.7291E-01  6.6562E-01   0.0000E+00  0.0000E+00   0.0000E+00  0.0000E+00   
1.00E+01  0.009  0.453   7.3469E-08  4.3690E-07   1.7291E-01  6.6562E-01   0.0000E+00  0.0000E+00   0.0000E+00  0.0000E+00   
1.00E+01  0.017  0.377   5.3299E-08  3.1742E-07   1.7291E-01  6.6562E-01   0.0000E+00  0.0000E+00   0.0000E+00  0.0000E+00   
1.00E+01  0.034  0.205   4.1660E-08  2.4894E-07   1.7291E-01  6.6562E-01   0.0000E+00  0.0000E+00   0.0000E+00  0.0000E+00   
1.00E+01  0.060  0.008   1.5484E-07  9.3069E-07   1.7291E-01  6.6562E-01   0.0000E+00  0.0000E+00   0.0000E+00  0.0000E+00   
1.00E+01  0.086  0.000   2.9755E-06  1.8004E-05   1.7291E-01  6.6562E-01   0.0000E+00  0.0000E+00   0.0000E+00  0.0000E+00   
1.00E+01  0.129  0.000   4.1873E-05  2.5661E-04   1.7290E-01  6.6558E-01   0.0000E+00  0.0000E+00   0.0000E+00  0.0000E+00   
1.00E+01  0.172  0.000   1.8980E-04  1.1802E-03   1.7287E-01  6.6545E-01   0.0000E+00  0.0000E+00   0.0000E+00  0.0000E+00   
1.00E+01  0.259  0.000   1.1559E-03  7.4309E-03   1.7276E-01  6.6511E-01   0.0000E+00  0.0000E+00   0.0000E+00  0.0000E+00   
1.00E+01  0.431  0.000   8.3455E-03  5.8219E-02   1.7377E-01  6.7622E-01   0.0000E+00  0.0000E+00   0.0000E+00  0.0000E+00   
1.00E+01  0.862  0.000   8.6067E-02  7.8851E-01   2.4159E-01  1.2119E+00   0.0000E+00  0.0000E+00   0.0000E+00  0.0000E+00   
1.00E+01  2.585  0.000   2.3378E+00  5.0911E+01   1.0778E+00  8.3788E+00   0.0000E+00  0.0000E+00   0.0000E+00  0.0000E+00   
1.00E+01  0.001  0.509   3.7817E-07  2.2463E-06   1.7291E-01  6.6562E-01   0.0000E+00  0.0000E+00   0.0000E+00  0.0000E+00   
1.00E+01  0.009  0.453   7.3469E-08  4.3690E-07   1.7291E-01  6.6562E-01   0.0000E+00  0.0000E+00   0.0000E+00  0.0000E+00   
1.00E+01  0.017  0.377   5.3299E-08  3.1742E-07   1.7291E-01  6.6562E-01   0.0000E+00  0.0000E+00   0.0000E+00  0.0000E+00   
1.00E+01  0.034  0.205   4.1660E-08  2.4894E-07   1.7291E-01  6.6562E-01   0.0000E+00  0.0000E+00   0.0000E+00  0.0000E+00   
1.00E+01  0.060  0.008   1.5484E-07  9.3069E-07   1.7291E-01  6.6562E-01   0.0000E+00  0.0000E+00   0.0000E+00  0.0000E+00   
1.00E+01  0.086  0.000   2.9755E-06  1.8004E-05   1.7291E-01  6.6562E-01   0.0000E+00  0.0000E+00   0.0000E+00  0.0000E+00   
1.00E+01  0.129  0.000   4.1873E-05  2.5661E-04   1.7290E-01  6.6558E-01   0.0000E+00  0.0000E+00   0.0000E+00  0.0000E+00   
1.00E+01  0.172  0.000   1.8980E-04  1.1802E-03   1.7287E-01  6.6545E-01   0.0000E+00  0.0000E+00   0.0000E+00  0.0000E+00   
1.00E+01  0.259  0.000   1.1559E-03  7.4309E-03   1.7276E-01  6.6511E-01   0.0000E+00  0.0000E+00   0.0000E+00  0.0000E+00   
1.00E+01  0.431  0.000   8.3455E-03  5.8219E-02   1.7377E-01  6.7622E-01   0.0000E+00  0.0000E+00   0.0000E+00  0.0000E+00   
1.00E+01  0.862  0.000   8.6067E-02  7.8851E-01   2.4159E-01  1.2119E+00   0.0000E+00  0.0000E+00   0.0000E+00  0.0000E+00   
1.00E+01  2.585  0.000   2.3378E+00  5.0911E+01   1.0778E+00  8.3788E+00   0.0000E+00  0.0000E+00   0.0000E+00  0.0000E+00   
1.00E+02  0.001  0.511   3.8531E-06  2.2888E-05   1.7291E-01  6.6562E-01   0.0000E+00  0.0000E+00   0.0000E+00  0.0000E+00   
1.00E+02  0.009  0.473   7.3397E-07  4.3648E-06   1.7291E-01  6.6562E-01   0.0000E+00  0.0000E+00   0.0000E+00  0.0000E+00   
1.00E+02  0.017  0.416   5.3274E-07  3.1727E-06   1.7291E-01  6.6562E-01   0.0000E+00  0.0000E+00   0.0000E+00  0.0000E+00   
1.00E+02  0.034  0.284   4.1655E-07  2.4891E-06   1.7291E-01  6.6562E-01   0.0000E+00  0.0000E+00   0.0000E+00  0.0000E+00   
1.00E+02  0.060  0.065   4.0085E-07  2.4094E-06   1.7291E-01  6.6562E-01   0.0000E+00  0.0000E+00   0.0000E+00  0.0000E+00   
1.00E+02  0.086  0.005   3.1277E-06  1.8925E-05   1.7291E-01  6.6562E-01   0.0000E+00  0.0000E+00   0.0000E+00  0.0000E+00   
1.00E+02  0.129  0.000   4.2012E-05  2.5747E-04   1.7290E-01  6.6558E-01   0.0000E+00  0.0000E+00   0.0000E+00  0.0000E+00   
1.00E+02  0.172  0.000   1.8994E-04  1.1810E-03   1.7287E-01  6.6545E-01   0.0000E+00  0.0000E+00   0.0000E+00  0.0000E+00   
1.00E+02  0.259  0.000   1.1560E-03  7.4318E-03   1.7276E-01  6.6511E-01   0.0000E+00  0.0000E+00   0.0000E+00  0.0000E+00   
1.00E+02  0.431  0.000   8.3457E-03  5.8220E-02   1.7377E-01  6.7622E-01   0.0000E+00  0.0000E+00   0.0000E+00  0.0000E+00   
1.00E+02  0.862  0.000   8.6067E-02  7.8851E-01   2.4159E-01  1.2119E+00   0.0000E+00  0.0000E+00   0.0000E+00  0.0000E+00   
1.00E+02  2.585  0.000   2.3378E+00  5.0911E+01   1.0778E+00  8.3788E+00   0.0000E+00  0.0000E+00   0.0000E+00  0.0000E+00   
1.00E+01  0.001  0.509   3.7817E-07  2.2463E-06   1.7291E-01  6.6562E-01   0.0000E+00  0.0000E+00   0.0000E+00  0.0000E+00   
1.00E+01  0.009  0.453   7.3469E-08  4.3690E-07   1.7291E-01  6.6562E-01   0.0000E+00  0.0000E+00   0.0000E+00  0.0000E+00   
1.00E+01  0.017  0.377   5.3299E-08  3.1742E-07   1.7291E-01  6.6562E-01   0.0000E+00  0.0000E+00   0.0000E+00  0.0000E+00   
1.00E+01  0.034  0.205   4.1660E-08  2.4894E-07   1.7291E-01  6.6562E-01   0.0000E+00  0.0000E+00   0.0000E+00  0.0000E+00   
1.00E+01  0.060  0.008   1.5484E-07  9.3069E-07   1.7291E-01  6.6562E-01   0.0000E+00  0.0000E+00   0.0000E+00  0.0000E+00   
1.00E+01  0.086  0.000   2.9755E-06  1.8004E-05   1.7291E-01  6.6562E-01   0.0000E+00  0.0000E+00   0.0000E+00  0.0000E+00   
1.00E+01  0.129  0.000   4.1873E-05  2.5661E-04   1.7290E-01  6.6558E-01   0.0000E+00  0.0000E+00   0.0000E+00  0.0000E+00   
1.00E+01  0.172  0.000   1.8980E-04  1.1802E-03   1.7287E-01  6.6545E-01   0.0000E+00  0.0000E+00   0.0000E+00  0.0000E+00   
1.00E+01  0.259  0.000   1.1559E-03  7.4309E-03   1.7276E-01  6.6511E-01   0.0000E+00  0.0000E+00   0.0000E+00  0.0000E+00   
1.00E+01  0.431  0.000   8.3455E-03  5.8219E-02   1.7377E-01  6.7622E-01   0.0000E+00  0.0000E+00   0.0000E+00  0.0000E+00   
1.00E+01  0.862  0.000   8.6067E-02  7.8851E-01   2.4159E-01  1.2119E+00   0.0000E+00  0.0000E+00   0.0000E+00  0.0000E+00   
1.00E+01  2.585  0.000   2.3378E+00  5.0911E+01   1.0778E+00  8.3788E+00   0.0000E+00  0.0000E+00   0.0000E+00  0.0000E+00   
1.00E+02  0.001  0.511   3.8531E-06  2.2888E-05   1.7291E-01  6.6562E-01   0.0000E+00  0.0000E+00   0.0000E+00  0.0000E+00   
1.00E+02  0.009  0.473   7.3397E-07  4.3648E-06   1.7291E-01  6.6562E-01   0.0000E+00  0.0000E+00   0.0000E+00  0.0000E+00   
1.00E+02  0.017  0.416   5.3274E-07  3.1727E-06   1.7291E-01  6.6562E-01   0.0000E+00  0.0000E+00   0.0000E+00  0.0000E+00   
1.00E+02  0.034  0.284   4.1655E-07  2.4891E-06   1.7291E-01  6.6562E-01   0.0000E+00  0.0000E+00   0.0000E+00  0.0000E+00   
1.00E+02  0.060  0.065   4.0085E-07  2.4094E-06   1.7291E-01  6.6562E-01   0.0000E+00  0.0000E+00   0.0000E+00  0.0000E+00   
1.00E+02  0.086  0.005   3.1277E-06  1.8925E-05   1.7291E-01  6.6562E-01   0.0000E+00  0.0000E+00   0.0000E+00  0.0000E+00   
1.00E+02  0.129  0.000   4.2012E-05  2.5747E-04   1.7290E-01  6.6558E-01   0.0000E+00  0.0000E+00   0.0000E+00  0.0000E+00   
1.00E+02  0.172  0.000   1.8994E-04  1.1810E-03   1.7287E-01  6.6545E-01   0.0000E+00  0.0000E+00   0.0000E+00  0.0000E+00   
1.00E+02  0.259  0.000   1.1560E-03  7.4318E-03   1.7276E-01  6.6511E-01   0.0000E+00  0.0000E+00   0.0000E+00  0.0000E+00   
1.00E+02  0.431  0.000   8.3457E-03  5.8220E-02   1.7377E-01  6.7622E-01   0.0000E+00  0.0000E+00   0.0000E+00  0.0000E+00   
1.00E+02  0.862  0.000   8.6067E-02  7.8851E-01   2.4159E-01  1.2119E+00   0.0000E+00  0.0000E+00   0.0000E+00  0.0000E+00   
1.00E+02  2.585  0.000   2.3378E+00  5.0911E+01   1.0778E+00  8.3788E+00   0.0000E+00  0.0000E+00   0.0000E+00  0.0000E+00   
1.00E+03  0.001  0.513   1.4537E-05  8.6357E-05   1.7291E-01  6.6562E-01   0.0000E+00  0.0000E+00   0.0000E+00  0.0000E+00   
1.00E+03  0.009  0.493   7.2714E-06  4.3243E-05 1.00E+01  0.001  0.509   3.7817E-07  2.2463E-06   1.7291E-01  6.6562E-01   0.0000E+00  0.0000E+00   0.0000E+00  0.0000E+00   
1.00E+01  0.009  0.453   7.3469E-08  4.3690E-07   1.7291E-01  6.6562E-01   0.0000E+00  0.0000E+00   0.0000E+00  0.0000E+00   
1.00E+01  0.017  0.377   5.3299E-08  3.1742E-07   1.7291E-01  6.6562E-01   0.0000E+00  0.0000E+00   0.0000E+00  0.0000E+00   
1.00E+01  0.034  0.205   4.1660E-08  2.4894E-07   1.7291E-01  6.6562E-01   0.0000E+00  0.0000E+00   0.0000E+00  0.0000E+00   
1.00E+01  0.060  0.008   1.5484E-07  9.3069E-07   1.7291E-01  6.6562E-01   0.0000E+00  0.0000E+00   0.0000E+00  0.0000E+00   
1.00E+01  0.086  0.000   2.9755E-06  1.8004E-05   1.7291E-01  6.6562E-01   0.0000E+00  0.0000E+00   0.0000E+00  0.0000E+00   
1.00E+01  0.129  0.000   4.1873E-05  2.5661E-04   1.7290E-01  6.6558E-01   0.0000E+00  0.0000E+00   0.0000E+00  0.0000E+00   
1.00E+01  0.172  0.000   1.8980E-04  1.1802E-03   1.7287E-01  6.6545E-01   0.0000E+00  0.0000E+00   0.0000E+00  0.0000E+00   
1.00E+01  0.259  0.000   1.1559E-03  7.4309E-03   1.7276E-01  6.6511E-01   0.0000E+00  0.0000E+00   0.0000E+00  0.0000E+00   
1.00E+01  0.431  0.000   8.3455E-03  5.8219E-02   1.7377E-01  6.7622E-01   0.0000E+00  0.0000E+00   0.0000E+00  0.0000E+00   
1.00E+01  0.862  0.000   8.6067E-02  7.8851E-01   2.4159E-01  1.2119E+00   0.0000E+00  0.0000E+00   0.0000E+00  0.0000E+00   
1.00E+01  2.585  0.000   2.3378E+00  5.0911E+01   1.0778E+00  8.3788E+00   0.0000E+00  0.0000E+00   0.0000E+00  0.0000E+00   
1.00E+02  0.001  0.511   3.8531E-06  2.2888E-05   1.7291E-01  6.6562E-01   0.0000E+00  0.0000E+00   0.0000E+00  0.0000E+00   
1.00E+02  0.009  0.473   7.3397E-07  4.3648E-06   1.7291E-01  6.6562E-01   0.0000E+00  0.0000E+00   0.0000E+00  0.0000E+00   
1.00E+02  0.017  0.416   5.3274E-07  3.1727E-06   1.7291E-01  6.6562E-01   0.0000E+00  0.0000E+00   0.0000E+00  0.0000E+00   
1.00E+02  0.034  0.284   4.1655E-07  2.4891E-06   1.7291E-01  6.6562E-01   0.0000E+00  0.0000E+00   0.0000E+00  0.0000E+00   
1.00E+02  0.060  0.065   4.0085E-07  2.4094E-06   1.7291E-01  6.6562E-01   0.0000E+00  0.0000E+00   0.0000E+00  0.0000E+00   
1.00E+02  0.086  0.005   3.1277E-06  1.8925E-05   1.7291E-01  6.6562E-01   0.0000E+00  0.0000E+00   0.0000E+00  0.0000E+00   
1.00E+02  0.129  0.000   4.2012E-05  2.5747E-04   1.7290E-01  6.6558E-01   0.0000E+00  0.0000E+00   0.0000E+00  0.0000E+00   
1.00E+02  0.172  0.000   1.8994E-04  1.1810E-03   1.7287E-01  6.6545E-01   0.0000E+00  0.0000E+00   0.0000E+00  0.0000E+00   
1.00E+02  0.259  0.000   1.1560E-03  7.4318E-03   1.7276E-01  6.6511E-01   0.0000E+00  0.0000E+00   0.0000E+00  0.0000E+00   
1.00E+02  0.431  0.000   8.3457E-03  5.8220E-02   1.7377E-01  6.7622E-01   0.0000E+00  0.0000E+00   0.0000E+00  0.0000E+00   
1.00E+02  0.862  0.000   8.6067E-02  7.8851E-01   2.4159E-01  1.2119E+00   0.0000E+00  0.0000E+00   0.0000E+00  0.0000E+00   
1.00E+02  2.585  0.000   2.3378E+00  5.0911E+01   1.0778E+00  8.3788E+00   0.0000E+00  0.0000E+00   0.0000E+00  0.0000E+00   
1.00E+03  0.001  0.513   1.4537E-05  8.6357E-05   1.7291E-01  6.6562E-01   0.0000E+00  0.0000E+00   0.0000E+00  0.0000E+00   
1.00E+03  0.009  0.493   7.2714E-06  4.3243E-05 1.00E+01  0.001  0.509   3.7817E-07  2.2463E-06   1.7291E-01  6.6562E-01   0.0000E+00  0.0000E+00   0.0000E+00  0.0000E+00   
1.00E+03  0.009  0.493   7.2714E-06  4.3243E-05   1.7291E-01  6.6562E-01   0.0000E+00  0.0000E+00   0.0000E+00  0.0000E+00   
1.00E+03  0.017  0.456   5.3026E-06  3.1581E-05   1.7291E-01  6.6562E-01   0.0000E+00  0.0000E+00   0.0000E+00  0.0000E+00   
1.00E+03  0.034  0.364   4.1607E-06  2.4863E-05   1.7291E-01  6.6562E-01   0.0000E+00  0.0000E+00   0.0000E+00  0.0000E+00   
1.00E+03  0.060  0.197   3.5515E-06  2.1347E-05   1.7291E-01  6.6562E-01   0.0000E+00  0.0000E+00   0.0000E+00  0.0000E+00   
1.00E+03  0.086  0.046   5.0238E-06  3.0399E-05   1.7291E-01  6.6562E-01   0.0000E+00  0.0000E+00   0.0000E+00  0.0000E+00   
1.00E+03  0.129  0.005   4.3430E-05  2.6616E-04   1.7290E-01  6.6559E-01   0.0000E+00  0.0000E+00   0.0000E+00  0.0000E+00   
1.00E+03  0.172  0.001   1.9131E-04  1.1895E-03   1.7287E-01  6.6545E-01   0.0000E+00  0.0000E+00   0.0000E+00  0.0000E+00   
1.00E+03  0.259  0.000   1.1574E-03  7.4407E-03   1.7276E-01  6.6511E-01   0.0000E+00  0.0000E+00   0.0000E+00  0.0000E+00   
1.00E+03  0.431  0.000   8.3472E-03  5.8230E-02   1.7377E-01  6.7622E-01   0.0000E+00  0.0000E+00   0.0000E+00  0.0000E+00   
1.00E+03  0.862  0.000   8.6069E-02  7.8853E-01   2.4159E-01  1.2119E+00   0.0000E+00  0.0000E+00   0.0000E+00  0.0000E+00   
1.00E+03  2.585  0.000   2.3378E+00  5.0911E+01   1.0778E+00  8.3788E+00   0.0000E+00  0.0000E+00   0.0000E+00  0.0000E+00   
1.00E+04  0.001  0.523   8.2342E-05  4.8947E-04   1.7291E-01  6.6562E-01   0.0000E+00  0.0000E+00   0.0000E+00  0.0000E+00   
1.00E+04  0.009  0.516   6.2202E-05  3.7004E-04   1.7291E-01  6.6562E-01   0.0000E+00  0.0000E+00   0.0000E+00  0.0000E+00   
1.00E+04  0.017  0.498   5.0741E-05  3.0227E-04   1.7291E-01  6.6562E-01   0.0000E+00  0.0000E+00   0.0000E+00  0.0000E+00   
1.00E+04  0.034  0.444   4.1147E-05  2.4593E-04   1.7291E-01  6.6562E-01   0.0000E+00  0.0000E+00   0.0000E+00  0.0000E+00   
1.00E+04  0.060  0.337   3.5339E-05  2.1244E-04   1.7291E-01  6.6562E-01   0.0000E+00  0.0000E+00   0.0000E+00  0.0000E+00   
1.00E+04  0.086  0.209   3.3033E-05  1.9990E-04   1.7291E-01  6.6562E-01   0.0000E+00  0.0000E+00   0.0000E+00  0.0000E+00   
1.00E+04  0.129  0.047   6.0045E-05  3.6800E-04   1.7290E-01  6.6560E-01   0.0000E+00  0.0000E+00   0.0000E+00  0.0000E+00   
1.00E+04  0.172  0.014   2.0552E-04  1.2779E-03   1.7287E-01  6.6546E-01   0.0000E+00  0.0000E+00   0.0000E+00  0.0000E+00   
1.00E+04  0.259  0.004   1.1713E-03  7.5303E-03   1.7276E-01  6.6513E-01   0.0000E+00  0.0000E+00   0.0000E+00  0.0000E+00   
1.00E+04  0.431  0.001   8.3624E-03  5.8337E-02   1.7377E-01  6.7623E-01   0.0000E+00  0.0000E+00   0.0000E+00  0.0000E+00   
1.00E+04  0.862  0.000   8.6086E-02  7.8868E-01   2.4159E-01  1.2119E+00   0.0000E+00  0.0000E+00   0.0000E+00  0.0000E+00   
1.00E+04  2.585  0.000   2.3379E+00  5.0911E+01   1.0778E+00  8.3788E+00   0.0000E+00  0.0000E+00   0.0000E+00  0.0000E+00   
1.00E+05  0.001  0.565   4.4061E-04  2.6273E-03   1.7291E-01  6.6562E-01   0.0000E+00  0.0000E+00   0.0000E+00  0.0000E+00   
1.00E+05  0.009  0.563   4.2883E-04  2.5578E-03   1.7291E-01  6.6562E-01   0.0000E+00  0.0000E+00   0.0000E+00  0.0000E+00   
1.00E+05  0.017  0.558   4.1300E-04  2.4656E-03   1.7291E-01  6.6562E-01   0.0000E+00  0.0000E+00   0.0000E+00  0.0000E+00   
1.00E+05  0.034  0.537   3.7800E-04  2.2629E-03   1.7291E-01  6.6562E-01   0.0000E+00  0.0000E+00   0.0000E+00  0.0000E+00   
1.00E+05  0.060  0.485   3.4280E-04  2.0633E-03   1.7291E-01  6.6562E-01   0.0000E+00  0.0000E+00   0.0000E+00  0.0000E+00   
1.00E+05  0.086  0.413   3.2334E-04  1.9586E-03   1.7291E-01  6.6562E-01   0.0000E+00  0.0000E+00   0.0000E+00  0.0000E+00   
1.00E+05  0.129  0.265   3.1318E-04  1.9207E-03   1.7291E-01  6.6562E-01   0.0000E+00  0.0000E+00   0.0000E+00  0.0000E+00   
1.00E+05  0.172  0.128   3.9343E-04  2.4474E-03   1.7289E-01  6.6555E-01   0.0000E+00  0.0000E+00   0.0000E+00  0.0000E+00   
1.00E+05  0.259  0.035   1.3194E-03  8.4835E-03   1.7278E-01  6.6524E-01   0.0000E+00  0.0000E+00   0.0000E+00  0.0000E+00   
1.00E+05  0.431  0.009   8.5161E-03  5.9414E-02   1.7379E-01  6.7633E-01   0.0000E+00  0.0000E+00   0.0000E+00  0.0000E+00   
1.00E+05  0.862  0.002   8.6253E-02  7.9023E-01   2.4160E-01  1.2120E+00   0.0000E+00  0.0000E+00   0.0000E+00  0.0000E+00   
1.00E+05  2.585  0.000   2.3380E+00  5.0914E+01   1.0778E+00  8.3788E+00   0.0000E+00  0.0000E+00   0.0000E+00  0.0000E+00   
1.00E+06  0.001  0.726   3.0928E-03  1.8693E-02   1.7291E-01  6.6562E-01   0.0000E+00  0.0000E+00   0.0000E+00  0.0000E+00   
1.00E+06  0.009  0.725   3.0704E-03  1.8559E-02   1.7291E-01  6.6562E-01   0.0000E+00  0.0000E+00   0.0000E+00  0.0000E+00   
1.00E+06  0.017  0.724   3.0773E-03  1.8608E-02   1.7291E-01  6.6562E-01   0.0000E+00  0.0000E+00   0.0000E+00  0.0000E+00   
1.00E+06  0.034  0.718   3.0687E-03  1.8582E-02   1.7291E-01  6.6562E-01   0.0000E+00  0.0000E+00   0.0000E+00  0.0000E+00   
1.00E+06  0.060  0.700   3.0469E-03  1.8518E-02   1.7291E-01  6.6562E-01   0.0000E+00  0.0000E+00   0.0000E+00  0.0000E+00   
1.00E+06  0.086  0.672   3.0219E-03  1.8458E-02   1.7291E-01  6.6562E-01   0.0000E+00  0.0000E+00   0.0000E+00  0.0000E+00   
1.00E+06  0.129  0.604   2.9962E-03  1.8496E-02   1.7291E-01  6.6562E-01   0.0000E+00  0.0000E+00   0.0000E+00  0.0000E+00   
1.00E+06  0.172  0.512   3.0077E-03  1.8804E-02   1.7291E-01  6.6562E-01   0.0000E+00  0.0000E+00   0.0000E+00  0.0000E+00   
1.00E+06  0.259  0.299   3.4463E-03  2.2218E-02   1.7290E-01  6.6582E-01   0.0000E+00  0.0000E+00   0.0000E+00  0.0000E+00   
1.00E+06  0.431  0.091   1.0197E-02  7.1203E-02   1.7398E-01  6.7722E-01   0.0000E+00  0.0000E+00   0.0000E+00  0.0000E+00   
1.00E+06  0.862  0.020   8.7943E-02  8.0585E-01   2.4172E-01  1.2126E+00   0.0000E+00  0.0000E+00   0.0000E+00  0.0000E+00   
1.00E+06  2.585  0.002   2.3396E+00  5.0950E+01   1.0779E+00  8.3793E+00   0.0000E+00  0.0000E+00   0.0000E+00  0.0000E+00   
1.00E+07  0.001  1.223   2.9317E-02  1.8567E-01   1.7291E-01  6.6562E-01   0.0000E+00  0.0000E+00   0.0000E+00  0.0000E+00   
1.00E+07  0.009  1.222   2.9254E-02  1.8527E-01   1.7291E-01  6.6562E-01   0.0000E+00  0.0000E+00   0.0000E+00  0.0000E+00   
1.00E+07  0.017  1.222   2.9260E-02  1.8533E-01   1.7291E-01  6.6562E-01   0.0000E+00  0.0000E+00   0.0000E+00  0.0000E+00   
1.00E+07  0.034  1.219   2.9311E-02  1.8578E-01   1.7291E-01  6.6562E-01   0.0000E+00  0.0000E+00   0.0000E+00  0.0000E+00   
1.00E+07  0.060  1.212   2.9404E-02  1.8670E-01   1.7291E-01  6.6562E-01   0.0000E+00  0.0000E+00   0.0000E+00  0.0000E+00   
1.00E+07  0.086  1.200   2.9547E-02  1.8812E-01   1.7291E-01  6.6562E-01   0.0000E+00  0.0000E+00   0.0000E+00  0.0000E+00   
1.00E+07  0.129  1.173   2.9886E-02  1.9149E-01   1.7291E-01  6.6562E-01   0.0000E+00  0.0000E+00   0.0000E+00  0.0000E+00   
1.00E+07  0.172  1.133   3.0336E-02  1.9604E-01   1.7291E-01  6.6563E-01   0.0000E+00  0.0000E+00   0.0000E+00  0.0000E+00   
1.00E+07  0.259  1.021   3.1536E-02  2.0849E-01   1.7297E-01  6.6613E-01   0.0000E+00  0.0000E+00   0.0000E+00  0.0000E+00   
1.00E+07  0.431  0.698   3.6054E-02  2.5475E-01   1.7470E-01  6.8064E-01   0.0000E+00  0.0000E+00   0.0000E+00  0.0000E+00   
1.00E+07  0.862  0.196   1.0654E-01  9.7808E-01   2.4274E-01  1.2183E+00   0.0000E+00  0.0000E+00   0.0000E+00  0.0000E+00   
1.00E+07  2.585  0.021   2.3558E+00  5.1306E+01   1.0785E+00  8.3847E+00   0.0000E+00  0.0000E+00   0.0000E+00  0.0000E+00   
1.00E+08  0.001  2.447   3.6772E-01  2.6270E+00   1.7291E-01  6.6562E-01   0.0000E+00  0.0000E+00   0.0000E+00  0.0000E+00   
1.00E+08  0.009  2.447   3.6744E-01  2.6249E+00   1.7291E-01  6.6562E-01   0.0000E+00  0.0000E+00   0.0000E+00  0.0000E+00   
1.00E+08  0.017  2.446   3.6734E-01  2.6243E+00   1.7291E-01  6.6562E-01   0.0000E+00  0.0000E+00   0.0000E+00  0.0000E+00   
1.00E+08  0.034  2.445   3.6770E-01  2.6278E+00   1.7291E-01  6.6562E-01   0.0000E+00  0.0000E+00   0.0000E+00  0.0000E+00   
1.00E+08  0.060  2.442   3.6827E-01  2.6341E+00   1.7291E-01  6.6562E-01   0.0000E+00  0.0000E+00   0.0000E+00  0.0000E+00   
1.00E+08  0.086  2.437   3.6917E-01  2.6440E+00   1.7291E-01  6.6562E-01   0.0000E+00  0.0000E+00   0.0000E+00  0.0000E+00   
1.00E+08  0.129  2.424   3.7137E-01  2.6684E+00   1.7291E-01  6.6562E-01   0.0000E+00  0.0000E+00   0.0000E+00  0.0000E+00   
1.00E+08  0.172  2.406   3.7442E-01  2.7024E+00   1.7291E-01  6.6563E-01   0.0000E+00  0.0000E+00   0.0000E+00  0.0000E+00   
1.00E+08  0.259  2.355   3.8270E-01  2.7975E+00   1.7297E-01  6.6615E-01   0.0000E+00  0.0000E+00   0.0000E+00  0.0000E+00   
1.00E+08  0.431  2.192   4.0034E-01  3.0535E+00   1.7494E-01  6.8178E-01   0.0000E+00  0.0000E+00   0.0000E+00  0.0000E+00   
1.00E+08  0.862  1.493   4.0454E-01  3.8057E+00   2.4663E-01  1.2399E+00   0.0000E+00  0.0000E+00   0.0000E+00  0.0000E+00   
1.00E+08  2.585  0.209   2.5231E+00  5.4996E+01   1.0838E+00  8.4363E+00   0.0000E+00  0.0000E+00   0.0000E+00  0.0000E+00   
1.00E+09  0.001  5.181   6.1817E+00  5.6566E+01   1.7291E-01  6.6562E-01   0.0000E+00  0.0000E+00   0.0000E+00  0.0000E+00   
1.00E+09  0.009  5.180   6.1792E+00  5.6540E+01   1.7291E-01  6.6562E-01   0.0000E+00  0.0000E+00   0.0000E+00  0.0000E+00   
1.00E+09  0.017  5.180   6.1778E+00  5.6528E+01   1.7291E-01  6.6562E-01   0.0000E+00  0.0000E+00   0.0000E+00  0.0000E+00   
1.00E+09  0.034  5.180   6.1806E+00  5.6563E+01   1.7291E-01  6.6562E-01   0.0000E+00  0.0000E+00   0.0000E+00  0.0000E+00   
1.00E+09  0.060  5.178   6.1842E+00  5.6617E+01   1.7291E-01  6.6562E-01   0.0000E+00  0.0000E+00   0.0000E+00  0.0000E+00   
1.00E+09  0.086  5.176   6.1900E+00  5.6704E+01   1.7291E-01  6.6562E-01   0.0000E+00  0.0000E+00   0.0000E+00  0.0000E+00   
1.00E+09  0.129  5.170   6.2042E+00  5.6917E+01   1.7291E-01  6.6562E-01   0.0000E+00  0.0000E+00   0.0000E+00  0.0000E+00   
1.00E+09  0.172  5.161   6.2240E+00  5.7214E+01   1.7291E-01  6.6563E-01   0.0000E+00  0.0000E+00   0.0000E+00  0.0000E+00   
1.00E+09  0.259  5.138   6.2750E+00  5.8023E+01   1.7297E-01  6.6615E-01   0.0000E+00  0.0000E+00   0.0000E+00  0.0000E+00   
1.00E+09  0.431  5.062   6.3049E+00  5.9564E+01   1.7495E-01  6.8181E-01   0.0000E+00  0.0000E+00   0.0000E+00  0.0000E+00   
1.00E+09  0.862  4.708   5.2967E+00  5.7013E+01   2.4783E-01  1.2466E+00   0.0000E+00  0.0000E+00   0.0000E+00  0.0000E+00   
1.00E+09  2.585  1.972   4.7452E+00  1.0452E+02   1.1218E+00  8.8084E+00   0.0000E+00  0.0000E+00   0.0000E+00  0.0000E+00   
1.00E+10  0.001  11.119  1.4228E+02  1.9683E+03   1.7291E-01  6.6562E-01   0.0000E+00  0.0000E+00   0.0000E+00  0.0000E+00   
1.00E+10  0.009  11.118  1.4223E+02  1.9676E+03   1.7291E-01  6.6562E-01   0.0000E+00  0.0000E+00   0.0000E+00  0.0000E+00   
1.00E+10  0.017  11.118  1.4221E+02  1.9673E+03   1.7291E-01  6.6562E-01   0.0000E+00  0.0000E+00   0.0000E+00  0.0000E+00   
1.00E+10  0.034  11.118  1.4224E+02  1.9678E+03   1.7291E-01  6.6562E-01   0.0000E+00  0.0000E+00   0.0000E+00  0.0000E+00   
1.00E+10  0.060  11.117  1.4227E+02  1.9684E+03   1.7291E-01  6.6562E-01   0.0000E+00  0.0000E+00   0.0000E+00  0.0000E+00   
1.00E+10  0.086  11.116  1.4231E+02  1.9694E+03   1.7291E-01  6.6562E-01   0.0000E+00  0.0000E+00   0.0000E+00  0.0000E+00   
1.00E+10  0.129  11.113  1.4242E+02  1.9719E+03   1.7291E-01  6.6562E-01   0.0000E+00  0.0000E+00   0.0000E+00  0.0000E+00   
1.00E+10  0.172  11.109  1.4256E+02  1.9754E+03   1.7291E-01  6.6563E-01   0.0000E+00  0.0000E+00   0.0000E+00  0.0000E+00   
1.00E+10  0.259  11.098  1.4285E+02  1.9837E+03   1.7297E-01  6.6615E-01   0.0000E+00  0.0000E+00   0.0000E+00  0.0000E+00   
1.00E+10  0.431  11.063  1.4059E+02  1.9693E+03   1.7495E-01  6.8181E-01   0.0000E+00  0.0000E+00   0.0000E+00  0.0000E+00   
1.00E+10  0.862  10.898  1.0660E+02  1.5893E+03   2.4786E-01  1.2468E+00   0.0000E+00  0.0000E+00   0.0000E+00  0.0000E+00   
1.00E+10  2.585  9.163   4.5332E+01  1.0958E+03   1.1647E+00  9.2353E+00   0.0000E+00  0.0000E+00   0.0000E+00  0.0000E+00   
1.00E+11  0.001  23.934  4.3247E+03  1.0517E+05   1.7291E-01  6.6562E-01   0.0000E+00  0.0000E+00   0.0000E+00  0.0000E+00   
1.00E+11  0.009  23.934  4.3239E+03  1.0515E+05   1.7291E-01  6.6562E-01   0.0000E+00  0.0000E+00   0.0000E+00  0.0000E+00   
1.00E+11  0.017  23.933  4.3238E+03  1.0515E+05   1.7291E-01  6.6562E-01   0.0000E+00  0.0000E+00   0.0000E+00  0.0000E+00   
1.00E+11  0.034  23.934  4.3242E+03  1.0516E+05   1.7291E-01  6.6562E-01   0.0000E+00  0.0000E+00   0.0000E+00  0.0000E+00   
1.00E+11  0.060  23.933  4.3244E+03  1.0517E+05   1.7291E-01  6.6562E-01   0.0000E+00  0.0000E+00   0.0000E+00  0.0000E+00   
1.00E+11  0.086  23.933  4.3247E+03  1.0519E+05   1.7291E-01  6.6562E-01   0.0000E+00  0.0000E+00   0.0000E+00  0.0000E+00   
1.00E+11  0.129  23.931  4.3256E+03  1.0522E+05   1.7291E-01  6.6562E-01   0.0000E+00  0.0000E+00   0.0000E+00  0.0000E+00   
1.00E+11  0.172  23.930  4.3268E+03  1.0528E+05   1.7291E-01  6.6563E-01   0.0000E+00  0.0000E+00   0.0000E+00  0.0000E+00   
1.00E+11  0.259  23.924  4.3259E+03  1.0532E+05   1.7297E-01  6.6615E-01   0.0000E+00  0.0000E+00   0.0000E+00  0.0000E+00   
1.00E+11  0.431  23.908  4.2228E+03  1.0311E+05   1.7495E-01  6.8181E-01   0.0000E+00  0.0000E+00   0.0000E+00  0.0000E+00   
1.00E+11  0.862  23.832  3.0385E+03  7.6050E+04   2.4786E-01  1.2468E+00   0.0000E+00  0.0000E+00   0.0000E+00  0.0000E+00   
1.00E+11  2.585  23.015  8.7233E+02  2.8148E+04   1.1678E+00  9.2665E+00   0.0000E+00  0.0000E+00   0.0000E+00  0.0000E+00   
