rhoYe is density times electron fraction [g/cm^3], T is temperature [MeV], mu_e is electron chemical potential [MeV]
e-(+) cap is electron (positron) capture, e-(+) dec is electron (positron) decay
For each process, first column is neutrino production [neutrinos/baryon second] and second column is energy loss [MeV/baryon second].
rhoYe     T      mu_e    e- cap                   e+ dec                   e+ cap                   e- dec                   
1.00E+01  0.001  0.509   5.2373E-08  2.7583E-07   8.7050E-03  2.0586E-02   0.0000E+00  0.0000E+00   0.0000E+00  0.0000E+00   
1.00E+01  0.009  0.453   1.0057E-08  5.3041E-08   8.7050E-03  2.0586E-02   0.0000E+00  0.0000E+00   0.0000E+00  0.0000E+00   
1.00E+01  0.017  0.377   7.2122E-09  3.8110E-08   8.7050E-03  2.0586E-02   5.9223E-306 3.0824E-307  0.0000E+00  0.0000E+00   
1.00E+01  0.034  0.205   5.5520E-09  2.9461E-08   8.7050E-03  2.0586E-02   1.3977E-153 1.4643E-154  0.0000E+00  0.0000E+00   
1.00E+01  0.060  0.008   2.0361E-08  1.0884E-07   8.7050E-03  2.0586E-02   2.2802E-88  4.2202E-89   0.0000E+00  0.0000E+00   
1.00E+01  0.086  0.000   3.8812E-07  2.0921E-06   8.7049E-03  2.0586E-02   4.6686E-63  1.2458E-63   0.0000E+00  0.0000E+00   
1.00E+01  0.129  0.000   5.4196E-06  2.9678E-05   8.7039E-03  2.0582E-02   3.1214E-43  1.2682E-43   0.0000E+00  0.0000E+00   
1.00E+01  0.172  0.000   2.4467E-05  1.3638E-04   8.6985E-03  2.0564E-02   3.3747E-33  1.8544E-33   0.0000E+00  0.0000E+00   
1.00E+01  0.259  0.000   1.4865E-04  8.6179E-04   8.6579E-03  2.0441E-02   5.4614E-23  4.6231E-23   0.0000E+00  0.0000E+00   
1.00E+01  0.431  0.000   1.0979E-03  6.9322E-03   8.4524E-03  1.9865E-02   1.5172E-14  2.2417E-14   0.0000E+00  0.0000E+00   
1.00E+01  0.862  0.000   1.5845E-02  1.2437E-01   8.8199E-03  2.2662E-02   8.4330E-08  2.7030E-07   0.0000E+00  0.0000E+00   
1.00E+01  2.585  0.000   1.8437E+00  2.9823E+01   2.9244E-02  1.3060E-01   1.5511E-02  1.6542E-01   0.0000E+00  0.0000E+00   
1.00E+01  0.001  0.509   5.2373E-08  2.7583E-07   8.7050E-03  2.0586E-02   0.0000E+00  0.0000E+00   0.0000E+00  0.0000E+00   
1.00E+01  0.009  0.453   1.0057E-08  5.3041E-08   8.7050E-03  2.0586E-02   0.0000E+00  0.0000E+00   0.0000E+00  0.0000E+00   
1.00E+01  0.017  0.377   7.2122E-09  3.8110E-08   8.7050E-03  2.0586E-02   5.9223E-306 3.0824E-307  0.0000E+00  0.0000E+00   
1.00E+01  0.034  0.205   5.5520E-09  2.9461E-08   8.7050E-03  2.0586E-02   1.3977E-153 1.4643E-154  0.0000E+00  0.0000E+00   
1.00E+01  0.060  0.008   2.0361E-08  1.0884E-07   8.7050E-03  2.0586E-02   2.2802E-88  4.2202E-89   0.0000E+00  0.0000E+00   
1.00E+01  0.086  0.000   3.8812E-07  2.0921E-06   8.7049E-03  2.0586E-02   4.6686E-63  1.2458E-63   0.0000E+00  0.0000E+00   
1.00E+01  0.129  0.000   5.4196E-06  2.9678E-05   8.7039E-03  2.0582E-02   3.1214E-43  1.2682E-43   0.0000E+00  0.0000E+00   
1.00E+01  0.172  0.000   2.4467E-05  1.3638E-04   8.6985E-03  2.0564E-02   3.3747E-33  1.8544E-33   0.0000E+00  0.0000E+00   
1.00E+01  0.259  0.000   1.4865E-04  8.6179E-04   8.6579E-03  2.0441E-02   5.4614E-23  4.6231E-23   0.0000E+00  0.0000E+00   
1.00E+01  0.431  0.000   1.0979E-03  6.9322E-03   8.4524E-03  1.9865E-02   1.5172E-14  2.2417E-14   0.0000E+00  0.0000E+00   
1.00E+01  0.862  0.000   1.5845E-02  1.2437E-01   8.8199E-03  2.2662E-02   8.4330E-08  2.7030E-07   0.0000E+00  0.0000E+00   
1.00E+01  2.585  0.000   1.8437E+00  2.9823E+01   2.9244E-02  1.3060E-01   1.5511E-02  1.6542E-01   0.0000E+00  0.0000E+00   
1.00E+02  0.001  0.511   5.3359E-07  2.8102E-06   8.7050E-03  2.0586E-02   0.0000E+00  0.0000E+00   0.0000E+00  0.0000E+00   
1.00E+02  0.009  0.473   1.0046E-07  5.2988E-07   8.7050E-03  2.0586E-02   0.0000E+00  0.0000E+00   0.0000E+00  0.0000E+00   
1.00E+02  0.017  0.416   7.2086E-08  3.8091E-07   8.7050E-03  2.0586E-02   5.9150E-307 3.0786E-308  0.0000E+00  0.0000E+00   
1.00E+02  0.034  0.284   5.5513E-08  2.9457E-07   8.7050E-03  2.0586E-02   1.3971E-154 1.4637E-155  0.0000E+00  0.0000E+00   
1.00E+02  0.060  0.065   5.2710E-08  2.8176E-07   8.7050E-03  2.0586E-02   8.8068E-89  1.6300E-89   0.0000E+00  0.0000E+00   
1.00E+02  0.086  0.005   4.0797E-07  2.1991E-06   8.7049E-03  2.0586E-02   4.4412E-63  1.1851E-63   0.0000E+00  0.0000E+00   
1.00E+02  0.129  0.000   5.4376E-06  2.9777E-05   8.7039E-03  2.0582E-02   3.1110E-43  1.2639E-43   0.0000E+00  0.0000E+00   
1.00E+02  0.172  0.000   2.4484E-05  1.3648E-04   8.6985E-03  2.0564E-02   3.3722E-33  1.8530E-33   0.0000E+00  0.0000E+00   
1.00E+02  0.259  0.000   1.4867E-04  8.6190E-04   8.6579E-03  2.0441E-02   5.4608E-23  4.6225E-23   0.0000E+00  0.0000E+00   
1.00E+02  0.431  0.000   1.0979E-03  6.9323E-03   8.4524E-03  1.9865E-02   1.5171E-14  2.2416E-14   0.0000E+00  0.0000E+00   
1.00E+02  0.862  0.000   1.5845E-02  1.2437E-01   8.8199E-03  2.2662E-02   8.4330E-08  2.7030E-07   0.0000E+00  0.0000E+00   
1.00E+02  2.585  0.000   1.8437E+00  2.9823E+01   2.9244E-02  1.3060E-01   1.5511E-02  1.6542E-01   0.0000E+00  0.0000E+00   
1.00E+01  0.001  0.509   5.2373E-08  2.7583E-07   8.7050E-03  2.0586E-02   0.0000E+00  0.0000E+00   0.0000E+00  0.0000E+00   
1.00E+01  0.009  0.453   1.0057E-08  5.3041E-08   8.7050E-03  2.0586E-02   0.0000E+00  0.0000E+00   0.0000E+00  0.0000E+00   
1.00E+01  0.017  0.377   7.2122E-09  3.8110E-08   8.7050E-03  2.0586E-02   5.9223E-306 3.0824E-307  0.0000E+00  0.0000E+00   
1.00E+01  0.034  0.205   5.5520E-09  2.9461E-08   8.7050E-03  2.0586E-02   1.3977E-153 1.4643E-154  0.0000E+00  0.0000E+00   
1.00E+01  0.060  0.008   2.0361E-08  1.0884E-07   8.7050E-03  2.0586E-02   2.2802E-88  4.2202E-89   0.0000E+00  0.0000E+00   
1.00E+01  0.086  0.000   3.8812E-07  2.0921E-06   8.7049E-03  2.0586E-02   4.6686E-63  1.2458E-63   0.0000E+00  0.0000E+00   
1.00E+01  0.129  0.000   5.4196E-06  2.9678E-05   8.7039E-03  2.0582E-02   3.1214E-43  1.2682E-43   0.0000E+00  0.0000E+00   
1.00E+01  0.172  0.000   2.4467E-05  1.3638E-04   8.6985E-03  2.0564E-02   3.3747E-33  1.8544E-33   0.0000E+00  0.0000E+00   
1.00E+01  0.259  0.000   1.4865E-04  8.6179E-04   8.6579E-03  2.0441E-02   5.4614E-23  4.6231E-23   0.0000E+00  0.0000E+00   
1.00E+01  0.431  0.000   1.0979E-03  6.9322E-03   8.4524E-03  1.9865E-02   1.5172E-14  2.2417E-14   0.0000E+00  0.0000E+00   
1.00E+01  0.862  0.000   1.5845E-02  1.2437E-01   8.8199E-03  2.2662E-02   8.4330E-08  2.7030E-07   0.0000E+00  0.0000E+00   
1.00E+01  2.585  0.000   1.8437E+00  2.9823E+01   2.9244E-02  1.3060E-01   1.5511E-02  1.6542E-01   0.0000E+00  0.0000E+00   
1.00E+02  0.001  0.511   5.3359E-07  2.8102E-06   8.7050E-03  2.0586E-02   0.0000E+00  0.0000E+00   0.0000E+00  0.0000E+00   
1.00E+02  0.009  0.473   1.0046E-07  5.2988E-07   8.7050E-03  2.0586E-02   0.0000E+00  0.0000E+00   0.0000E+00  0.0000E+00   
1.00E+02  0.017  0.416   7.2086E-08  3.8091E-07   8.7050E-03  2.0586E-02   5.9150E-307 3.0786E-308  0.0000E+00  0.0000E+00   
1.00E+02  0.034  0.284   5.5513E-08  2.9457E-07   8.7050E-03  2.0586E-02   1.3971E-154 1.4637E-155  0.0000E+00  0.0000E+00   
1.00E+02  0.060  0.065   5.2710E-08  2.8176E-07   8.7050E-03  2.0586E-02   8.8068E-89  1.6300E-89   0.0000E+00  0.0000E+00   
1.00E+02  0.086  0.005   4.0797E-07  2.1991E-06   8.7049E-03  2.0586E-02   4.4412E-63  1.1851E-63   0.0000E+00  0.0000E+00   
1.00E+02  0.129  0.000   5.4376E-06  2.9777E-05   8.7039E-03  2.0582E-02   3.1110E-43  1.2639E-43   0.0000E+00  0.0000E+00   
1.00E+02  0.172  0.000   2.4484E-05  1.3648E-04   8.6985E-03  2.0564E-02   3.3722E-33  1.8530E-33   0.0000E+00  0.0000E+00   
1.00E+02  0.259  0.000   1.4867E-04  8.6190E-04   8.6579E-03  2.0441E-02   5.4608E-23  4.6225E-23   0.0000E+00  0.0000E+00   
1.00E+02  0.431  0.000   1.0979E-03  6.9323E-03   8.4524E-03  1.9865E-02   1.5171E-14  2.2416E-14   0.0000E+00  0.0000E+00   
1.00E+02  0.862  0.000   1.5845E-02  1.2437E-01   8.8199E-03  2.2662E-02   8.4330E-08  2.7030E-07   0.0000E+00  0.0000E+00   
1.00E+02  2.585  0.000   1.8437E+00  2.9823E+01   2.9244E-02  1.3060E-01   1.5511E-02  1.6542E-01   0.0000E+00  0.0000E+00   
1.00E+03  0.001  0.513   2.0125E-06  1.0600E-05   8.7050E-03  2.0586E-02   0.0000E+00  0.0000E+00   0.0000E+00  0.0000E+00   
1.00E+03  0.009  0.493   9.9491E-07  5.2477E-06 1.00E+01  0.001  0.509   5.2373E-08  2.7583E-07   8.7050E-03  2.0586E-02   0.0000E+00  0.0000E+00   0.0000E+00  0.0000E+00   
1.00E+01  0.009  0.453   1.0057E-08  5.3041E-08   8.7050E-03  2.0586E-02   0.0000E+00  0.0000E+00   0.0000E+00  0.0000E+00   
1.00E+01  0.017  0.377   7.2122E-09  3.8110E-08   8.7050E-03  2.0586E-02   5.9223E-306 3.0824E-307  0.0000E+00  0.0000E+00   
1.00E+01  0.034  0.205   5.5520E-09  2.9461E-08   8.7050E-03  2.0586E-02   1.3977E-153 1.4643E-154  0.0000E+00  0.0000E+00   
1.00E+01  0.060  0.008   2.0361E-08  1.0884E-07   8.7050E-03  2.0586E-02   2.2802E-88  4.2202E-89   0.0000E+00  0.0000E+00   
1.00E+01  0.086  0.000   3.8812E-07  2.0921E-06   8.7049E-03  2.0586E-02   4.6686E-63  1.2458E-63   0.0000E+00  0.0000E+00   
1.00E+01  0.129  0.000   5.4196E-06  2.9678E-05   8.7039E-03  2.0582E-02   3.1214E-43  1.2682E-43   0.0000E+00  0.0000E+00   
1.00E+01  0.172  0.000   2.4467E-05  1.3638E-04   8.6985E-03  2.0564E-02   3.3747E-33  1.8544E-33   0.0000E+00  0.0000E+00   
1.00E+01  0.259  0.000   1.4865E-04  8.6179E-04   8.6579E-03  2.0441E-02   5.4614E-23  4.6231E-23   0.0000E+00  0.0000E+00   
1.00E+01  0.431  0.000   1.0979E-03  6.9322E-03   8.4524E-03  1.9865E-02   1.5172E-14  2.2417E-14   0.0000E+00  0.0000E+00   
1.00E+01  0.862  0.000   1.5845E-02  1.2437E-01   8.8199E-03  2.2662E-02   8.4330E-08  2.7030E-07   0.0000E+00  0.0000E+00   
1.00E+01  2.585  0.000   1.8437E+00  2.9823E+01   2.9244E-02  1.3060E-01   1.5511E-02  1.6542E-01   0.0000E+00  0.0000E+00   
1.00E+02  0.001  0.511   5.3359E-07  2.8102E-06   8.7050E-03  2.0586E-02   0.0000E+00  0.0000E+00   0.0000E+00  0.0000E+00   
1.00E+02  0.009  0.473   1.0046E-07  5.2988E-07   8.7050E-03  2.0586E-02   0.0000E+00  0.0000E+00   0.0000E+00  0.0000E+00   
1.00E+02  0.017  0.416   7.2086E-08  3.8091E-07   8.7050E-03  2.0586E-02   5.9150E-307 3.0786E-308  0.0000E+00  0.0000E+00   
1.00E+02  0.034  0.284   5.5513E-08  2.9457E-07   8.7050E-03  2.0586E-02   1.3971E-154 1.4637E-155  0.0000E+00  0.0000E+00   
1.00E+02  0.060  0.065   5.2710E-08  2.8176E-07   8.7050E-03  2.0586E-02   8.8068E-89  1.6300E-89   0.0000E+00  0.0000E+00   
1.00E+02  0.086  0.005   4.0797E-07  2.1991E-06   8.7049E-03  2.0586E-02   4.4412E-63  1.1851E-63   0.0000E+00  0.0000E+00   
1.00E+02  0.129  0.000   5.4376E-06  2.9777E-05   8.7039E-03  2.0582E-02   3.1110E-43  1.2639E-43   0.0000E+00  0.0000E+00   
1.00E+02  0.172  0.000   2.4484E-05  1.3648E-04   8.6985E-03  2.0564E-02   3.3722E-33  1.8530E-33   0.0000E+00  0.0000E+00   
1.00E+02  0.259  0.000   1.4867E-04  8.6190E-04   8.6579E-03  2.0441E-02   5.4608E-23  4.6225E-23   0.0000E+00  0.0000E+00   
1.00E+02  0.431  0.000   1.0979E-03  6.9323E-03   8.4524E-03  1.9865E-02   1.5171E-14  2.2416E-14   0.0000E+00  0.0000E+00   
1.00E+02  0.862  0.000   1.5845E-02  1.2437E-01   8.8199E-03  2.2662E-02   8.4330E-08  2.7030E-07   0.0000E+00  0.0000E+00   
1.00E+02  2.585  0.000   1.8437E+00  2.9823E+01   2.9244E-02  1.3060E-01   1.5511E-02  1.6542E-01   0.0000E+00  0.0000E+00   
1.00E+03  0.001  0.513   2.0125E-06  1.0600E-05   8.7050E-03  2.0586E-02   0.0000E+00  0.0000E+00   0.0000E+00  0.0000E+00   
1.00E+03  0.009  0.493   9.9491E-07  5.2477E-06   8.7050E-03  2.0586E-02   0.0000E+00  0.0000E+00   0.0000E+00  0.0000E+00   
1.00E+03  0.009  0.493   9.9491E-07  5.2477E-06 1.00E+01  0.001  0.509   5.2373E-08  2.7583E-07   8.7050E-03  2.0586E-02   0.0000E+00  0.0000E+00   0.0000E+00  0.0000E+00   
1.00E+03  0.017  0.456   7.1737E-07  3.7908E-06   8.7050E-03  2.0586E-02   5.8424E-308 3.0408E-309  0.0000E+00  0.0000E+00   
1.00E+03  0.034  0.364   5.5444E-07  2.9421E-06   8.7050E-03  2.0586E-02   1.3913E-155 1.4576E-156  0.0000E+00  0.0000E+00   
1.00E+03  0.060  0.197   4.6698E-07  2.4963E-06   8.7050E-03  2.0586E-02   9.9214E-90  1.8362E-90   0.0000E+00  0.0000E+00   
1.00E+03  0.086  0.046   6.5529E-07  3.5323E-06   8.7050E-03  2.0586E-02   2.7632E-63  7.3737E-64   0.0000E+00  0.0000E+00   
1.00E+03  0.129  0.005   5.6211E-06  3.0782E-05   8.7039E-03  2.0582E-02   3.0088E-43  1.2224E-43   0.0000E+00  0.0000E+00   
1.00E+03  0.172  0.001   2.4661E-05  1.3746E-04   8.6985E-03  2.0564E-02   3.3477E-33  1.8396E-33   0.0000E+00  0.0000E+00   
1.00E+03  0.259  0.000   1.4884E-04  8.6293E-04   8.6579E-03  2.0441E-02   5.4540E-23  4.6168E-23   0.0000E+00  0.0000E+00   
1.00E+03  0.431  0.000   1.0981E-03  6.9336E-03   8.4525E-03  1.9865E-02   1.5168E-14  2.2412E-14   0.0000E+00  0.0000E+00   
1.00E+03  0.862  0.000   1.5846E-02  1.2438E-01   8.8199E-03  2.2662E-02   8.4328E-08  2.7029E-07   0.0000E+00  0.0000E+00   
1.00E+03  2.585  0.000   1.8437E+00  2.9823E+01   2.9244E-02  1.3060E-01   1.5511E-02  1.6542E-01   0.0000E+00  0.0000E+00   
1.00E+04  0.001  0.523   1.1317E-05  5.9657E-05   8.7050E-03  2.0586E-02   0.0000E+00  0.0000E+00   0.0000E+00  0.0000E+00   
1.00E+04  0.009  0.516   8.4820E-06  4.4758E-05   8.7050E-03  2.0586E-02   0.0000E+00  0.0000E+00   0.0000E+00  0.0000E+00   
1.00E+04  0.017  0.498   6.8517E-06  3.6218E-05   8.7050E-03  2.0586E-02   5.1804E-309 2.6963E-310  0.0000E+00  0.0000E+00   
1.00E+04  0.034  0.444   5.4788E-06  2.9080E-05   8.7050E-03  2.0586E-02   1.3350E-156 1.3986E-157  0.0000E+00  0.0000E+00   
1.00E+04  0.060  0.337   4.6453E-06  2.4836E-05   8.7050E-03  2.0586E-02   9.7814E-91  1.8103E-91   0.0000E+00  0.0000E+00   
1.00E+04  0.086  0.209   4.3081E-06  2.3225E-05   8.7050E-03  2.0586E-02   4.1642E-64  1.1112E-64   0.0000E+00  0.0000E+00   
1.00E+04  0.129  0.047   7.7712E-06  4.2559E-05   8.7041E-03  2.0583E-02   2.1709E-43  8.8199E-44   0.0000E+00  0.0000E+00   
1.00E+04  0.172  0.014   2.6493E-05  1.4768E-04   8.6988E-03  2.0565E-02   3.1127E-33  1.7104E-33   0.0000E+00  0.0000E+00   
1.00E+04  0.259  0.004   1.5063E-04  8.7333E-04   8.6582E-03  2.0442E-02   5.3870E-23  4.5601E-23   0.0000E+00  0.0000E+00   
1.00E+04  0.431  0.001   1.1001E-03  6.9463E-03   8.4527E-03  1.9866E-02   1.5139E-14  2.2369E-14   0.0000E+00  0.0000E+00   
1.00E+04  0.862  0.000   1.5849E-02  1.2440E-01   8.8201E-03  2.2662E-02   8.4311E-08  2.7023E-07   0.0000E+00  0.0000E+00   
1.00E+04  2.585  0.000   1.8437E+00  2.9823E+01   2.9244E-02  1.3060E-01   1.5511E-02  1.6541E-01   0.0000E+00  0.0000E+00   
1.00E+05  0.001  0.565   5.8942E-05  3.1195E-04   8.7050E-03  2.0586E-02   0.0000E+00  0.0000E+00   0.0000E+00  0.0000E+00   
1.00E+05  0.009  0.563   5.7321E-05  3.0348E-04   8.7050E-03  2.0586E-02   0.0000E+00  0.0000E+00   0.0000E+00  0.0000E+00   
1.00E+05  0.017  0.558   5.5042E-05  2.9175E-04   8.7050E-03  2.0586E-02   1.6125E-310 8.3922E-312  0.0000E+00  0.0000E+00   
1.00E+05  0.034  0.537   5.0008E-05  2.6598E-04   8.7050E-03  2.0586E-02   9.0105E-158 9.4398E-159  0.0000E+00  0.0000E+00   
1.00E+05  0.060  0.485   4.4934E-05  2.4062E-04   8.7050E-03  2.0586E-02   8.3964E-92  1.5540E-92   0.0000E+00  0.0000E+00   
1.00E+05  0.086  0.413   4.2108E-05  2.2729E-04   8.7050E-03  2.0586E-02   3.8745E-65  1.0339E-65   0.0000E+00  0.0000E+00   
1.00E+05  0.129  0.265   4.0513E-05  2.2206E-04   8.7046E-03  2.0585E-02   4.0098E-44  1.6291E-44   0.0000E+00  0.0000E+00   
1.00E+05  0.172  0.128   5.0707E-05  2.8279E-04   8.7006E-03  2.0573E-02   1.6022E-33  8.8038E-34   0.0000E+00  0.0000E+00   
1.00E+05  0.259  0.035   1.6967E-04  9.8390E-04   8.6608E-03  2.0452E-02   4.7626E-23  4.0315E-23   0.0000E+00  0.0000E+00   
1.00E+05  0.431  0.009   1.1203E-03  7.0746E-03   8.4549E-03  1.9873E-02   1.4852E-14  2.1944E-14   0.0000E+00  0.0000E+00   
1.00E+05  0.862  0.002   1.5880E-02  1.2465E-01   8.8212E-03  2.2666E-02   8.4137E-08  2.6968E-07   0.0000E+00  0.0000E+00   
1.00E+05  2.585  0.000   1.8438E+00  2.9825E+01   2.9245E-02  1.3060E-01   1.5510E-02  1.6540E-01   0.0000E+00  0.0000E+00   
1.00E+06  0.001  0.726   4.0093E-04  2.1587E-03   8.7050E-03  2.0586E-02   0.0000E+00  0.0000E+00   0.0000E+00  0.0000E+00   
1.00E+06  0.009  0.725   3.9805E-04  2.1434E-03   8.7050E-03  2.0586E-02   0.0000E+00  0.0000E+00   0.0000E+00  0.0000E+00   
1.00E+06  0.017  0.724   3.9888E-04  2.1489E-03   8.7050E-03  2.0586E-02   1.0428E-314 5.4079E-316  0.0000E+00  0.0000E+00   
1.00E+06  0.034  0.718   3.9757E-04  2.1456E-03   8.7050E-03  2.0586E-02   4.7978E-160 5.0265E-161  0.0000E+00  0.0000E+00   
1.00E+06  0.060  0.700   3.9423E-04  2.1372E-03   8.7050E-03  2.0586E-02   2.3673E-93  4.3815E-94   0.0000E+00  0.0000E+00   
1.00E+06  0.086  0.672   3.9037E-04  2.1294E-03   8.7050E-03  2.0586E-02   1.9259E-66  5.1393E-67   0.0000E+00  0.0000E+00   
1.00E+06  0.129  0.604   3.8612E-04  2.1337E-03   8.7047E-03  2.0586E-02   2.9241E-45  1.1880E-45   0.0000E+00  0.0000E+00   
1.00E+06  0.172  0.512   3.8696E-04  2.1717E-03   8.7023E-03  2.0579E-02   1.7294E-34  9.5030E-35   0.0000E+00  0.0000E+00   
1.00E+06  0.259  0.299   4.4307E-04  2.5775E-03   8.6735E-03  2.0501E-02   1.7195E-23  1.4555E-23   0.0000E+00  0.0000E+00   
1.00E+06  0.431  0.091   1.3416E-03  8.4804E-03   8.4749E-03  1.9944E-02   1.2274E-14  1.8135E-14   0.0000E+00  0.0000E+00   
1.00E+06  0.862  0.020   1.6192E-02  1.2712E-01   8.8328E-03  2.2703E-02   8.2425E-08  2.6419E-07   0.0000E+00  0.0000E+00   
1.00E+06  2.585  0.002   1.8451E+00  2.9847E+01   2.9248E-02  1.3061E-01   1.5498E-02  1.6528E-01   0.0000E+00  0.0000E+00   
1.00E+07  0.001  1.223   3.7542E-03  2.1414E-02   8.7050E-03  2.0586E-02   0.0000E+00  0.0000E+00   0.0000E+00  0.0000E+00   
1.00E+07  0.009  1.222   3.7461E-03  2.1368E-02   8.7050E-03  2.0586E-02   0.0000E+00  0.0000E+00   0.0000E+00  0.0000E+00   
1.00E+07  0.017  1.222   3.7470E-03  2.1376E-02   8.7050E-03  2.0586E-02   0.0000E+00  0.0000E+00   0.0000E+00  0.0000E+00   
1.00E+07  0.034  1.219   3.7538E-03  2.1432E-02   8.7050E-03  2.0586E-02   2.3130E-166 2.4232E-167  0.0000E+00  0.0000E+00   
1.00E+07  0.060  1.212   3.7663E-03  2.1549E-02   8.7050E-03  2.0586E-02   4.9033E-97  9.0749E-98   0.0000E+00  0.0000E+00   
1.00E+07  0.086  1.200   3.7857E-03  2.1729E-02   8.7050E-03  2.0586E-02   4.1863E-69  1.1171E-69   0.0000E+00  0.0000E+00   
1.00E+07  0.129  1.173   3.8314E-03  2.2159E-02   8.7047E-03  2.0586E-02   3.5894E-47  1.4583E-47   0.0000E+00  0.0000E+00   
1.00E+07  0.172  1.133   3.8920E-03  2.2737E-02   8.7025E-03  2.0580E-02   4.7049E-36  2.5853E-36   0.0000E+00  0.0000E+00   
1.00E+07  0.259  1.021   4.0548E-03  2.4306E-02   8.6804E-03  2.0527E-02   1.0505E-24  8.8924E-25   0.0000E+00  0.0000E+00   
1.00E+07  0.431  0.698   4.7511E-03  3.0442E-02   8.5511E-03  2.0213E-02   3.0033E-15  4.4372E-15   0.0000E+00  0.0000E+00   
1.00E+07  0.862  0.196   1.9633E-02  1.5447E-01   8.9387E-03  2.3036E-02   6.7184E-08  2.1532E-07   0.0000E+00  0.0000E+00   
1.00E+07  2.585  0.021   1.8580E+00  3.0058E+01   2.9283E-02  1.3077E-01   1.5387E-02  1.6409E-01   0.0000E+00  0.0000E+00   
1.00E+08  0.001  2.447   4.7736E-02  3.1297E-01   8.7050E-03  2.0586E-02   0.0000E+00  0.0000E+00   0.0000E+00  0.0000E+00   
1.00E+08  0.009  2.447   4.7699E-02  3.1272E-01   8.7050E-03  2.0586E-02   0.0000E+00  0.0000E+00   0.0000E+00  0.0000E+00   
1.00E+08  0.017  2.446   4.7686E-02  3.1266E-01   8.7050E-03  2.0586E-02   0.0000E+00  0.0000E+00   0.0000E+00  0.0000E+00   
1.00E+08  0.034  2.445   4.7737E-02  3.1310E-01   8.7050E-03  2.0586E-02   8.2342E-182 8.6266E-183  0.0000E+00  0.0000E+00   
1.00E+08  0.060  2.442   4.7817E-02  3.1393E-01   8.7050E-03  2.0586E-02   6.8315E-106 1.2644E-106  0.0000E+00  0.0000E+00   
1.00E+08  0.086  2.437   4.7946E-02  3.1523E-01   8.7050E-03  2.0586E-02   2.4652E-75  6.5784E-76   0.0000E+00  0.0000E+00   
1.00E+08  0.129  2.424   4.8261E-02  3.1841E-01   8.7047E-03  2.0586E-02   2.2435E-51  9.1148E-52   0.0000E+00  0.0000E+00   
1.00E+08  0.172  2.406   4.8695E-02  3.2283E-01   8.7025E-03  2.0580E-02   2.9217E-39  1.6054E-39   0.0000E+00  0.0000E+00   
1.00E+08  0.259  2.355   4.9891E-02  3.3508E-01   8.6809E-03  2.0529E-02   6.0450E-27  5.1170E-27   0.0000E+00  0.0000E+00   
1.00E+08  0.431  2.192   5.3542E-02  3.7324E-01   8.5766E-03  2.0304E-02   9.3725E-17  1.3848E-16   0.0000E+00  0.0000E+00   
1.00E+08  0.862  1.493   7.5453E-02  6.0964E-01   9.3452E-03  2.4336E-02   1.4919E-08  4.7805E-08   0.0000E+00  0.0000E+00   
1.00E+08  2.585  0.209   1.9919E+00  3.2257E+01   2.9624E-02  1.3234E-01   1.4313E-02  1.5261E-01   0.0000E+00  0.0000E+00   
1.00E+09  0.001  5.181   8.5743E-01  7.2004E+00   8.7050E-03  2.0586E-02   0.0000E+00  0.0000E+00   0.0000E+00  0.0000E+00   
1.00E+09  0.009  5.180   8.5706E-01  7.1971E+00   8.7050E-03  2.0586E-02   0.0000E+00  0.0000E+00   0.0000E+00  0.0000E+00   
1.00E+09  0.017  5.180   8.5688E-01  7.1956E+00   8.7050E-03  2.0586E-02   0.0000E+00  0.0000E+00   0.0000E+00  0.0000E+00   
1.00E+09  0.034  5.180   8.5734E-01  7.2005E+00   8.7050E-03  2.0586E-02   2.8965E-216 3.0345E-217  0.0000E+00  0.0000E+00   
1.00E+09  0.060  5.178   8.5800E-01  7.2084E+00   8.7050E-03  2.0586E-02   1.3604E-125 2.5179E-126  0.0000E+00  0.0000E+00   
1.00E+09  0.086  5.176   8.5906E-01  7.2209E+00   8.7050E-03  2.0586E-02   3.8654E-89  1.0315E-89   0.0000E+00  0.0000E+00   
1.00E+09  0.129  5.170   8.6166E-01  7.2517E+00   8.7047E-03  2.0586E-02   1.3330E-60  5.4155E-61   0.0000E+00  0.0000E+00   
1.00E+09  0.172  5.161   8.6525E-01  7.2942E+00   8.7025E-03  2.0580E-02   3.3258E-46  1.8275E-46   0.0000E+00  0.0000E+00   
1.00E+09  0.259  5.138   8.7511E-01  7.4106E+00   8.6809E-03  2.0529E-02   1.2770E-31  1.0810E-31   0.0000E+00  0.0000E+00   
1.00E+09  0.431  5.062   9.0519E-01  7.7704E+00   8.5774E-03  2.0307E-02   1.1990E-19  1.7715E-19   0.0000E+00  0.0000E+00   
1.00E+09  0.862  4.708   1.0632E+00  9.8558E+00   9.4732E-03  2.4751E-02   3.5786E-10  1.1466E-09   0.0000E+00  0.0000E+00   
1.00E+09  2.585  1.972   3.7899E+00  6.2152E+01   3.2172E-02  1.4409E-01   7.2534E-03  7.7241E-02   0.0000E+00  0.0000E+00   
1.00E+10  0.001  11.119  2.5174E+01  2.9911E+02   8.7050E-03  2.0586E-02   0.0000E+00  0.0000E+00   0.0000E+00  0.0000E+00   
1.00E+10  0.009  11.118  2.5165E+01  2.9899E+02   8.7050E-03  2.0586E-02   0.0000E+00  0.0000E+00   0.0000E+00  0.0000E+00   
1.00E+10  0.017  11.118  2.5161E+01  2.9894E+02   8.7050E-03  2.0586E-02   0.0000E+00  0.0000E+00   0.0000E+00  0.0000E+00   
1.00E+10  0.034  11.118  2.5167E+01  2.9903E+02   8.7050E-03  2.0586E-02   4.4027E-291 4.6125E-292  0.0000E+00  0.0000E+00   
1.00E+10  0.060  11.117  2.5174E+01  2.9916E+02   8.7050E-03  2.0586E-02   2.3682E-168 4.3830E-169  0.0000E+00  0.0000E+00   
1.00E+10  0.086  11.116  2.5184E+01  2.9936E+02   8.7050E-03  2.0586E-02   4.4584E-119 1.1897E-119  0.0000E+00  0.0000E+00   
1.00E+10  0.129  11.113  2.5211E+01  2.9984E+02   8.7047E-03  2.0586E-02   1.4305E-80  5.8117E-81   0.0000E+00  0.0000E+00   
1.00E+10  0.172  11.109  2.5245E+01  3.0049E+02   8.7025E-03  2.0580E-02   3.4173E-61  1.8778E-61   0.0000E+00  0.0000E+00   
1.00E+10  0.259  11.098  2.5325E+01  3.0216E+02   8.6809E-03  2.0529E-02   1.2381E-41  1.0480E-41   0.0000E+00  0.0000E+00   
1.00E+10  0.431  11.063  2.5484E+01  3.0670E+02   8.5774E-03  2.0307E-02   1.0710E-25  1.5824E-25   0.0000E+00  0.0000E+00   
1.00E+10  0.862  10.898  2.6161E+01  3.3195E+02   9.4764E-03  2.4762E-02   2.7153E-13  8.6998E-13   0.0000E+00  0.0000E+00   
1.00E+10  2.585  9.163   3.9661E+01  7.3040E+02   3.5322E-02  1.5864E-01   4.5049E-04  4.7913E-03   0.0000E+00  0.0000E+00   
1.00E+11  0.001  23.934  1.0343E+03  2.1822E+04   8.7050E-03  2.0586E-02   0.0000E+00  0.0000E+00   0.0000E+00  0.0000E+00   
1.00E+11  0.009  23.934  1.0341E+03  2.1817E+04   8.7050E-03  2.0586E-02   0.0000E+00  0.0000E+00   0.0000E+00  0.0000E+00   
1.00E+11  0.017  23.933  1.0341E+03  2.1817E+04   8.7050E-03  2.0586E-02   0.0000E+00  0.0000E+00   0.0000E+00  0.0000E+00   
1.00E+11  0.034  23.934  1.0342E+03  2.1819E+04   8.7050E-03  2.0586E-02   0.0000E+00  0.0000E+00   0.0000E+00  0.0000E+00   
1.00E+11  0.060  23.933  1.0342E+03  2.1821E+04   8.7050E-03  2.0586E-02   1.2682E-260 2.3472E-261  0.0000E+00  0.0000E+00   
1.00E+11  0.086  23.933  1.0344E+03  2.1825E+04   8.7050E-03  2.0586E-02   1.1384E-183 3.0379E-184  0.0000E+00  0.0000E+00   
1.00E+11  0.129  23.931  1.0346E+03  2.1835E+04   8.7047E-03  2.0586E-02   1.2263E-123 4.9823E-124  0.0000E+00  0.0000E+00   
1.00E+11  0.172  23.930  1.0348E+03  2.1845E+04   8.7025E-03  2.0580E-02   1.6918E-93  9.2961E-94   0.0000E+00  0.0000E+00   
1.00E+11  0.259  23.924  1.0338E+03  2.1848E+04   8.6809E-03  2.0529E-02   3.5151E-63  2.9755E-63   0.0000E+00  0.0000E+00   
1.00E+11  0.431  23.908  1.0236E+03  2.1738E+04   8.5774E-03  2.0307E-02   1.2098E-38  1.7874E-38   0.0000E+00  0.0000E+00   
1.00E+11  0.862  23.832  9.6046E+02  2.1041E+04   9.4764E-03  2.4762E-02   8.2363E-20  2.6389E-19   0.0000E+00  0.0000E+00   
1.00E+11  2.585  23.015  9.2874E+02  2.4571E+04   3.5563E-02  1.5975E-01   2.1214E-06  2.2560E-05   0.0000E+00  0.0000E+00   
