rhoYe is density times electron fraction [g/cm^3], T is temperature [MeV], mu_e is electron chemical potential [MeV]
e-(+) cap is electron (positron) capture, e-(+) dec is electron (positron) decay
For each process, first column is neutrino production [neutrinos/baryon second] and second column is energy loss [MeV/baryon second].
rhoYe     T      mu_e    e- cap                   e+ dec                   e+ cap                   e- dec                   
1.00E+01  0.001  0.509   0.0000E+00  0.0000E+00   0.0000E+00  0.0000E+00   0.0000E+00  0.0000E+00   1.4922E-04  1.6806E-04   
1.00E+01  0.009  0.453   0.0000E+00  0.0000E+00   0.0000E+00  0.0000E+00   1.2493E-56  3.4412E-56   1.4922E-04  1.6806E-04   
1.00E+01  0.017  0.377   0.0000E+00  0.0000E+00   0.0000E+00  0.0000E+00   9.2454E-30  2.5594E-29   1.4922E-04  1.6806E-04   
1.00E+01  0.034  0.205   0.0000E+00  0.0000E+00   0.0000E+00  0.0000E+00   8.4508E-16  2.3630E-15   1.4922E-04  1.6806E-04   
1.00E+01  0.060  0.008   0.0000E+00  0.0000E+00   0.0000E+00  0.0000E+00   4.9769E-10  1.4131E-09   1.4922E-04  1.6806E-04   
1.00E+01  0.086  0.000   0.0000E+00  0.0000E+00   0.0000E+00  0.0000E+00   1.4979E-08  4.3211E-08   1.4921E-04  1.6804E-04   
1.00E+01  0.129  0.000   0.0000E+00  0.0000E+00   0.0000E+00  0.0000E+00   2.6229E-07  7.7793E-07   1.4908E-04  1.6783E-04   
1.00E+01  0.172  0.000   0.0000E+00  0.0000E+00   0.0000E+00  0.0000E+00   1.3725E-06  4.1926E-06   1.4868E-04  1.6720E-04   
1.00E+01  0.259  0.000   0.0000E+00  0.0000E+00   0.0000E+00  0.0000E+00   1.0312E-05  3.3586E-05   1.4778E-04  1.6646E-04   
1.00E+01  0.431  0.000   0.0000E+00  0.0000E+00   0.0000E+00  0.0000E+00   1.0553E-04  3.9587E-04   1.7956E-04  2.5261E-04   
1.00E+01  0.862  0.000   0.0000E+00  0.0000E+00   0.0000E+00  0.0000E+00   3.2646E-03  1.8686E-02   3.8230E-03  1.4727E-02   
1.00E+01  2.585  0.000   0.0000E+00  0.0000E+00   0.0000E+00  0.0000E+00   5.4421E-01  9.1348E+00   8.7289E-02  4.3770E-01   
1.00E+01  0.001  0.509   0.0000E+00  0.0000E+00   0.0000E+00  0.0000E+00   0.0000E+00  0.0000E+00   1.4922E-04  1.6806E-04   
1.00E+01  0.009  0.453   0.0000E+00  0.0000E+00   0.0000E+00  0.0000E+00   1.2493E-56  3.4412E-56   1.4922E-04  1.6806E-04   
1.00E+01  0.017  0.377   0.0000E+00  0.0000E+00   0.0000E+00  0.0000E+00   9.2454E-30  2.5594E-29   1.4922E-04  1.6806E-04   
1.00E+01  0.034  0.205   0.0000E+00  0.0000E+00   0.0000E+00  0.0000E+00   8.4508E-16  2.3630E-15   1.4922E-04  1.6806E-04   
1.00E+01  0.060  0.008   0.0000E+00  0.0000E+00   0.0000E+00  0.0000E+00   4.9769E-10  1.4131E-09   1.4922E-04  1.6806E-04   
1.00E+01  0.086  0.000   0.0000E+00  0.0000E+00   0.0000E+00  0.0000E+00   1.4979E-08  4.3211E-08   1.4921E-04  1.6804E-04   
1.00E+01  0.129  0.000   0.0000E+00  0.0000E+00   0.0000E+00  0.0000E+00   2.6229E-07  7.7793E-07   1.4908E-04  1.6783E-04   
1.00E+01  0.172  0.000   0.0000E+00  0.0000E+00   0.0000E+00  0.0000E+00   1.3725E-06  4.1926E-06   1.4868E-04  1.6720E-04   
1.00E+01  0.259  0.000   0.0000E+00  0.0000E+00   0.0000E+00  0.0000E+00   1.0312E-05  3.3586E-05   1.4778E-04  1.6646E-04   
1.00E+01  0.431  0.000   0.0000E+00  0.0000E+00   0.0000E+00  0.0000E+00   1.0553E-04  3.9587E-04   1.7956E-04  2.5261E-04   
1.00E+01  0.862  0.000   0.0000E+00  0.0000E+00   0.0000E+00  0.0000E+00   3.2646E-03  1.8686E-02   3.8230E-03  1.4727E-02   
1.00E+01  2.585  0.000   0.0000E+00  0.0000E+00   0.0000E+00  0.0000E+00   5.4421E-01  9.1348E+00   8.7289E-02  4.3770E-01   
1.00E+02  0.001  0.511   0.0000E+00  0.0000E+00   0.0000E+00  0.0000E+00   0.0000E+00  0.0000E+00   1.4920E-04  1.6803E-04   
1.00E+02  0.009  0.473   0.0000E+00  0.0000E+00   0.0000E+00  0.0000E+00   1.2439E-57  3.4262E-57   1.4922E-04  1.6806E-04   
1.00E+02  0.017  0.416   0.0000E+00  0.0000E+00   0.0000E+00  0.0000E+00   9.2340E-31  2.5563E-30   1.4922E-04  1.6806E-04   
1.00E+02  0.034  0.284   0.0000E+00  0.0000E+00   0.0000E+00  0.0000E+00   8.4473E-17  2.3620E-16   1.4922E-04  1.6806E-04   
1.00E+02  0.060  0.065   0.0000E+00  0.0000E+00   0.0000E+00  0.0000E+00   1.9222E-10  5.4580E-10   1.4922E-04  1.6806E-04   
1.00E+02  0.086  0.005   0.0000E+00  0.0000E+00   0.0000E+00  0.0000E+00   1.4250E-08  4.1108E-08   1.4921E-04  1.6804E-04   
1.00E+02  0.129  0.000   0.0000E+00  0.0000E+00   0.0000E+00  0.0000E+00   2.6142E-07  7.7535E-07   1.4908E-04  1.6783E-04   
1.00E+02  0.172  0.000   0.0000E+00  0.0000E+00   0.0000E+00  0.0000E+00   1.3715E-06  4.1896E-06   1.4868E-04  1.6720E-04   
1.00E+02  0.259  0.000   0.0000E+00  0.0000E+00   0.0000E+00  0.0000E+00   1.0311E-05  3.3582E-05   1.4778E-04  1.6646E-04   
1.00E+02  0.431  0.000   0.0000E+00  0.0000E+00   0.0000E+00  0.0000E+00   1.0553E-04  3.9586E-04   1.7956E-04  2.5261E-04   
1.00E+02  0.862  0.000   0.0000E+00  0.0000E+00   0.0000E+00  0.0000E+00   3.2646E-03  1.8686E-02   3.8230E-03  1.4727E-02   
1.00E+02  2.585  0.000   0.0000E+00  0.0000E+00   0.0000E+00  0.0000E+00   5.4421E-01  9.1348E+00   8.7289E-02  4.3770E-01   
1.00E+01  0.001  0.509   0.0000E+00  0.0000E+00   0.0000E+00  0.0000E+00   0.0000E+00  0.0000E+00   1.4922E-04  1.6806E-04   
1.00E+01  0.009  0.453   0.0000E+00  0.0000E+00   0.0000E+00  0.0000E+00   1.2493E-56  3.4412E-56   1.4922E-04  1.6806E-04   
1.00E+01  0.017  0.377   0.0000E+00  0.0000E+00   0.0000E+00  0.0000E+00   9.2454E-30  2.5594E-29   1.4922E-04  1.6806E-04   
1.00E+01  0.034  0.205   0.0000E+00  0.0000E+00   0.0000E+00  0.0000E+00   8.4508E-16  2.3630E-15   1.4922E-04  1.6806E-04   
1.00E+01  0.060  0.008   0.0000E+00  0.0000E+00   0.0000E+00  0.0000E+00   4.9769E-10  1.4131E-09   1.4922E-04  1.6806E-04   
1.00E+01  0.086  0.000   0.0000E+00  0.0000E+00   0.0000E+00  0.0000E+00   1.4979E-08  4.3211E-08   1.4921E-04  1.6804E-04   
1.00E+01  0.129  0.000   0.0000E+00  0.0000E+00   0.0000E+00  0.0000E+00   2.6229E-07  7.7793E-07   1.4908E-04  1.6783E-04   
1.00E+01  0.172  0.000   0.0000E+00  0.0000E+00   0.0000E+00  0.0000E+00   1.3725E-06  4.1926E-06   1.4868E-04  1.6720E-04   
1.00E+01  0.259  0.000   0.0000E+00  0.0000E+00   0.0000E+00  0.0000E+00   1.0312E-05  3.3586E-05   1.4778E-04  1.6646E-04   
1.00E+01  0.431  0.000   0.0000E+00  0.0000E+00   0.0000E+00  0.0000E+00   1.0553E-04  3.9587E-04   1.7956E-04  2.5261E-04   
1.00E+01  0.862  0.000   0.0000E+00  0.0000E+00   0.0000E+00  0.0000E+00   3.2646E-03  1.8686E-02   3.8230E-03  1.4727E-02   
1.00E+01  2.585  0.000   0.0000E+00  0.0000E+00   0.0000E+00  0.0000E+00   5.4421E-01  9.1348E+00   8.7289E-02  4.3770E-01   
1.00E+02  0.001  0.511   0.0000E+00  0.0000E+00   0.0000E+00  0.0000E+00   0.0000E+00  0.0000E+00   1.4920E-04  1.6803E-04   
1.00E+02  0.009  0.473   0.0000E+00  0.0000E+00   0.0000E+00  0.0000E+00   1.2439E-57  3.4262E-57   1.4922E-04  1.6806E-04   
1.00E+02  0.017  0.416   0.0000E+00  0.0000E+00   0.0000E+00  0.0000E+00   9.2340E-31  2.5563E-30   1.4922E-04  1.6806E-04   
1.00E+02  0.034  0.284   0.0000E+00  0.0000E+00   0.0000E+00  0.0000E+00   8.4473E-17  2.3620E-16   1.4922E-04  1.6806E-04   
1.00E+02  0.060  0.065   0.0000E+00  0.0000E+00   0.0000E+00  0.0000E+00   1.9222E-10  5.4580E-10   1.4922E-04  1.6806E-04   
1.00E+02  0.086  0.005   0.0000E+00  0.0000E+00   0.0000E+00  0.0000E+00   1.4250E-08  4.1108E-08   1.4921E-04  1.6804E-04   
1.00E+02  0.129  0.000   0.0000E+00  0.0000E+00   0.0000E+00  0.0000E+00   2.6142E-07  7.7535E-07   1.4908E-04  1.6783E-04   
1.00E+02  0.172  0.000   0.0000E+00  0.0000E+00   0.0000E+00  0.0000E+00   1.3715E-06  4.1896E-06   1.4868E-04  1.6720E-04   
1.00E+02  0.259  0.000   0.0000E+00  0.0000E+00   0.0000E+00  0.0000E+00   1.0311E-05  3.3582E-05   1.4778E-04  1.6646E-04   
1.00E+02  0.431  0.000   0.0000E+00  0.0000E+00   0.0000E+00  0.0000E+00   1.0553E-04  3.9586E-04   1.7956E-04  2.5261E-04   
1.00E+02  0.862  0.000   0.0000E+00  0.0000E+00   0.0000E+00  0.0000E+00   3.2646E-03  1.8686E-02   3.8230E-03  1.4727E-02   
1.00E+02  2.585  0.000   0.0000E+00  0.0000E+00   0.0000E+00  0.0000E+00   5.4421E-01  9.1348E+00   8.7289E-02  4.3770E-01   
1.00E+03  0.001  0.513   0.0000E+00  0.0000E+00   0.0000E+00  0.0000E+00   0.0000E+00  0.0000E+00   1.4916E-04  1.6795E-04   
1.00E+03  0.009  0.493   0.0000E+00  0.0000E+00 1.00E+01  0.001  0.509   0.0000E+00  0.0000E+00   0.0000E+00  0.0000E+00   0.0000E+00  0.0000E+00   1.4922E-04  1.6806E-04   
1.00E+01  0.009  0.453   0.0000E+00  0.0000E+00   0.0000E+00  0.0000E+00   1.2493E-56  3.4412E-56   1.4922E-04  1.6806E-04   
1.00E+01  0.017  0.377   0.0000E+00  0.0000E+00   0.0000E+00  0.0000E+00   9.2454E-30  2.5594E-29   1.4922E-04  1.6806E-04   
1.00E+01  0.034  0.205   0.0000E+00  0.0000E+00   0.0000E+00  0.0000E+00   8.4508E-16  2.3630E-15   1.4922E-04  1.6806E-04   
1.00E+01  0.060  0.008   0.0000E+00  0.0000E+00   0.0000E+00  0.0000E+00   4.9769E-10  1.4131E-09   1.4922E-04  1.6806E-04   
1.00E+01  0.086  0.000   0.0000E+00  0.0000E+00   0.0000E+00  0.0000E+00   1.4979E-08  4.3211E-08   1.4921E-04  1.6804E-04   
1.00E+01  0.129  0.000   0.0000E+00  0.0000E+00   0.0000E+00  0.0000E+00   2.6229E-07  7.7793E-07   1.4908E-04  1.6783E-04   
1.00E+01  0.172  0.000   0.0000E+00  0.0000E+00   0.0000E+00  0.0000E+00   1.3725E-06  4.1926E-06   1.4868E-04  1.6720E-04   
1.00E+01  0.259  0.000   0.0000E+00  0.0000E+00   0.0000E+00  0.0000E+00   1.0312E-05  3.3586E-05   1.4778E-04  1.6646E-04   
1.00E+01  0.431  0.000   0.0000E+00  0.0000E+00   0.0000E+00  0.0000E+00   1.0553E-04  3.9587E-04   1.7956E-04  2.5261E-04   
1.00E+01  0.862  0.000   0.0000E+00  0.0000E+00   0.0000E+00  0.0000E+00   3.2646E-03  1.8686E-02   3.8230E-03  1.4727E-02   
1.00E+01  2.585  0.000   0.0000E+00  0.0000E+00   0.0000E+00  0.0000E+00   5.4421E-01  9.1348E+00   8.7289E-02  4.3770E-01   
1.00E+02  0.001  0.511   0.0000E+00  0.0000E+00   0.0000E+00  0.0000E+00   0.0000E+00  0.0000E+00   1.4920E-04  1.6803E-04   
1.00E+02  0.009  0.473   0.0000E+00  0.0000E+00   0.0000E+00  0.0000E+00   1.2439E-57  3.4262E-57   1.4922E-04  1.6806E-04   
1.00E+02  0.017  0.416   0.0000E+00  0.0000E+00   0.0000E+00  0.0000E+00   9.2340E-31  2.5563E-30   1.4922E-04  1.6806E-04   
1.00E+02  0.034  0.284   0.0000E+00  0.0000E+00   0.0000E+00  0.0000E+00   8.4473E-17  2.3620E-16   1.4922E-04  1.6806E-04   
1.00E+02  0.060  0.065   0.0000E+00  0.0000E+00   0.0000E+00  0.0000E+00   1.9222E-10  5.4580E-10   1.4922E-04  1.6806E-04   
1.00E+02  0.086  0.005   0.0000E+00  0.0000E+00   0.0000E+00  0.0000E+00   1.4250E-08  4.1108E-08   1.4921E-04  1.6804E-04   
1.00E+02  0.129  0.000   0.0000E+00  0.0000E+00   0.0000E+00  0.0000E+00   2.6142E-07  7.7535E-07   1.4908E-04  1.6783E-04   
1.00E+02  0.172  0.000   0.0000E+00  0.0000E+00   0.0000E+00  0.0000E+00   1.3715E-06  4.1896E-06   1.4868E-04  1.6720E-04   
1.00E+02  0.259  0.000   0.0000E+00  0.0000E+00   0.0000E+00  0.0000E+00   1.0311E-05  3.3582E-05   1.4778E-04  1.6646E-04   
1.00E+02  0.431  0.000   0.0000E+00  0.0000E+00   0.0000E+00  0.0000E+00   1.0553E-04  3.9586E-04   1.7956E-04  2.5261E-04   
1.00E+02  0.862  0.000   0.0000E+00  0.0000E+00   0.0000E+00  0.0000E+00   3.2646E-03  1.8686E-02   3.8230E-03  1.4727E-02   
1.00E+02  2.585  0.000   0.0000E+00  0.0000E+00   0.0000E+00  0.0000E+00   5.4421E-01  9.1348E+00   8.7289E-02  4.3770E-01   
1.00E+03  0.001  0.513   0.0000E+00  0.0000E+00   0.0000E+00  0.0000E+00   0.0000E+00  0.0000E+00   1.4916E-04  1.6795E-04   
1.00E+03  0.009  0.493   0.0000E+00  0.0000E+00 1.00E+01  0.001  0.509   0.0000E+00  0.0000E+00   0.0000E+00  0.0000E+00   0.0000E+00  0.0000E+00   1.4922E-04  1.6806E-04   
1.00E+03  0.009  0.493   0.0000E+00  0.0000E+00   0.0000E+00  0.0000E+00   1.1904E-58  3.2788E-58   1.4919E-04  1.6801E-04   
1.00E+03  0.017  0.456   0.0000E+00  0.0000E+00   0.0000E+00  0.0000E+00   9.1207E-32  2.5249E-31   1.4920E-04  1.6802E-04   
1.00E+03  0.034  0.364   0.0000E+00  0.0000E+00   0.0000E+00  0.0000E+00   8.4124E-18  2.3522E-17   1.4920E-04  1.6803E-04   
1.00E+03  0.060  0.197   0.0000E+00  0.0000E+00   0.0000E+00  0.0000E+00   2.1656E-11  6.1488E-11   1.4921E-04  1.6804E-04   
1.00E+03  0.086  0.046   0.0000E+00  0.0000E+00   0.0000E+00  0.0000E+00   8.8683E-09  2.5582E-08   1.4920E-04  1.6803E-04   
1.00E+03  0.129  0.005   0.0000E+00  0.0000E+00   0.0000E+00  0.0000E+00   2.5287E-07  7.4997E-07   1.4907E-04  1.6782E-04   
1.00E+03  0.172  0.001   0.0000E+00  0.0000E+00   0.0000E+00  0.0000E+00   1.3616E-06  4.1594E-06   1.4867E-04  1.6719E-04   
1.00E+03  0.259  0.000   0.0000E+00  0.0000E+00   0.0000E+00  0.0000E+00   1.0298E-05  3.3542E-05   1.4777E-04  1.6645E-04   
1.00E+03  0.431  0.000   0.0000E+00  0.0000E+00   0.0000E+00  0.0000E+00   1.0551E-04  3.9579E-04   1.7956E-04  2.5261E-04   
1.00E+03  0.862  0.000   0.0000E+00  0.0000E+00   0.0000E+00  0.0000E+00   3.2645E-03  1.8686E-02   3.8230E-03  1.4727E-02   
1.00E+03  2.585  0.000   0.0000E+00  0.0000E+00   0.0000E+00  0.0000E+00   5.4420E-01  9.1348E+00   8.7289E-02  4.3770E-01   
1.00E+04  0.001  0.523   0.0000E+00  0.0000E+00   0.0000E+00  0.0000E+00   0.0000E+00  0.0000E+00   1.4888E-04  1.6744E-04   
1.00E+04  0.009  0.516   0.0000E+00  0.0000E+00   0.0000E+00  0.0000E+00   8.6726E-60  2.3888E-59   1.4896E-04  1.6759E-04   
1.00E+04  0.017  0.498   0.0000E+00  0.0000E+00   0.0000E+00  0.0000E+00   8.0873E-33  2.2388E-32   1.4901E-04  1.6768E-04   
1.00E+04  0.034  0.444   0.0000E+00  0.0000E+00   0.0000E+00  0.0000E+00   8.0716E-19  2.2569E-18   1.4905E-04  1.6776E-04   
1.00E+04  0.060  0.337   0.0000E+00  0.0000E+00   0.0000E+00  0.0000E+00   2.1350E-12  6.0621E-12   1.4908E-04  1.6782E-04   
1.00E+04  0.086  0.209   0.0000E+00  0.0000E+00   0.0000E+00  0.0000E+00   1.3369E-09  3.8565E-09   1.4909E-04  1.6785E-04   
1.00E+04  0.129  0.047   0.0000E+00  0.0000E+00   0.0000E+00  0.0000E+00   1.8266E-07  5.4172E-07   1.4902E-04  1.6773E-04   
1.00E+04  0.172  0.014   0.0000E+00  0.0000E+00   0.0000E+00  0.0000E+00   1.2670E-06  3.8701E-06   1.4863E-04  1.6713E-04   
1.00E+04  0.259  0.004   0.0000E+00  0.0000E+00   0.0000E+00  0.0000E+00   1.0175E-05  3.3138E-05   1.4774E-04  1.6641E-04   
1.00E+04  0.431  0.001   0.0000E+00  0.0000E+00   0.0000E+00  0.0000E+00   1.0531E-04  3.9505E-04   1.7954E-04  2.5258E-04   
1.00E+04  0.862  0.000   0.0000E+00  0.0000E+00   0.0000E+00  0.0000E+00   3.2639E-03  1.8682E-02   3.8230E-03  1.4727E-02   
1.00E+04  2.585  0.000   0.0000E+00  0.0000E+00   0.0000E+00  0.0000E+00   5.4420E-01  9.1347E+00   8.7289E-02  4.3770E-01   
1.00E+05  0.001  0.565   0.0000E+00  0.0000E+00   0.0000E+00  0.0000E+00   0.0000E+00  0.0000E+00   1.4734E-04  1.6471E-04   
1.00E+05  0.009  0.563   0.0000E+00  0.0000E+00   0.0000E+00  0.0000E+00   3.8114E-62  1.0498E-61   1.4739E-04  1.6481E-04   
1.00E+05  0.017  0.558   0.0000E+00  0.0000E+00   0.0000E+00  0.0000E+00   2.5173E-34  6.9688E-34   1.4747E-04  1.6496E-04   
1.00E+05  0.034  0.537   0.0000E+00  0.0000E+00   0.0000E+00  0.0000E+00   5.4480E-20  1.5233E-19   1.4764E-04  1.6530E-04   
1.00E+05  0.060  0.485   0.0000E+00  0.0000E+00   0.0000E+00  0.0000E+00   1.8327E-13  5.2037E-13   1.4785E-04  1.6570E-04   
1.00E+05  0.086  0.413   0.0000E+00  0.0000E+00   0.0000E+00  0.0000E+00   1.2439E-10  3.5884E-10   1.4800E-04  1.6599E-04   
1.00E+05  0.129  0.265   0.0000E+00  0.0000E+00   0.0000E+00  0.0000E+00   3.3822E-08  1.0030E-07   1.4817E-04  1.6633E-04   
1.00E+05  0.172  0.128   0.0000E+00  0.0000E+00   0.0000E+00  0.0000E+00   6.5525E-07  2.0010E-06   1.4808E-04  1.6625E-04   
1.00E+05  0.259  0.035   0.0000E+00  0.0000E+00   0.0000E+00  0.0000E+00   9.0189E-06  2.9368E-05   1.4743E-04  1.6593E-04   
1.00E+05  0.431  0.009   0.0000E+00  0.0000E+00   0.0000E+00  0.0000E+00   1.0338E-04  3.8777E-04   1.7936E-04  2.5231E-04   
1.00E+05  0.862  0.002   0.0000E+00  0.0000E+00   0.0000E+00  0.0000E+00   3.2574E-03  1.8645E-02   3.8227E-03  1.4726E-02   
1.00E+05  2.585  0.000   0.0000E+00  0.0000E+00   0.0000E+00  0.0000E+00   5.4416E-01  9.1341E+00   8.7288E-02  4.3770E-01   
1.00E+06  0.001  0.726   0.0000E+00  0.0000E+00   0.0000E+00  0.0000E+00   0.0000E+00  0.0000E+00   1.3723E-04  1.4775E-04   
1.00E+06  0.009  0.725   0.0000E+00  0.0000E+00   0.0000E+00  0.0000E+00   2.5338E-70  6.9791E-70   1.3733E-04  1.4790E-04   
1.00E+06  0.017  0.724   0.0000E+00  0.0000E+00   0.0000E+00  0.0000E+00   1.6498E-38  4.5672E-38   1.3735E-04  1.4796E-04   
1.00E+06  0.034  0.718   0.0000E+00  0.0000E+00   0.0000E+00  0.0000E+00   2.9009E-22  8.1114E-22   1.3755E-04  1.4839E-04   
1.00E+06  0.060  0.700   0.0000E+00  0.0000E+00   0.0000E+00  0.0000E+00   5.1673E-15  1.4672E-14   1.3805E-04  1.4941E-04   
1.00E+06  0.086  0.672   0.0000E+00  0.0000E+00   0.0000E+00  0.0000E+00   6.1833E-12  1.7837E-11   1.3867E-04  1.5067E-04   
1.00E+06  0.129  0.604   0.0000E+00  0.0000E+00   0.0000E+00  0.0000E+00   2.4677E-09  7.3177E-09   1.3979E-04  1.5287E-04   
1.00E+06  0.172  0.512   0.0000E+00  0.0000E+00   0.0000E+00  0.0000E+00   7.1052E-08  2.1692E-07   1.4085E-04  1.5491E-04   
1.00E+06  0.259  0.299   0.0000E+00  0.0000E+00   0.0000E+00  0.0000E+00   3.2994E-06  1.0731E-05   1.4303E-04  1.5934E-04   
1.00E+06  0.431  0.091   0.0000E+00  0.0000E+00   0.0000E+00  0.0000E+00   8.5943E-05  3.2210E-04   1.7744E-04  2.4940E-04   
1.00E+06  0.862  0.020   0.0000E+00  0.0000E+00   0.0000E+00  0.0000E+00   3.1932E-03  1.8276E-02   3.8197E-03  1.4713E-02   
1.00E+06  2.585  0.002   0.0000E+00  0.0000E+00   0.0000E+00  0.0000E+00   5.4378E-01  9.1276E+00   8.7280E-02  4.3765E-01   
1.00E+07  0.001  1.223   0.0000E+00  0.0000E+00   0.0000E+00  0.0000E+00   0.0000E+00  0.0000E+00   8.2954E-05  7.1857E-05   
1.00E+07  0.009  1.222   0.0000E+00  0.0000E+00   0.0000E+00  0.0000E+00   2.2194E-95  6.1132E-95   8.3071E-05  7.2011E-05   
1.00E+07  0.017  1.222   0.0000E+00  0.0000E+00   0.0000E+00  0.0000E+00   4.7577E-51  1.3171E-50   8.3159E-05  7.2153E-05   
1.00E+07  0.034  1.219   0.0000E+00  0.0000E+00   0.0000E+00  0.0000E+00   1.3985E-28  3.9104E-28   8.3474E-05  7.2672E-05   
1.00E+07  0.060  1.212   0.0000E+00  0.0000E+00   0.0000E+00  0.0000E+00   1.0702E-18  3.0388E-18   8.4382E-05  7.4148E-05   
1.00E+07  0.086  1.200   0.0000E+00  0.0000E+00   0.0000E+00  0.0000E+00   1.3441E-14  3.8772E-14   8.5727E-05  7.6338E-05   
1.00E+07  0.129  1.173   0.0000E+00  0.0000E+00   0.0000E+00  0.0000E+00   3.0293E-11  8.9829E-11   8.8767E-05  8.1271E-05   
1.00E+07  0.172  1.133   0.0000E+00  0.0000E+00   0.0000E+00  0.0000E+00   1.9340E-09  5.9044E-09   9.2514E-05  8.7296E-05   
1.00E+07  0.259  1.021   0.0000E+00  0.0000E+00   0.0000E+00  0.0000E+00   2.0305E-07  6.6000E-07   1.0176E-04  1.0215E-04   
1.00E+07  0.431  0.698   0.0000E+00  0.0000E+00   0.0000E+00  0.0000E+00   2.1510E-05  8.0356E-05   1.5249E-04  2.1241E-04   
1.00E+07  0.862  0.196   0.0000E+00  0.0000E+00   0.0000E+00  0.0000E+00   2.6183E-03  1.4973E-02   3.7875E-03  1.4574E-02   
1.00E+07  2.585  0.021   0.0000E+00  0.0000E+00   0.0000E+00  0.0000E+00   5.4000E-01  9.0634E+00   8.7193E-02  4.3715E-01   
1.00E+08  0.001  2.447   0.0000E+00  0.0000E+00   0.0000E+00  0.0000E+00   0.0000E+00  0.0000E+00   2.3817E-08  1.1180E-09   
1.00E+08  0.009  2.447   0.0000E+00  0.0000E+00   0.0000E+00  0.0000E+00   4.3084E-157 1.1867E-156  2.8813E-08  1.5888E-09   
1.00E+08  0.017  2.446   0.0000E+00  0.0000E+00   0.0000E+00  0.0000E+00   6.5881E-82  1.8238E-81   4.2434E-08  3.1235E-09   
1.00E+08  0.034  2.445   0.0000E+00  0.0000E+00   0.0000E+00  0.0000E+00   4.9787E-44  1.3921E-43   9.7143E-08  1.1642E-08   
1.00E+08  0.060  2.442   0.0000E+00  0.0000E+00   0.0000E+00  0.0000E+00   1.4911E-27  4.2338E-27   2.6984E-07  5.2049E-08   
1.00E+08  0.086  2.437   0.0000E+00  0.0000E+00   0.0000E+00  0.0000E+00   7.9148E-21  2.2832E-20   5.8077E-07  1.5332E-07   
1.00E+08  0.129  2.424   0.0000E+00  0.0000E+00   0.0000E+00  0.0000E+00   1.8934E-15  5.6145E-15   1.4800E-06  5.5492E-07   
1.00E+08  0.172  2.406   0.0000E+00  0.0000E+00   0.0000E+00  0.0000E+00   1.2010E-12  3.6666E-12   2.9293E-06  1.3956E-06   
1.00E+08  0.259  2.355   0.0000E+00  0.0000E+00   0.0000E+00  0.0000E+00   1.1690E-09  3.7995E-09   7.9435E-06  5.3953E-06   
1.00E+08  0.431  2.192   0.0000E+00  0.0000E+00   0.0000E+00  0.0000E+00   6.7641E-07  2.5241E-06   4.5257E-05  6.9660E-05   
1.00E+08  0.862  1.493   0.0000E+00  0.0000E+00   0.0000E+00  0.0000E+00   5.9464E-04  3.3902E-03   3.3777E-03  1.2807E-02   
1.00E+08  2.585  0.209   0.0000E+00  0.0000E+00   0.0000E+00  0.0000E+00   5.0358E-01  8.4455E+00   8.6308E-02  4.3204E-01   
1.00E+09  0.001  5.181   0.0000E+00  0.0000E+00   0.0000E+00  0.0000E+00   0.0000E+00  0.0000E+00   0.0000E+00  0.0000E+00   
1.00E+09  0.009  5.180   0.0000E+00  0.0000E+00   0.0000E+00  0.0000E+00   7.2151E-295 1.9873E-294  5.1761E-193 3.5524E-193  
1.00E+09  0.017  5.180   0.0000E+00  0.0000E+00   0.0000E+00  0.0000E+00   8.4808E-151 2.3478E-150  1.4486E-98  9.9691E-99   
1.00E+09  0.034  5.180   0.0000E+00  0.0000E+00   0.0000E+00  0.0000E+00   1.7513E-78  4.8969E-78   2.4430E-51  1.6977E-51   
1.00E+09  0.060  5.178   0.0000E+00  0.0000E+00   0.0000E+00  0.0000E+00   2.9694E-47  8.4313E-47   4.4248E-31  3.1936E-31   
1.00E+09  0.086  5.176   0.0000E+00  0.0000E+00   0.0000E+00  0.0000E+00   1.2410E-34  3.5799E-34   5.9872E-23  4.5972E-23   
1.00E+09  0.129  5.170   0.0000E+00  0.0000E+00   0.0000E+00  0.0000E+00   1.1249E-24  3.3358E-24   1.4631E-16  1.3091E-16   
1.00E+09  0.172  5.161   0.0000E+00  0.0000E+00   0.0000E+00  0.0000E+00   1.3671E-19  4.1737E-19   3.0080E-13  3.4603E-13   
1.00E+09  0.259  5.138   0.0000E+00  0.0000E+00   0.0000E+00  0.0000E+00   2.4696E-14  8.0268E-14   1.2612E-09  2.1155E-09   
1.00E+09  0.431  5.062   0.0000E+00  0.0000E+00   0.0000E+00  0.0000E+00   8.6555E-10  3.2298E-09   2.2093E-06  4.8551E-06   
1.00E+09  0.862  4.708   0.0000E+00  0.0000E+00   0.0000E+00  0.0000E+00   1.4362E-05  8.1804E-05   1.4096E-03  4.7324E-03   
1.00E+09  2.585  1.972   0.0000E+00  0.0000E+00   0.0000E+00  0.0000E+00   2.5971E-01  4.3312E+00   7.6109E-02  3.7412E-01   
1.00E+10  0.001  11.119  0.0000E+00  0.0000E+00   0.0000E+00  0.0000E+00   0.0000E+00  0.0000E+00   0.0000E+00  0.0000E+00   
1.00E+10  0.009  11.118  0.0000E+00  0.0000E+00   0.0000E+00  0.0000E+00   0.0000E+00  0.0000E+00   0.0000E+00  0.0000E+00   
1.00E+10  0.017  11.118  0.0000E+00  0.0000E+00   0.0000E+00  0.0000E+00   1.9950E-300 5.5229E-300  1.9647E-216 2.2434E-217  
1.00E+10  0.034  11.118  0.0000E+00  0.0000E+00   0.0000E+00  0.0000E+00   2.6620E-153 7.4434E-153  4.4051E-112 6.6220E-113  
1.00E+10  0.060  11.117  0.0000E+00  0.0000E+00   0.0000E+00  0.0000E+00   5.1691E-90  1.4677E-89   4.1295E-67  1.0693E-67   
1.00E+10  0.086  11.116  0.0000E+00  0.0000E+00   0.0000E+00  0.0000E+00   1.4314E-64  4.1292E-64   1.5742E-48  9.1912E-49   
1.00E+10  0.129  11.113  0.0000E+00  0.0000E+00   0.0000E+00  0.0000E+00   1.2072E-44  3.5799E-44   2.8068E-33  2.4555E-33   
1.00E+10  0.172  11.109  0.0000E+00  0.0000E+00   0.0000E+00  0.0000E+00   1.4048E-34  4.2887E-34   1.8939E-25  1.9167E-25   
1.00E+10  0.259  11.098  0.0000E+00  0.0000E+00   0.0000E+00  0.0000E+00   2.3942E-24  7.7818E-24   1.7629E-17  2.1760E-17   
1.00E+10  0.431  11.063  0.0000E+00  0.0000E+00   0.0000E+00  0.0000E+00   7.7315E-16  2.8850E-15   6.7952E-11  1.1399E-10   
1.00E+10  0.862  10.898  0.0000E+00  0.0000E+00   0.0000E+00  0.0000E+00   1.0899E-08  6.2078E-08   1.0365E-05  2.7869E-05   
1.00E+10  2.585  9.163   0.0000E+00  0.0000E+00   0.0000E+00  0.0000E+00   1.6444E-02  2.7254E-01   1.7266E-02  7.9456E-02   
1.00E+11  0.001  23.934  0.0000E+00  0.0000E+00   0.0000E+00  0.0000E+00   0.0000E+00  0.0000E+00   0.0000E+00  0.0000E+00   
1.00E+11  0.009  23.934  0.0000E+00  0.0000E+00   0.0000E+00  0.0000E+00   0.0000E+00  0.0000E+00   0.0000E+00  0.0000E+00   
1.00E+11  0.017  23.933  0.0000E+00  0.0000E+00   0.0000E+00  0.0000E+00   0.0000E+00  0.0000E+00   0.0000E+00  0.0000E+00   
1.00E+11  0.034  23.934  0.0000E+00  0.0000E+00   0.0000E+00  0.0000E+00   1.2940E-315 3.5600E-315  0.0000E+00  0.0000E+00   
1.00E+11  0.060  23.933  0.0000E+00  0.0000E+00   0.0000E+00  0.0000E+00   2.7682E-182 7.8599E-182  0.0000E+00  0.0000E+00   
1.00E+11  0.086  23.933  0.0000E+00  0.0000E+00   0.0000E+00  0.0000E+00   3.6550E-129 1.0543E-128  0.0000E+00  0.0000E+00   
1.00E+11  0.129  23.931  0.0000E+00  0.0000E+00   0.0000E+00  0.0000E+00   1.0350E-87  3.0690E-87   0.0000E+00  0.0000E+00   
1.00E+11  0.172  23.930  0.0000E+00  0.0000E+00   0.0000E+00  0.0000E+00   6.9543E-67  2.1231E-66   0.0000E+00  0.0000E+00   
1.00E+11  0.259  23.924  0.0000E+00  0.0000E+00   0.0000E+00  0.0000E+00   6.7976E-46  2.2094E-45   0.0000E+00  0.0000E+00   
1.00E+11  0.431  23.908  0.0000E+00  0.0000E+00   0.0000E+00  0.0000E+00   8.7333E-29  3.2588E-28   0.0000E+00  0.0000E+00   
1.00E+11  0.862  23.832  0.0000E+00  0.0000E+00   0.0000E+00  0.0000E+00   3.3061E-15  1.8830E-14   0.0000E+00  0.0000E+00   
1.00E+11  2.585  23.015  0.0000E+00  0.0000E+00   0.0000E+00  0.0000E+00   7.7541E-05  1.2846E-03   0.0000E+00  0.0000E+00   
