rhoYe is density times electron fraction [g/cm^3], T is temperature [MeV], mu_e is electron chemical potential [MeV]
e-(+) cap is electron (positron) capture, e-(+) dec is electron (positron) decay
For each process, first column is neutrino production [neutrinos/baryon second] and second column is energy loss [MeV/baryon second].
rhoYe     T      mu_e    e- cap                   e+ dec                   e+ cap                   e- dec                   
1.00E+01  0.001  0.509   0.0000E+00  0.0000E+00   0.0000E+00  0.0000E+00   0.0000E+00  0.0000E+00   8.7327E-02  3.6078E-01   
1.00E+01  0.009  0.453   0.0000E+00  0.0000E+00   0.0000E+00  0.0000E+00   1.0526E-55  8.2544E-55   8.8339E-02  3.6610E-01   
1.00E+01  0.017  0.377   0.0000E+00  0.0000E+00   0.0000E+00  0.0000E+00   8.1005E-29  6.4202E-28   9.1984E-02  3.8528E-01   
1.00E+01  0.034  0.205   0.0000E+00  0.0000E+00   0.0000E+00  0.0000E+00   7.5775E-15  6.0892E-14   9.6487E-02  4.0896E-01   
1.00E+01  0.060  0.008   0.0000E+00  0.0000E+00   0.0000E+00  0.0000E+00   4.4513E-09  3.6158E-08   9.9175E-02  4.2310E-01   
1.00E+01  0.086  0.000   0.0000E+00  0.0000E+00   0.0000E+00  0.0000E+00   1.3177E-07  1.0784E-06   1.0037E-01  4.2938E-01   
1.00E+01  0.129  0.000   0.0000E+00  0.0000E+00   0.0000E+00  0.0000E+00   2.2156E-06  1.8327E-05   1.0134E-01  4.3447E-01   
1.00E+01  0.172  0.000   0.0000E+00  0.0000E+00   0.0000E+00  0.0000E+00   1.1035E-05  9.2227E-05   1.0183E-01  4.3702E-01   
1.00E+01  0.259  0.000   0.0000E+00  0.0000E+00   0.0000E+00  0.0000E+00   7.4005E-05  6.3210E-04   1.0233E-01  4.3963E-01   
1.00E+01  0.431  0.000   0.0000E+00  0.0000E+00   0.0000E+00  0.0000E+00   5.7990E-04  5.2046E-03   1.0329E-01  4.4492E-01   
1.00E+01  0.862  0.000   0.0000E+00  0.0000E+00   0.0000E+00  0.0000E+00   7.8916E-03  8.3185E-02   1.1748E-01  5.3490E-01   
1.00E+01  2.585  0.000   0.0000E+00  0.0000E+00   0.0000E+00  0.0000E+00   5.8770E-01  1.1529E+01   2.6674E-01  1.4938E+00   
1.00E+01  0.001  0.509   0.0000E+00  0.0000E+00   0.0000E+00  0.0000E+00   0.0000E+00  0.0000E+00   8.7327E-02  3.6078E-01   
1.00E+01  0.009  0.453   0.0000E+00  0.0000E+00   0.0000E+00  0.0000E+00   1.0526E-55  8.2544E-55   8.8339E-02  3.6610E-01   
1.00E+01  0.017  0.377   0.0000E+00  0.0000E+00   0.0000E+00  0.0000E+00   8.1005E-29  6.4202E-28   9.1984E-02  3.8528E-01   
1.00E+01  0.034  0.205   0.0000E+00  0.0000E+00   0.0000E+00  0.0000E+00   7.5775E-15  6.0892E-14   9.6487E-02  4.0896E-01   
1.00E+01  0.060  0.008   0.0000E+00  0.0000E+00   0.0000E+00  0.0000E+00   4.4513E-09  3.6158E-08   9.9175E-02  4.2310E-01   
1.00E+01  0.086  0.000   0.0000E+00  0.0000E+00   0.0000E+00  0.0000E+00   1.3177E-07  1.0784E-06   1.0037E-01  4.2938E-01   
1.00E+01  0.129  0.000   0.0000E+00  0.0000E+00   0.0000E+00  0.0000E+00   2.2156E-06  1.8327E-05   1.0134E-01  4.3447E-01   
1.00E+01  0.172  0.000   0.0000E+00  0.0000E+00   0.0000E+00  0.0000E+00   1.1035E-05  9.2227E-05   1.0183E-01  4.3702E-01   
1.00E+01  0.259  0.000   0.0000E+00  0.0000E+00   0.0000E+00  0.0000E+00   7.4005E-05  6.3210E-04   1.0233E-01  4.3963E-01   
1.00E+01  0.431  0.000   0.0000E+00  0.0000E+00   0.0000E+00  0.0000E+00   5.7990E-04  5.2046E-03   1.0329E-01  4.4492E-01   
1.00E+01  0.862  0.000   0.0000E+00  0.0000E+00   0.0000E+00  0.0000E+00   7.8916E-03  8.3185E-02   1.1748E-01  5.3490E-01   
1.00E+01  2.585  0.000   0.0000E+00  0.0000E+00   0.0000E+00  0.0000E+00   5.8770E-01  1.1529E+01   2.6674E-01  1.4938E+00   
1.00E+02  0.001  0.511   0.0000E+00  0.0000E+00   0.0000E+00  0.0000E+00   0.0000E+00  0.0000E+00   8.7327E-02  3.6078E-01   
1.00E+02  0.009  0.473   0.0000E+00  0.0000E+00   0.0000E+00  0.0000E+00   1.0480E-56  8.2184E-56   8.8338E-02  3.6610E-01   
1.00E+02  0.017  0.416   0.0000E+00  0.0000E+00   0.0000E+00  0.0000E+00   8.0904E-30  6.4122E-29   9.1984E-02  3.8528E-01   
1.00E+02  0.034  0.284   0.0000E+00  0.0000E+00   0.0000E+00  0.0000E+00   7.5744E-16  6.0867E-15   9.6487E-02  4.0896E-01   
1.00E+02  0.060  0.065   0.0000E+00  0.0000E+00   0.0000E+00  0.0000E+00   1.7192E-09  1.3965E-08   9.9175E-02  4.2310E-01   
1.00E+02  0.086  0.005   0.0000E+00  0.0000E+00   0.0000E+00  0.0000E+00   1.2536E-07  1.0259E-06   1.0037E-01  4.2938E-01   
1.00E+02  0.129  0.000   0.0000E+00  0.0000E+00   0.0000E+00  0.0000E+00   2.2083E-06  1.8266E-05   1.0134E-01  4.3447E-01   
1.00E+02  0.172  0.000   0.0000E+00  0.0000E+00   0.0000E+00  0.0000E+00   1.1027E-05  9.2161E-05   1.0183E-01  4.3702E-01   
1.00E+02  0.259  0.000   0.0000E+00  0.0000E+00   0.0000E+00  0.0000E+00   7.3996E-05  6.3203E-04   1.0233E-01  4.3963E-01   
1.00E+02  0.431  0.000   0.0000E+00  0.0000E+00   0.0000E+00  0.0000E+00   5.7989E-04  5.2045E-03   1.0329E-01  4.4492E-01   
1.00E+02  0.862  0.000   0.0000E+00  0.0000E+00   0.0000E+00  0.0000E+00   7.8916E-03  8.3185E-02   1.1748E-01  5.3490E-01   
1.00E+02  2.585  0.000   0.0000E+00  0.0000E+00   0.0000E+00  0.0000E+00   5.8770E-01  1.1529E+01   2.6674E-01  1.4938E+00   
1.00E+01  0.001  0.509   0.0000E+00  0.0000E+00   0.0000E+00  0.0000E+00   0.0000E+00  0.0000E+00   8.7327E-02  3.6078E-01   
1.00E+01  0.009  0.453   0.0000E+00  0.0000E+00   0.0000E+00  0.0000E+00   1.0526E-55  8.2544E-55   8.8339E-02  3.6610E-01   
1.00E+01  0.017  0.377   0.0000E+00  0.0000E+00   0.0000E+00  0.0000E+00   8.1005E-29  6.4202E-28   9.1984E-02  3.8528E-01   
1.00E+01  0.034  0.205   0.0000E+00  0.0000E+00   0.0000E+00  0.0000E+00   7.5775E-15  6.0892E-14   9.6487E-02  4.0896E-01   
1.00E+01  0.060  0.008   0.0000E+00  0.0000E+00   0.0000E+00  0.0000E+00   4.4513E-09  3.6158E-08   9.9175E-02  4.2310E-01   
1.00E+01  0.086  0.000   0.0000E+00  0.0000E+00   0.0000E+00  0.0000E+00   1.3177E-07  1.0784E-06   1.0037E-01  4.2938E-01   
1.00E+01  0.129  0.000   0.0000E+00  0.0000E+00   0.0000E+00  0.0000E+00   2.2156E-06  1.8327E-05   1.0134E-01  4.3447E-01   
1.00E+01  0.172  0.000   0.0000E+00  0.0000E+00   0.0000E+00  0.0000E+00   1.1035E-05  9.2227E-05   1.0183E-01  4.3702E-01   
1.00E+01  0.259  0.000   0.0000E+00  0.0000E+00   0.0000E+00  0.0000E+00   7.4005E-05  6.3210E-04   1.0233E-01  4.3963E-01   
1.00E+01  0.431  0.000   0.0000E+00  0.0000E+00   0.0000E+00  0.0000E+00   5.7990E-04  5.2046E-03   1.0329E-01  4.4492E-01   
1.00E+01  0.862  0.000   0.0000E+00  0.0000E+00   0.0000E+00  0.0000E+00   7.8916E-03  8.3185E-02   1.1748E-01  5.3490E-01   
1.00E+01  2.585  0.000   0.0000E+00  0.0000E+00   0.0000E+00  0.0000E+00   5.8770E-01  1.1529E+01   2.6674E-01  1.4938E+00   
1.00E+02  0.001  0.511   0.0000E+00  0.0000E+00   0.0000E+00  0.0000E+00   0.0000E+00  0.0000E+00   8.7327E-02  3.6078E-01   
1.00E+02  0.009  0.473   0.0000E+00  0.0000E+00   0.0000E+00  0.0000E+00   1.0480E-56  8.2184E-56   8.8338E-02  3.6610E-01   
1.00E+02  0.017  0.416   0.0000E+00  0.0000E+00   0.0000E+00  0.0000E+00   8.0904E-30  6.4122E-29   9.1984E-02  3.8528E-01   
1.00E+02  0.034  0.284   0.0000E+00  0.0000E+00   0.0000E+00  0.0000E+00   7.5744E-16  6.0867E-15   9.6487E-02  4.0896E-01   
1.00E+02  0.060  0.065   0.0000E+00  0.0000E+00   0.0000E+00  0.0000E+00   1.7192E-09  1.3965E-08   9.9175E-02  4.2310E-01   
1.00E+02  0.086  0.005   0.0000E+00  0.0000E+00   0.0000E+00  0.0000E+00   1.2536E-07  1.0259E-06   1.0037E-01  4.2938E-01   
1.00E+02  0.129  0.000   0.0000E+00  0.0000E+00   0.0000E+00  0.0000E+00   2.2083E-06  1.8266E-05   1.0134E-01  4.3447E-01   
1.00E+02  0.172  0.000   0.0000E+00  0.0000E+00   0.0000E+00  0.0000E+00   1.1027E-05  9.2161E-05   1.0183E-01  4.3702E-01   
1.00E+02  0.259  0.000   0.0000E+00  0.0000E+00   0.0000E+00  0.0000E+00   7.3996E-05  6.3203E-04   1.0233E-01  4.3963E-01   
1.00E+02  0.431  0.000   0.0000E+00  0.0000E+00   0.0000E+00  0.0000E+00   5.7989E-04  5.2045E-03   1.0329E-01  4.4492E-01   
1.00E+02  0.862  0.000   0.0000E+00  0.0000E+00   0.0000E+00  0.0000E+00   7.8916E-03  8.3185E-02   1.1748E-01  5.3490E-01   
1.00E+02  2.585  0.000   0.0000E+00  0.0000E+00   0.0000E+00  0.0000E+00   5.8770E-01  1.1529E+01   2.6674E-01  1.4938E+00   
1.00E+03  0.001  0.513   0.0000E+00  0.0000E+00   0.0000E+00  0.0000E+00   0.0000E+00  0.0000E+00   8.7326E-02  3.6077E-01   
1.00E+03  0.009  0.493   0.0000E+00  0.0000E+00 1.00E+01  0.001  0.509   0.0000E+00  0.0000E+00   0.0000E+00  0.0000E+00   0.0000E+00  0.0000E+00   8.7327E-02  3.6078E-01   
1.00E+01  0.009  0.453   0.0000E+00  0.0000E+00   0.0000E+00  0.0000E+00   1.0526E-55  8.2544E-55   8.8339E-02  3.6610E-01   
1.00E+01  0.017  0.377   0.0000E+00  0.0000E+00   0.0000E+00  0.0000E+00   8.1005E-29  6.4202E-28   9.1984E-02  3.8528E-01   
1.00E+01  0.034  0.205   0.0000E+00  0.0000E+00   0.0000E+00  0.0000E+00   7.5775E-15  6.0892E-14   9.6487E-02  4.0896E-01   
1.00E+01  0.060  0.008   0.0000E+00  0.0000E+00   0.0000E+00  0.0000E+00   4.4513E-09  3.6158E-08   9.9175E-02  4.2310E-01   
1.00E+01  0.086  0.000   0.0000E+00  0.0000E+00   0.0000E+00  0.0000E+00   1.3177E-07  1.0784E-06   1.0037E-01  4.2938E-01   
1.00E+01  0.129  0.000   0.0000E+00  0.0000E+00   0.0000E+00  0.0000E+00   2.2156E-06  1.8327E-05   1.0134E-01  4.3447E-01   
1.00E+01  0.172  0.000   0.0000E+00  0.0000E+00   0.0000E+00  0.0000E+00   1.1035E-05  9.2227E-05   1.0183E-01  4.3702E-01   
1.00E+01  0.259  0.000   0.0000E+00  0.0000E+00   0.0000E+00  0.0000E+00   7.4005E-05  6.3210E-04   1.0233E-01  4.3963E-01   
1.00E+01  0.431  0.000   0.0000E+00  0.0000E+00   0.0000E+00  0.0000E+00   5.7990E-04  5.2046E-03   1.0329E-01  4.4492E-01   
1.00E+01  0.862  0.000   0.0000E+00  0.0000E+00   0.0000E+00  0.0000E+00   7.8916E-03  8.3185E-02   1.1748E-01  5.3490E-01   
1.00E+01  2.585  0.000   0.0000E+00  0.0000E+00   0.0000E+00  0.0000E+00   5.8770E-01  1.1529E+01   2.6674E-01  1.4938E+00   
1.00E+02  0.001  0.511   0.0000E+00  0.0000E+00   0.0000E+00  0.0000E+00   0.0000E+00  0.0000E+00   8.7327E-02  3.6078E-01   
1.00E+02  0.009  0.473   0.0000E+00  0.0000E+00   0.0000E+00  0.0000E+00   1.0480E-56  8.2184E-56   8.8338E-02  3.6610E-01   
1.00E+02  0.017  0.416   0.0000E+00  0.0000E+00   0.0000E+00  0.0000E+00   8.0904E-30  6.4122E-29   9.1984E-02  3.8528E-01   
1.00E+02  0.034  0.284   0.0000E+00  0.0000E+00   0.0000E+00  0.0000E+00   7.5744E-16  6.0867E-15   9.6487E-02  4.0896E-01   
1.00E+02  0.060  0.065   0.0000E+00  0.0000E+00   0.0000E+00  0.0000E+00   1.7192E-09  1.3965E-08   9.9175E-02  4.2310E-01   
1.00E+02  0.086  0.005   0.0000E+00  0.0000E+00   0.0000E+00  0.0000E+00   1.2536E-07  1.0259E-06   1.0037E-01  4.2938E-01   
1.00E+02  0.129  0.000   0.0000E+00  0.0000E+00   0.0000E+00  0.0000E+00   2.2083E-06  1.8266E-05   1.0134E-01  4.3447E-01   
1.00E+02  0.172  0.000   0.0000E+00  0.0000E+00   0.0000E+00  0.0000E+00   1.1027E-05  9.2161E-05   1.0183E-01  4.3702E-01   
1.00E+02  0.259  0.000   0.0000E+00  0.0000E+00   0.0000E+00  0.0000E+00   7.3996E-05  6.3203E-04   1.0233E-01  4.3963E-01   
1.00E+02  0.431  0.000   0.0000E+00  0.0000E+00   0.0000E+00  0.0000E+00   5.7989E-04  5.2045E-03   1.0329E-01  4.4492E-01   
1.00E+02  0.862  0.000   0.0000E+00  0.0000E+00   0.0000E+00  0.0000E+00   7.8916E-03  8.3185E-02   1.1748E-01  5.3490E-01   
1.00E+02  2.585  0.000   0.0000E+00  0.0000E+00   0.0000E+00  0.0000E+00   5.8770E-01  1.1529E+01   2.6674E-01  1.4938E+00   
1.00E+03  0.001  0.513   0.0000E+00  0.0000E+00   0.0000E+00  0.0000E+00   0.0000E+00  0.0000E+00   8.7326E-02  3.6077E-01   
1.00E+03  0.009  0.493   0.0000E+00  0.0000E+00   0.0000E+00  0.0000E+00   1.0029E-57  7.8649E-57   8.8338E-02  3.6610E-01   
1.00E+03  0.009  0.493   0.0000E+00  0.0000E+00 1.00E+01  0.001  0.509   0.0000E+00  0.0000E+00   0.0000E+00  0.0000E+00   0.0000E+00  0.0000E+00   8.7327E-02  3.6078E-01   
1.00E+03  0.017  0.456   0.0000E+00  0.0000E+00   0.0000E+00  0.0000E+00   7.9912E-31  6.3336E-30   9.1983E-02  3.8527E-01   
1.00E+03  0.034  0.364   0.0000E+00  0.0000E+00   0.0000E+00  0.0000E+00   7.5431E-17  6.0615E-16   9.6487E-02  4.0896E-01   
1.00E+03  0.060  0.197   0.0000E+00  0.0000E+00   0.0000E+00  0.0000E+00   1.9369E-10  1.5733E-09   9.9175E-02  4.2310E-01   
1.00E+03  0.086  0.046   0.0000E+00  0.0000E+00   0.0000E+00  0.0000E+00   7.8013E-08  6.3845E-07   1.0037E-01  4.2938E-01   
1.00E+03  0.129  0.005   0.0000E+00  0.0000E+00   0.0000E+00  0.0000E+00   2.1360E-06  1.7669E-05   1.0134E-01  4.3446E-01   
1.00E+03  0.172  0.001   0.0000E+00  0.0000E+00   0.0000E+00  0.0000E+00   1.0948E-05  9.1499E-05   1.0183E-01  4.3702E-01   
1.00E+03  0.259  0.000   0.0000E+00  0.0000E+00   0.0000E+00  0.0000E+00   7.3907E-05  6.3127E-04   1.0233E-01  4.3963E-01   
1.00E+03  0.431  0.000   0.0000E+00  0.0000E+00   0.0000E+00  0.0000E+00   5.7979E-04  5.2036E-03   1.0329E-01  4.4492E-01   
1.00E+03  0.862  0.000   0.0000E+00  0.0000E+00   0.0000E+00  0.0000E+00   7.8914E-03  8.3184E-02   1.1748E-01  5.3490E-01   
1.00E+03  2.585  0.000   0.0000E+00  0.0000E+00   0.0000E+00  0.0000E+00   5.8770E-01  1.1529E+01   2.6674E-01  1.4938E+00   
1.00E+04  0.001  0.523   0.0000E+00  0.0000E+00   0.0000E+00  0.0000E+00   0.0000E+00  0.0000E+00   8.7320E-02  3.6073E-01   
1.00E+04  0.009  0.516   0.0000E+00  0.0000E+00   0.0000E+00  0.0000E+00   7.3068E-59  5.7300E-58   8.8333E-02  3.6607E-01   
1.00E+04  0.017  0.498   0.0000E+00  0.0000E+00   0.0000E+00  0.0000E+00   7.0857E-32  5.6159E-31   9.1979E-02  3.8524E-01   
1.00E+04  0.034  0.444   0.0000E+00  0.0000E+00   0.0000E+00  0.0000E+00   7.2375E-18  5.8160E-17   9.6484E-02  4.0894E-01   
1.00E+04  0.060  0.337   0.0000E+00  0.0000E+00   0.0000E+00  0.0000E+00   1.9095E-11  1.5511E-10   9.9172E-02  4.2308E-01   
1.00E+04  0.086  0.209   0.0000E+00  0.0000E+00   0.0000E+00  0.0000E+00   1.1760E-08  9.6245E-08   1.0037E-01  4.2936E-01   
1.00E+04  0.129  0.047   0.0000E+00  0.0000E+00   0.0000E+00  0.0000E+00   1.5431E-06  1.2764E-05   1.0134E-01  4.3445E-01   
1.00E+04  0.172  0.014   0.0000E+00  0.0000E+00   0.0000E+00  0.0000E+00   1.0187E-05  8.5143E-05   1.0183E-01  4.3701E-01   
1.00E+04  0.259  0.004   0.0000E+00  0.0000E+00   0.0000E+00  0.0000E+00   7.3024E-05  6.2372E-04   1.0233E-01  4.3962E-01   
1.00E+04  0.431  0.001   0.0000E+00  0.0000E+00   0.0000E+00  0.0000E+00   5.7873E-04  5.1941E-03   1.0329E-01  4.4491E-01   
1.00E+04  0.862  0.000   0.0000E+00  0.0000E+00   0.0000E+00  0.0000E+00   7.8899E-03  8.3167E-02   1.1748E-01  5.3490E-01   
1.00E+04  2.585  0.000   0.0000E+00  0.0000E+00   0.0000E+00  0.0000E+00   5.8770E-01  1.1529E+01   2.6674E-01  1.4938E+00   
1.00E+05  0.001  0.565   0.0000E+00  0.0000E+00   0.0000E+00  0.0000E+00   0.0000E+00  0.0000E+00   8.7290E-02  3.6052E-01   
1.00E+05  0.009  0.563   0.0000E+00  0.0000E+00   0.0000E+00  0.0000E+00   3.2112E-61  2.5182E-60   8.8302E-02  3.6584E-01   
1.00E+05  0.017  0.558   0.0000E+00  0.0000E+00   0.0000E+00  0.0000E+00   2.2056E-33  1.7481E-32   9.1948E-02  3.8502E-01   
1.00E+05  0.034  0.537   0.0000E+00  0.0000E+00   0.0000E+00  0.0000E+00   4.8850E-19  3.9256E-18   9.6454E-02  4.0872E-01   
1.00E+05  0.060  0.485   0.0000E+00  0.0000E+00   0.0000E+00  0.0000E+00   1.6392E-12  1.3315E-11   9.9145E-02  4.2288E-01   
1.00E+05  0.086  0.413   0.0000E+00  0.0000E+00   0.0000E+00  0.0000E+00   1.0943E-09  8.9554E-09   1.0034E-01  4.2918E-01   
1.00E+05  0.129  0.265   0.0000E+00  0.0000E+00   0.0000E+00  0.0000E+00   2.8576E-07  2.3637E-06   1.0132E-01  4.3431E-01   
1.00E+05  0.172  0.128   0.0000E+00  0.0000E+00   0.0000E+00  0.0000E+00   5.2710E-06  4.4050E-05   1.0181E-01  4.3691E-01   
1.00E+05  0.259  0.035   0.0000E+00  0.0000E+00   0.0000E+00  0.0000E+00   6.4759E-05  5.5308E-04   1.0232E-01  4.3955E-01   
1.00E+05  0.431  0.009   0.0000E+00  0.0000E+00   0.0000E+00  0.0000E+00   5.6824E-04  5.0996E-03   1.0328E-01  4.4486E-01   
1.00E+05  0.862  0.002   0.0000E+00  0.0000E+00   0.0000E+00  0.0000E+00   7.8746E-03  8.3005E-02   1.1747E-01  5.3486E-01   
1.00E+05  2.585  0.000   0.0000E+00  0.0000E+00   0.0000E+00  0.0000E+00   5.8766E-01  1.1529E+01   2.6673E-01  1.4938E+00   
1.00E+06  0.001  0.726   0.0000E+00  0.0000E+00   0.0000E+00  0.0000E+00   0.0000E+00  0.0000E+00   8.7073E-02  3.5899E-01   
1.00E+06  0.009  0.725   0.0000E+00  0.0000E+00   0.0000E+00  0.0000E+00   2.1348E-69  1.6741E-68   8.8085E-02  3.6431E-01   
1.00E+06  0.017  0.724   0.0000E+00  0.0000E+00   0.0000E+00  0.0000E+00   1.4455E-37  1.1457E-36   9.1726E-02  3.8344E-01   
1.00E+06  0.034  0.718   0.0000E+00  0.0000E+00   0.0000E+00  0.0000E+00   2.6012E-21  2.0903E-20   9.6227E-02  4.0709E-01   
1.00E+06  0.060  0.700   0.0000E+00  0.0000E+00   0.0000E+00  0.0000E+00   4.6216E-14  3.7541E-13   9.8918E-02  4.2124E-01   
1.00E+06  0.086  0.672   0.0000E+00  0.0000E+00   0.0000E+00  0.0000E+00   5.4394E-11  4.4515E-10   1.0012E-01  4.2757E-01   
1.00E+06  0.129  0.604   0.0000E+00  0.0000E+00   0.0000E+00  0.0000E+00   2.0851E-08  1.7246E-07   1.0110E-01  4.3277E-01   
1.00E+06  0.172  0.512   0.0000E+00  0.0000E+00   0.0000E+00  0.0000E+00   5.7182E-07  4.7783E-06   1.0161E-01  4.3549E-01   
1.00E+06  0.259  0.299   0.0000E+00  0.0000E+00   0.0000E+00  0.0000E+00   2.3746E-05  2.0271E-04   1.0218E-01  4.3855E-01   
1.00E+06  0.431  0.091   0.0000E+00  0.0000E+00   0.0000E+00  0.0000E+00   4.7338E-04  4.2465E-03   1.0319E-01  4.4428E-01   
1.00E+06  0.862  0.020   0.0000E+00  0.0000E+00   0.0000E+00  0.0000E+00   7.7231E-03  8.1397E-02   1.1742E-01  5.3452E-01   
1.00E+06  2.585  0.002   0.0000E+00  0.0000E+00   0.0000E+00  0.0000E+00   5.8725E-01  1.1521E+01   2.6671E-01  1.4936E+00   
1.00E+07  0.001  1.223   0.0000E+00  0.0000E+00   0.0000E+00  0.0000E+00   0.0000E+00  0.0000E+00   8.5368E-02  3.4746E-01   
1.00E+07  0.009  1.222   0.0000E+00  0.0000E+00   0.0000E+00  0.0000E+00   1.8699E-94  1.4664E-93   8.6374E-02  3.5270E-01   
1.00E+07  0.017  1.222   0.0000E+00  0.0000E+00   0.0000E+00  0.0000E+00   4.1685E-50  3.3039E-49   8.9989E-02  3.7154E-01   
1.00E+07  0.034  1.219   0.0000E+00  0.0000E+00   0.0000E+00  0.0000E+00   1.2540E-27  1.0077E-26   9.4455E-02  3.9481E-01   
1.00E+07  0.060  1.212   0.0000E+00  0.0000E+00   0.0000E+00  0.0000E+00   9.5722E-18  7.7755E-17   9.7128E-02  4.0877E-01   
1.00E+07  0.086  1.200   0.0000E+00  0.0000E+00   0.0000E+00  0.0000E+00   1.1824E-13  9.6762E-13   9.8326E-02  4.1505E-01   
1.00E+07  0.129  1.173   0.0000E+00  0.0000E+00   0.0000E+00  0.0000E+00   2.5596E-10  2.1171E-09   9.9318E-02  4.2033E-01   
1.00E+07  0.172  1.133   0.0000E+00  0.0000E+00   0.0000E+00  0.0000E+00   1.5566E-08  1.3007E-07   9.9854E-02  4.2325E-01   
1.00E+07  0.259  1.021   0.0000E+00  0.0000E+00   0.0000E+00  0.0000E+00   1.4632E-06  1.2488E-05   1.0052E-01  4.2708E-01   
1.00E+07  0.431  0.698   0.0000E+00  0.0000E+00   0.0000E+00  0.0000E+00   1.1943E-04  1.0696E-03   1.0196E-01  4.3601E-01   
1.00E+07  0.862  0.196   0.0000E+00  0.0000E+00   0.0000E+00  0.0000E+00   6.3607E-03  6.6957E-02   1.1684E-01  5.3085E-01   
1.00E+07  2.585  0.021   0.0000E+00  0.0000E+00   0.0000E+00  0.0000E+00   5.8321E-01  1.1440E+01   2.6649E-01  1.4921E+00   
1.00E+08  0.001  2.447   0.0000E+00  0.0000E+00   0.0000E+00  0.0000E+00   0.0000E+00  0.0000E+00   7.3586E-02  2.7566E-01   
1.00E+08  0.009  2.447   0.0000E+00  0.0000E+00   0.0000E+00  0.0000E+00   3.6299E-156 2.8466E-155  7.4530E-02  2.8031E-01   
1.00E+08  0.017  2.446   0.0000E+00  0.0000E+00   0.0000E+00  0.0000E+00   5.7723E-81  4.5749E-80   7.7915E-02  2.9697E-01   
1.00E+08  0.034  2.445   0.0000E+00  0.0000E+00   0.0000E+00  0.0000E+00   4.4642E-43  3.5874E-42   8.2093E-02  3.1755E-01   
1.00E+08  0.060  2.442   0.0000E+00  0.0000E+00   0.0000E+00  0.0000E+00   1.3337E-26  1.0833E-25   8.4608E-02  3.2999E-01   
1.00E+08  0.086  2.437   0.0000E+00  0.0000E+00   0.0000E+00  0.0000E+00   6.9626E-20  5.6980E-19   8.5750E-02  3.3572E-01   
1.00E+08  0.129  2.424   0.0000E+00  0.0000E+00   0.0000E+00  0.0000E+00   1.5998E-14  1.3232E-13   8.6735E-02  3.4083E-01   
1.00E+08  0.172  2.406   0.0000E+00  0.0000E+00   0.0000E+00  0.0000E+00   9.6661E-12  8.0771E-11   8.7316E-02  3.4406E-01   
1.00E+08  0.259  2.355   0.0000E+00  0.0000E+00   0.0000E+00  0.0000E+00   8.4245E-09  7.1899E-08   8.8170E-02  3.4930E-01   
1.00E+08  0.431  2.192   0.0000E+00  0.0000E+00   0.0000E+00  0.0000E+00   3.7658E-06  3.3708E-05   9.0327E-02  3.6346E-01   
1.00E+08  0.862  1.493   0.0000E+00  0.0000E+00   0.0000E+00  0.0000E+00   1.4692E-03  1.5393E-02   1.0889E-01  4.8188E-01   
1.00E+08  2.585  0.209   0.0000E+00  0.0000E+00   0.0000E+00  0.0000E+00   5.4425E-01  1.0666E+01   2.6416E-01  1.4767E+00   
1.00E+09  0.001  5.181   0.0000E+00  0.0000E+00   0.0000E+00  0.0000E+00   0.0000E+00  0.0000E+00   2.4887E-02  5.7757E-02   
1.00E+09  0.009  5.180   0.0000E+00  0.0000E+00   0.0000E+00  0.0000E+00   6.0788E-294 4.7670E-293  2.5441E-02  5.9680E-02   
1.00E+09  0.017  5.180   0.0000E+00  0.0000E+00   0.0000E+00  0.0000E+00   7.4305E-150 5.8892E-149  2.7406E-02  6.6512E-02   
1.00E+09  0.034  5.180   0.0000E+00  0.0000E+00   0.0000E+00  0.0000E+00   1.5703E-77  1.2619E-76   2.9832E-02  7.4966E-02   
1.00E+09  0.060  5.178   0.0000E+00  0.0000E+00   0.0000E+00  0.0000E+00   2.6558E-46  2.1573E-45   3.1321E-02  8.0210E-02   
1.00E+09  0.086  5.176   0.0000E+00  0.0000E+00   0.0000E+00  0.0000E+00   1.0917E-33  8.9344E-33   3.2033E-02  8.2800E-02   
1.00E+09  0.129  5.170   0.0000E+00  0.0000E+00   0.0000E+00  0.0000E+00   9.5051E-24  7.8620E-23   3.2729E-02  8.5502E-02   
1.00E+09  0.172  5.161   0.0000E+00  0.0000E+00   0.0000E+00  0.0000E+00   1.1003E-18  9.1943E-18   3.3241E-02  8.7685E-02   
1.00E+09  0.259  5.138   0.0000E+00  0.0000E+00   0.0000E+00  0.0000E+00   1.7797E-13  1.5189E-12   3.4242E-02  9.2342E-02   
1.00E+09  0.431  5.062   0.0000E+00  0.0000E+00   0.0000E+00  0.0000E+00   4.8192E-09  4.3136E-08   3.7174E-02  1.0678E-01   
1.00E+09  0.862  4.708   0.0000E+00  0.0000E+00   0.0000E+00  0.0000E+00   3.5673E-05  3.7322E-04   5.7276E-02  2.1216E-01   
1.00E+09  2.585  1.972   0.0000E+00  0.0000E+00   0.0000E+00  0.0000E+00   2.8207E-01  5.4924E+00   2.3702E-01  1.2998E+00   
1.00E+10  0.001  11.119  0.0000E+00  0.0000E+00   0.0000E+00  0.0000E+00   0.0000E+00  0.0000E+00   0.0000E+00  0.0000E+00   
1.00E+10  0.009  11.118  0.0000E+00  0.0000E+00   0.0000E+00  0.0000E+00   0.0000E+00  0.0000E+00   3.4827E-91  1.8925E-92   
1.00E+10  0.017  11.118  0.0000E+00  0.0000E+00   0.0000E+00  0.0000E+00   1.7480E-299 1.3854E-298  3.4083E-49  2.5018E-50   
1.00E+10  0.034  11.118  0.0000E+00  0.0000E+00   0.0000E+00  0.0000E+00   2.3869E-152 1.9181E-151  5.9494E-28  7.2217E-29   
1.00E+10  0.060  11.117  0.0000E+00  0.0000E+00   0.0000E+00  0.0000E+00   4.6232E-89  3.7554E-88   1.4617E-18  2.9104E-19   
1.00E+10  0.086  11.116  0.0000E+00  0.0000E+00   0.0000E+00  0.0000E+00   1.2592E-63  1.0305E-62   1.2085E-14  3.3562E-15   
1.00E+10  0.129  11.113  0.0000E+00  0.0000E+00   0.0000E+00  0.0000E+00   1.0200E-43  8.4371E-43   1.9479E-11  7.9609E-12   
1.00E+10  0.172  11.109  0.0000E+00  0.0000E+00   0.0000E+00  0.0000E+00   1.1306E-33  9.4475E-33   1.0073E-09  5.4783E-10   
1.00E+10  0.259  11.098  0.0000E+00  0.0000E+00   0.0000E+00  0.0000E+00   1.7254E-23  1.4726E-22   7.8975E-08  6.7713E-08   
1.00E+10  0.431  11.063  0.0000E+00  0.0000E+00   0.0000E+00  0.0000E+00   4.3048E-15  3.8532E-14   6.4066E-06  9.9429E-06   
1.00E+10  0.862  10.898  0.0000E+00  0.0000E+00   0.0000E+00  0.0000E+00   2.7075E-08  2.8326E-07   8.3491E-04  2.3718E-03   
1.00E+10  2.585  9.163   0.0000E+00  0.0000E+00   0.0000E+00  0.0000E+00   1.7961E-02  3.4718E-01   6.8954E-02  3.3930E-01   
1.00E+11  0.001  23.934  0.0000E+00  0.0000E+00   0.0000E+00  0.0000E+00   0.0000E+00  0.0000E+00   0.0000E+00  0.0000E+00   
1.00E+11  0.009  23.934  0.0000E+00  0.0000E+00   0.0000E+00  0.0000E+00   0.0000E+00  0.0000E+00   0.0000E+00  0.0000E+00   
1.00E+11  0.017  23.933  0.0000E+00  0.0000E+00   0.0000E+00  0.0000E+00   0.0000E+00  0.0000E+00   0.0000E+00  0.0000E+00   
1.00E+11  0.034  23.934  0.0000E+00  0.0000E+00   0.0000E+00  0.0000E+00   1.1172E-314 8.9369E-314  0.0000E+00  0.0000E+00   
1.00E+11  0.060  23.933  0.0000E+00  0.0000E+00   0.0000E+00  0.0000E+00   2.4758E-181 2.0111E-180  0.0000E+00  0.0000E+00   
1.00E+11  0.086  23.933  0.0000E+00  0.0000E+00   0.0000E+00  0.0000E+00   3.2153E-128 2.6313E-127  0.0000E+00  0.0000E+00   
1.00E+11  0.129  23.931  0.0000E+00  0.0000E+00   0.0000E+00  0.0000E+00   8.7448E-87  7.2331E-86   0.0000E+00  0.0000E+00   
1.00E+11  0.172  23.930  0.0000E+00  0.0000E+00   0.0000E+00  0.0000E+00   5.5971E-66  4.6770E-65   0.0000E+00  0.0000E+00   
1.00E+11  0.259  23.924  0.0000E+00  0.0000E+00   0.0000E+00  0.0000E+00   4.8988E-45  4.1809E-44   0.0000E+00  0.0000E+00   
1.00E+11  0.431  23.908  0.0000E+00  0.0000E+00   0.0000E+00  0.0000E+00   4.8625E-28  4.3524E-27   0.0000E+00  0.0000E+00   
1.00E+11  0.862  23.832  0.0000E+00  0.0000E+00   0.0000E+00  0.0000E+00   8.2128E-15  8.5921E-14   0.0000E+00  0.0000E+00   
1.00E+11  2.585  23.015  0.0000E+00  0.0000E+00   0.0000E+00  0.0000E+00   8.4728E-05  1.6369E-03   0.0000E+00  0.0000E+00   
