rhoYe is density times electron fraction [g/cm^3], T is temperature [MeV], mu_e is electron chemical potential [MeV]
e-(+) cap is electron (positron) capture, e-(+) dec is electron (positron) decay
For each process, first column is neutrino production [neutrinos/baryon second] and second column is energy loss [MeV/baryon second].
rhoYe     T      mu_e    e- cap                   e+ dec                   e+ cap                   e- dec                   
1.00E+01  0.001  0.509   0.0000E+00  0.0000E+00   0.0000E+00  0.0000E+00   0.0000E+00  0.0000E+00   6.7880E-01  4.3580E+00   
1.00E+01  0.009  0.453   0.0000E+00  0.0000E+00   0.0000E+00  0.0000E+00   1.9281E-55  2.0093E-54   6.7880E-01  4.3580E+00   
1.00E+01  0.017  0.377   0.0000E+00  0.0000E+00   0.0000E+00  0.0000E+00   1.5761E-28  1.6435E-27   6.7880E-01  4.3580E+00   
1.00E+01  0.034  0.205   0.0000E+00  0.0000E+00   0.0000E+00  0.0000E+00   1.5308E-14  1.5984E-13   6.7880E-01  4.3580E+00   
1.00E+01  0.060  0.008   0.0000E+00  0.0000E+00   0.0000E+00  0.0000E+00   9.1816E-09  9.6073E-08   6.7855E-01  4.3563E+00   
1.00E+01  0.086  0.000   0.0000E+00  0.0000E+00   0.0000E+00  0.0000E+00   2.7351E-07  2.8657E-06   6.7485E-01  4.3321E+00   
1.00E+01  0.129  0.000   0.0000E+00  0.0000E+00   0.0000E+00  0.0000E+00   4.5090E-06  4.7085E-05   6.4665E-01  4.1459E+00   
1.00E+01  0.172  0.000   0.0000E+00  0.0000E+00   0.0000E+00  0.0000E+00   2.1367E-05  2.2067E-04   5.9312E-01  3.7908E+00   
1.00E+01  0.259  0.000   0.0000E+00  0.0000E+00   0.0000E+00  0.0000E+00   1.2796E-04  1.2839E-03   4.8200E-01  3.0500E+00   
1.00E+01  0.431  0.000   0.0000E+00  0.0000E+00   0.0000E+00  0.0000E+00   8.8871E-04  8.7211E-03   3.6831E-01  2.2799E+00   
1.00E+01  0.862  0.000   0.0000E+00  0.0000E+00   0.0000E+00  0.0000E+00   1.1917E-02  1.3044E-01   3.4274E-01  2.0472E+00   
1.00E+01  2.585  0.000   0.0000E+00  0.0000E+00   0.0000E+00  0.0000E+00   8.4085E-01  1.6505E+01   4.8936E-01  2.8505E+00   
1.00E+01  0.001  0.509   0.0000E+00  0.0000E+00   0.0000E+00  0.0000E+00   0.0000E+00  0.0000E+00   6.7880E-01  4.3580E+00   
1.00E+01  0.009  0.453   0.0000E+00  0.0000E+00   0.0000E+00  0.0000E+00   1.9281E-55  2.0093E-54   6.7880E-01  4.3580E+00   
1.00E+01  0.017  0.377   0.0000E+00  0.0000E+00   0.0000E+00  0.0000E+00   1.5761E-28  1.6435E-27   6.7880E-01  4.3580E+00   
1.00E+01  0.034  0.205   0.0000E+00  0.0000E+00   0.0000E+00  0.0000E+00   1.5308E-14  1.5984E-13   6.7880E-01  4.3580E+00   
1.00E+01  0.060  0.008   0.0000E+00  0.0000E+00   0.0000E+00  0.0000E+00   9.1816E-09  9.6073E-08   6.7855E-01  4.3563E+00   
1.00E+01  0.086  0.000   0.0000E+00  0.0000E+00   0.0000E+00  0.0000E+00   2.7351E-07  2.8657E-06   6.7485E-01  4.3321E+00   
1.00E+01  0.129  0.000   0.0000E+00  0.0000E+00   0.0000E+00  0.0000E+00   4.5090E-06  4.7085E-05   6.4665E-01  4.1459E+00   
1.00E+01  0.172  0.000   0.0000E+00  0.0000E+00   0.0000E+00  0.0000E+00   2.1367E-05  2.2067E-04   5.9312E-01  3.7908E+00   
1.00E+01  0.259  0.000   0.0000E+00  0.0000E+00   0.0000E+00  0.0000E+00   1.2796E-04  1.2839E-03   4.8200E-01  3.0500E+00   
1.00E+01  0.431  0.000   0.0000E+00  0.0000E+00   0.0000E+00  0.0000E+00   8.8871E-04  8.7211E-03   3.6831E-01  2.2799E+00   
1.00E+01  0.862  0.000   0.0000E+00  0.0000E+00   0.0000E+00  0.0000E+00   1.1917E-02  1.3044E-01   3.4274E-01  2.0472E+00   
1.00E+01  2.585  0.000   0.0000E+00  0.0000E+00   0.0000E+00  0.0000E+00   8.4085E-01  1.6505E+01   4.8936E-01  2.8505E+00   
1.00E+02  0.001  0.511   0.0000E+00  0.0000E+00   0.0000E+00  0.0000E+00   0.0000E+00  0.0000E+00   6.7880E-01  4.3580E+00   
1.00E+02  0.009  0.473   0.0000E+00  0.0000E+00   0.0000E+00  0.0000E+00   1.9197E-56  2.0005E-55   6.7880E-01  4.3580E+00   
1.00E+02  0.017  0.416   0.0000E+00  0.0000E+00   0.0000E+00  0.0000E+00   1.5741E-29  1.6415E-28   6.7880E-01  4.3580E+00   
1.00E+02  0.034  0.284   0.0000E+00  0.0000E+00   0.0000E+00  0.0000E+00   1.5301E-15  1.5978E-14   6.7880E-01  4.3580E+00   
1.00E+02  0.060  0.065   0.0000E+00  0.0000E+00   0.0000E+00  0.0000E+00   3.5462E-09  3.7107E-08   6.7855E-01  4.3563E+00   
1.00E+02  0.086  0.005   0.0000E+00  0.0000E+00   0.0000E+00  0.0000E+00   2.6020E-07  2.7262E-06   6.7485E-01  4.3321E+00   
1.00E+02  0.129  0.000   0.0000E+00  0.0000E+00   0.0000E+00  0.0000E+00   4.4941E-06  4.6929E-05   6.4665E-01  4.1459E+00   
1.00E+02  0.172  0.000   0.0000E+00  0.0000E+00   0.0000E+00  0.0000E+00   2.1352E-05  2.2051E-04   5.9312E-01  3.7908E+00   
1.00E+02  0.259  0.000   0.0000E+00  0.0000E+00   0.0000E+00  0.0000E+00   1.2794E-04  1.2837E-03   4.8200E-01  3.0500E+00   
1.00E+02  0.431  0.000   0.0000E+00  0.0000E+00   0.0000E+00  0.0000E+00   8.8870E-04  8.7209E-03   3.6831E-01  2.2799E+00   
1.00E+02  0.862  0.000   0.0000E+00  0.0000E+00   0.0000E+00  0.0000E+00   1.1917E-02  1.3044E-01   3.4274E-01  2.0472E+00   
1.00E+02  2.585  0.000   0.0000E+00  0.0000E+00   0.0000E+00  0.0000E+00   8.4085E-01  1.6505E+01   4.8936E-01  2.8505E+00   
1.00E+01  0.001  0.509   0.0000E+00  0.0000E+00   0.0000E+00  0.0000E+00   0.0000E+00  0.0000E+00   6.7880E-01  4.3580E+00   
1.00E+01  0.009  0.453   0.0000E+00  0.0000E+00   0.0000E+00  0.0000E+00   1.9281E-55  2.0093E-54   6.7880E-01  4.3580E+00   
1.00E+01  0.017  0.377   0.0000E+00  0.0000E+00   0.0000E+00  0.0000E+00   1.5761E-28  1.6435E-27   6.7880E-01  4.3580E+00   
1.00E+01  0.034  0.205   0.0000E+00  0.0000E+00   0.0000E+00  0.0000E+00   1.5308E-14  1.5984E-13   6.7880E-01  4.3580E+00   
1.00E+01  0.060  0.008   0.0000E+00  0.0000E+00   0.0000E+00  0.0000E+00   9.1816E-09  9.6073E-08   6.7855E-01  4.3563E+00   
1.00E+01  0.086  0.000   0.0000E+00  0.0000E+00   0.0000E+00  0.0000E+00   2.7351E-07  2.8657E-06   6.7485E-01  4.3321E+00   
1.00E+01  0.129  0.000   0.0000E+00  0.0000E+00   0.0000E+00  0.0000E+00   4.5090E-06  4.7085E-05   6.4665E-01  4.1459E+00   
1.00E+01  0.172  0.000   0.0000E+00  0.0000E+00   0.0000E+00  0.0000E+00   2.1367E-05  2.2067E-04   5.9312E-01  3.7908E+00   
1.00E+01  0.259  0.000   0.0000E+00  0.0000E+00   0.0000E+00  0.0000E+00   1.2796E-04  1.2839E-03   4.8200E-01  3.0500E+00   
1.00E+01  0.431  0.000   0.0000E+00  0.0000E+00   0.0000E+00  0.0000E+00   8.8871E-04  8.7211E-03   3.6831E-01  2.2799E+00   
1.00E+01  0.862  0.000   0.0000E+00  0.0000E+00   0.0000E+00  0.0000E+00   1.1917E-02  1.3044E-01   3.4274E-01  2.0472E+00   
1.00E+01  2.585  0.000   0.0000E+00  0.0000E+00   0.0000E+00  0.0000E+00   8.4085E-01  1.6505E+01   4.8936E-01  2.8505E+00   
1.00E+02  0.001  0.511   0.0000E+00  0.0000E+00   0.0000E+00  0.0000E+00   0.0000E+00  0.0000E+00   6.7880E-01  4.3580E+00   
1.00E+02  0.009  0.473   0.0000E+00  0.0000E+00   0.0000E+00  0.0000E+00   1.9197E-56  2.0005E-55   6.7880E-01  4.3580E+00   
1.00E+02  0.017  0.416   0.0000E+00  0.0000E+00   0.0000E+00  0.0000E+00   1.5741E-29  1.6415E-28   6.7880E-01  4.3580E+00   
1.00E+02  0.034  0.284   0.0000E+00  0.0000E+00   0.0000E+00  0.0000E+00   1.5301E-15  1.5978E-14   6.7880E-01  4.3580E+00   
1.00E+02  0.060  0.065   0.0000E+00  0.0000E+00   0.0000E+00  0.0000E+00   3.5462E-09  3.7107E-08   6.7855E-01  4.3563E+00   
1.00E+02  0.086  0.005   0.0000E+00  0.0000E+00   0.0000E+00  0.0000E+00   2.6020E-07  2.7262E-06   6.7485E-01  4.3321E+00   
1.00E+02  0.129  0.000   0.0000E+00  0.0000E+00   0.0000E+00  0.0000E+00   4.4941E-06  4.6929E-05   6.4665E-01  4.1459E+00   
1.00E+02  0.172  0.000   0.0000E+00  0.0000E+00   0.0000E+00  0.0000E+00   2.1352E-05  2.2051E-04   5.9312E-01  3.7908E+00   
1.00E+02  0.259  0.000   0.0000E+00  0.0000E+00   0.0000E+00  0.0000E+00   1.2794E-04  1.2837E-03   4.8200E-01  3.0500E+00   
1.00E+02  0.431  0.000   0.0000E+00  0.0000E+00   0.0000E+00  0.0000E+00   8.8870E-04  8.7209E-03   3.6831E-01  2.2799E+00   
1.00E+02  0.862  0.000   0.0000E+00  0.0000E+00   0.0000E+00  0.0000E+00   1.1917E-02  1.3044E-01   3.4274E-01  2.0472E+00   
1.00E+02  2.585  0.000   0.0000E+00  0.0000E+00   0.0000E+00  0.0000E+00   8.4085E-01  1.6505E+01   4.8936E-01  2.8505E+00   
1.00E+03  0.001  0.513   0.0000E+00  0.0000E+00   0.0000E+00  0.0000E+00   0.0000E+00  0.0000E+00   6.7880E-01  4.3580E+00   
1.00E+03  0.009  0.493   0.0000E+00  0.0000E+00 1.00E+01  0.001  0.509   0.0000E+00  0.0000E+00   0.0000E+00  0.0000E+00   0.0000E+00  0.0000E+00   6.7880E-01  4.3580E+00   
1.00E+01  0.009  0.453   0.0000E+00  0.0000E+00   0.0000E+00  0.0000E+00   1.9281E-55  2.0093E-54   6.7880E-01  4.3580E+00   
1.00E+01  0.017  0.377   0.0000E+00  0.0000E+00   0.0000E+00  0.0000E+00   1.5761E-28  1.6435E-27   6.7880E-01  4.3580E+00   
1.00E+01  0.034  0.205   0.0000E+00  0.0000E+00   0.0000E+00  0.0000E+00   1.5308E-14  1.5984E-13   6.7880E-01  4.3580E+00   
1.00E+01  0.060  0.008   0.0000E+00  0.0000E+00   0.0000E+00  0.0000E+00   9.1816E-09  9.6073E-08   6.7855E-01  4.3563E+00   
1.00E+01  0.086  0.000   0.0000E+00  0.0000E+00   0.0000E+00  0.0000E+00   2.7351E-07  2.8657E-06   6.7485E-01  4.3321E+00   
1.00E+01  0.129  0.000   0.0000E+00  0.0000E+00   0.0000E+00  0.0000E+00   4.5090E-06  4.7085E-05   6.4665E-01  4.1459E+00   
1.00E+01  0.172  0.000   0.0000E+00  0.0000E+00   0.0000E+00  0.0000E+00   2.1367E-05  2.2067E-04   5.9312E-01  3.7908E+00   
1.00E+01  0.259  0.000   0.0000E+00  0.0000E+00   0.0000E+00  0.0000E+00   1.2796E-04  1.2839E-03   4.8200E-01  3.0500E+00   
1.00E+01  0.431  0.000   0.0000E+00  0.0000E+00   0.0000E+00  0.0000E+00   8.8871E-04  8.7211E-03   3.6831E-01  2.2799E+00   
1.00E+01  0.862  0.000   0.0000E+00  0.0000E+00   0.0000E+00  0.0000E+00   1.1917E-02  1.3044E-01   3.4274E-01  2.0472E+00   
1.00E+01  2.585  0.000   0.0000E+00  0.0000E+00   0.0000E+00  0.0000E+00   8.4085E-01  1.6505E+01   4.8936E-01  2.8505E+00   
1.00E+02  0.001  0.511   0.0000E+00  0.0000E+00   0.0000E+00  0.0000E+00   0.0000E+00  0.0000E+00   6.7880E-01  4.3580E+00   
1.00E+02  0.009  0.473   0.0000E+00  0.0000E+00   0.0000E+00  0.0000E+00   1.9197E-56  2.0005E-55   6.7880E-01  4.3580E+00   
1.00E+02  0.017  0.416   0.0000E+00  0.0000E+00   0.0000E+00  0.0000E+00   1.5741E-29  1.6415E-28   6.7880E-01  4.3580E+00   
1.00E+02  0.034  0.284   0.0000E+00  0.0000E+00   0.0000E+00  0.0000E+00   1.5301E-15  1.5978E-14   6.7880E-01  4.3580E+00   
1.00E+02  0.060  0.065   0.0000E+00  0.0000E+00   0.0000E+00  0.0000E+00   3.5462E-09  3.7107E-08   6.7855E-01  4.3563E+00   
1.00E+02  0.086  0.005   0.0000E+00  0.0000E+00   0.0000E+00  0.0000E+00   2.6020E-07  2.7262E-06   6.7485E-01  4.3321E+00   
1.00E+02  0.129  0.000   0.0000E+00  0.0000E+00   0.0000E+00  0.0000E+00   4.4941E-06  4.6929E-05   6.4665E-01  4.1459E+00   
1.00E+02  0.172  0.000   0.0000E+00  0.0000E+00   0.0000E+00  0.0000E+00   2.1352E-05  2.2051E-04   5.9312E-01  3.7908E+00   
1.00E+02  0.259  0.000   0.0000E+00  0.0000E+00   0.0000E+00  0.0000E+00   1.2794E-04  1.2837E-03   4.8200E-01  3.0500E+00   
1.00E+02  0.431  0.000   0.0000E+00  0.0000E+00   0.0000E+00  0.0000E+00   8.8870E-04  8.7209E-03   3.6831E-01  2.2799E+00   
1.00E+02  0.862  0.000   0.0000E+00  0.0000E+00   0.0000E+00  0.0000E+00   1.1917E-02  1.3044E-01   3.4274E-01  2.0472E+00   
1.00E+02  2.585  0.000   0.0000E+00  0.0000E+00   0.0000E+00  0.0000E+00   8.4085E-01  1.6505E+01   4.8936E-01  2.8505E+00   
1.00E+03  0.001  0.513   0.0000E+00  0.0000E+00   0.0000E+00  0.0000E+00   0.0000E+00  0.0000E+00   6.7880E-01  4.3580E+00   
1.00E+03  0.009  0.493   0.0000E+00  0.0000E+00   0.0000E+00  0.0000E+00   1.8372E-57  1.9145E-56   6.7880E-01  4.3580E+00   
1.00E+03  0.009  0.493   0.0000E+00  0.0000E+00 1.00E+01  0.001  0.509   0.0000E+00  0.0000E+00   0.0000E+00  0.0000E+00   0.0000E+00  0.0000E+00   6.7880E-01  4.3580E+00   
1.00E+03  0.017  0.456   0.0000E+00  0.0000E+00   0.0000E+00  0.0000E+00   1.5548E-30  1.6213E-29   6.7880E-01  4.3580E+00   
1.00E+03  0.034  0.364   0.0000E+00  0.0000E+00   0.0000E+00  0.0000E+00   1.5238E-16  1.5912E-15   6.7880E-01  4.3580E+00   
1.00E+03  0.060  0.197   0.0000E+00  0.0000E+00   0.0000E+00  0.0000E+00   3.9951E-10  4.1803E-09   6.7855E-01  4.3563E+00   
1.00E+03  0.086  0.046   0.0000E+00  0.0000E+00   0.0000E+00  0.0000E+00   1.6193E-07  1.6966E-06   6.7485E-01  4.3321E+00   
1.00E+03  0.129  0.005   0.0000E+00  0.0000E+00   0.0000E+00  0.0000E+00   4.3470E-06  4.5394E-05   6.4665E-01  4.1458E+00   
1.00E+03  0.172  0.001   0.0000E+00  0.0000E+00   0.0000E+00  0.0000E+00   2.1199E-05  2.1892E-04   5.9312E-01  3.7908E+00   
1.00E+03  0.259  0.000   0.0000E+00  0.0000E+00   0.0000E+00  0.0000E+00   1.2779E-04  1.2822E-03   4.8200E-01  3.0500E+00   
1.00E+03  0.431  0.000   0.0000E+00  0.0000E+00   0.0000E+00  0.0000E+00   8.8853E-04  8.7193E-03   3.6831E-01  2.2799E+00   
1.00E+03  0.862  0.000   0.0000E+00  0.0000E+00   0.0000E+00  0.0000E+00   1.1916E-02  1.3044E-01   3.4274E-01  2.0472E+00   
1.00E+03  2.585  0.000   0.0000E+00  0.0000E+00   0.0000E+00  0.0000E+00   8.4085E-01  1.6505E+01   4.8936E-01  2.8505E+00   
1.00E+04  0.001  0.523   0.0000E+00  0.0000E+00   0.0000E+00  0.0000E+00   0.0000E+00  0.0000E+00   6.7879E-01  4.3578E+00   
1.00E+04  0.009  0.516   0.0000E+00  0.0000E+00   0.0000E+00  0.0000E+00   1.3385E-58  1.3948E-57   6.7879E-01  4.3578E+00   
1.00E+04  0.017  0.498   0.0000E+00  0.0000E+00   0.0000E+00  0.0000E+00   1.3786E-31  1.4376E-30   6.7879E-01  4.3579E+00   
1.00E+04  0.034  0.444   0.0000E+00  0.0000E+00   0.0000E+00  0.0000E+00   1.4621E-17  1.5267E-16   6.7879E-01  4.3579E+00   
1.00E+04  0.060  0.337   0.0000E+00  0.0000E+00   0.0000E+00  0.0000E+00   3.9388E-11  4.1214E-10   6.7854E-01  4.3562E+00   
1.00E+04  0.086  0.209   0.0000E+00  0.0000E+00   0.0000E+00  0.0000E+00   2.4410E-08  2.5576E-07   6.7485E-01  4.3320E+00   
1.00E+04  0.129  0.047   0.0000E+00  0.0000E+00   0.0000E+00  0.0000E+00   3.1402E-06  3.2791E-05   6.4665E-01  4.1458E+00   
1.00E+04  0.172  0.014   0.0000E+00  0.0000E+00   0.0000E+00  0.0000E+00   1.9726E-05  2.0371E-04   5.9312E-01  3.7908E+00   
1.00E+04  0.259  0.004   0.0000E+00  0.0000E+00   0.0000E+00  0.0000E+00   1.2626E-04  1.2669E-03   4.8200E-01  3.0500E+00   
1.00E+04  0.431  0.001   0.0000E+00  0.0000E+00   0.0000E+00  0.0000E+00   8.8691E-04  8.7033E-03   3.6831E-01  2.2799E+00   
1.00E+04  0.862  0.000   0.0000E+00  0.0000E+00   0.0000E+00  0.0000E+00   1.1914E-02  1.3041E-01   3.4274E-01  2.0472E+00   
1.00E+04  2.585  0.000   0.0000E+00  0.0000E+00   0.0000E+00  0.0000E+00   8.4085E-01  1.6505E+01   4.8936E-01  2.8505E+00   
1.00E+05  0.001  0.565   0.0000E+00  0.0000E+00   0.0000E+00  0.0000E+00   0.0000E+00  0.0000E+00   6.7870E-01  4.3569E+00   
1.00E+05  0.009  0.563   0.0000E+00  0.0000E+00   0.0000E+00  0.0000E+00   5.8822E-61  6.1298E-60   6.7870E-01  4.3570E+00   
1.00E+05  0.017  0.558   0.0000E+00  0.0000E+00   0.0000E+00  0.0000E+00   4.2913E-33  4.4749E-32   6.7871E-01  4.3570E+00   
1.00E+05  0.034  0.537   0.0000E+00  0.0000E+00   0.0000E+00  0.0000E+00   9.8685E-19  1.0305E-17   6.7871E-01  4.3571E+00   
1.00E+05  0.060  0.485   0.0000E+00  0.0000E+00   0.0000E+00  0.0000E+00   3.3811E-12  3.5378E-11   6.7847E-01  4.3555E+00   
1.00E+05  0.086  0.413   0.0000E+00  0.0000E+00   0.0000E+00  0.0000E+00   2.2713E-09  2.3798E-08   6.7478E-01  4.3313E+00   
1.00E+05  0.129  0.265   0.0000E+00  0.0000E+00   0.0000E+00  0.0000E+00   5.8151E-07  6.0722E-06   6.4660E-01  4.1453E+00   
1.00E+05  0.172  0.128   0.0000E+00  0.0000E+00   0.0000E+00  0.0000E+00   1.0206E-05  1.0539E-04   5.9308E-01  3.7905E+00   
1.00E+05  0.259  0.035   0.0000E+00  0.0000E+00   0.0000E+00  0.0000E+00   1.1197E-04  1.1234E-03   4.8198E-01  3.0498E+00   
1.00E+05  0.431  0.009   0.0000E+00  0.0000E+00   0.0000E+00  0.0000E+00   8.7082E-04  8.5452E-03   3.6829E-01  2.2798E+00   
1.00E+05  0.862  0.002   0.0000E+00  0.0000E+00   0.0000E+00  0.0000E+00   1.1891E-02  1.3016E-01   3.4273E-01  2.0471E+00   
1.00E+05  2.585  0.000   0.0000E+00  0.0000E+00   0.0000E+00  0.0000E+00   8.4079E-01  1.6504E+01   4.8936E-01  2.8505E+00   
1.00E+06  0.001  0.726   0.0000E+00  0.0000E+00   0.0000E+00  0.0000E+00   0.0000E+00  0.0000E+00   6.7811E-01  4.3510E+00   
1.00E+06  0.009  0.725   0.0000E+00  0.0000E+00   0.0000E+00  0.0000E+00   3.9104E-69  4.0750E-68   6.7811E-01  4.3511E+00   
1.00E+06  0.017  0.724   0.0000E+00  0.0000E+00   0.0000E+00  0.0000E+00   2.8124E-37  2.9328E-36   6.7811E-01  4.3511E+00   
1.00E+06  0.034  0.718   0.0000E+00  0.0000E+00   0.0000E+00  0.0000E+00   5.2547E-21  5.4870E-20   6.7811E-01  4.3511E+00   
1.00E+06  0.060  0.700   0.0000E+00  0.0000E+00   0.0000E+00  0.0000E+00   9.5328E-14  9.9748E-13   6.7787E-01  4.3496E+00   
1.00E+06  0.086  0.672   0.0000E+00  0.0000E+00   0.0000E+00  0.0000E+00   1.1290E-10  1.1829E-09   6.7420E-01  4.3256E+00   
1.00E+06  0.129  0.604   0.0000E+00  0.0000E+00   0.0000E+00  0.0000E+00   4.2429E-08  4.4305E-07   6.4606E-01  4.1400E+00   
1.00E+06  0.172  0.512   0.0000E+00  0.0000E+00   0.0000E+00  0.0000E+00   1.1071E-06  1.1432E-05   5.9262E-01  3.7860E+00   
1.00E+06  0.259  0.299   0.0000E+00  0.0000E+00   0.0000E+00  0.0000E+00   4.1050E-05  4.1176E-04   4.8169E-01  3.0471E+00   
1.00E+06  0.431  0.091   0.0000E+00  0.0000E+00   0.0000E+00  0.0000E+00   7.2540E-04  7.1163E-03   3.6814E-01  2.2785E+00   
1.00E+06  0.862  0.020   0.0000E+00  0.0000E+00   0.0000E+00  0.0000E+00   1.1662E-02  1.2764E-01   3.4263E-01  2.0464E+00   
1.00E+06  2.585  0.002   0.0000E+00  0.0000E+00   0.0000E+00  0.0000E+00   8.4021E-01  1.6493E+01   4.8932E-01  2.8502E+00   
1.00E+07  0.001  1.223   0.0000E+00  0.0000E+00   0.0000E+00  0.0000E+00   0.0000E+00  0.0000E+00   6.7341E-01  4.3050E+00   
1.00E+07  0.009  1.222   0.0000E+00  0.0000E+00   0.0000E+00  0.0000E+00   3.4253E-94  3.5695E-93   6.7342E-01  4.3050E+00   
1.00E+07  0.017  1.222   0.0000E+00  0.0000E+00   0.0000E+00  0.0000E+00   8.1104E-50  8.4576E-49   6.7342E-01  4.3051E+00   
1.00E+07  0.034  1.219   0.0000E+00  0.0000E+00   0.0000E+00  0.0000E+00   2.5332E-27  2.6452E-26   6.7342E-01  4.3051E+00   
1.00E+07  0.060  1.212   0.0000E+00  0.0000E+00   0.0000E+00  0.0000E+00   1.9744E-17  2.0660E-16   6.7319E-01  4.3037E+00   
1.00E+07  0.086  1.200   0.0000E+00  0.0000E+00   0.0000E+00  0.0000E+00   2.4541E-13  2.5713E-12   6.6955E-01  4.2800E+00   
1.00E+07  0.129  1.173   0.0000E+00  0.0000E+00   0.0000E+00  0.0000E+00   5.2085E-10  5.4388E-09   6.4159E-01  4.0966E+00   
1.00E+07  0.172  1.133   0.0000E+00  0.0000E+00   0.0000E+00  0.0000E+00   3.0135E-08  3.1118E-07   5.8848E-01  3.7463E+00   
1.00E+07  0.259  1.021   0.0000E+00  0.0000E+00   0.0000E+00  0.0000E+00   2.5292E-06  2.5367E-05   4.7830E-01  3.0158E+00   
1.00E+07  0.431  0.698   0.0000E+00  0.0000E+00   0.0000E+00  0.0000E+00   1.8296E-04  1.7930E-03   3.6600E-01  2.2600E+00   
1.00E+07  0.862  0.196   0.0000E+00  0.0000E+00   0.0000E+00  0.0000E+00   9.6041E-03  1.0501E-01   3.4163E-01  2.0383E+00   
1.00E+07  2.585  0.021   0.0000E+00  0.0000E+00   0.0000E+00  0.0000E+00   8.3442E-01  1.6378E+01   4.8893E-01  2.8475E+00   
1.00E+08  0.001  2.447   0.0000E+00  0.0000E+00   0.0000E+00  0.0000E+00   0.0000E+00  0.0000E+00   6.3850E-01  3.9766E+00   
1.00E+08  0.009  2.447   0.0000E+00  0.0000E+00   0.0000E+00  0.0000E+00   6.6492E-156 6.9291E-155  6.3851E-01  3.9767E+00   
1.00E+08  0.017  2.446   0.0000E+00  0.0000E+00   0.0000E+00  0.0000E+00   1.1231E-80  1.1711E-79   6.3852E-01  3.9768E+00   
1.00E+08  0.034  2.445   0.0000E+00  0.0000E+00   0.0000E+00  0.0000E+00   9.0183E-43  9.4170E-42   6.3853E-01  3.9769E+00   
1.00E+08  0.060  2.442   0.0000E+00  0.0000E+00   0.0000E+00  0.0000E+00   2.7509E-26  2.8784E-25   6.3833E-01  3.9759E+00   
1.00E+08  0.086  2.437   0.0000E+00  0.0000E+00   0.0000E+00  0.0000E+00   1.4452E-19  1.5142E-18   6.3490E-01  3.9545E+00   
1.00E+08  0.129  2.424   0.0000E+00  0.0000E+00   0.0000E+00  0.0000E+00   3.2554E-14  3.3994E-13   6.0826E-01  3.7851E+00   
1.00E+08  0.172  2.406   0.0000E+00  0.0000E+00   0.0000E+00  0.0000E+00   1.8714E-11  1.9324E-10   5.5754E-01  3.4606E+00   
1.00E+08  0.259  2.355   0.0000E+00  0.0000E+00   0.0000E+00  0.0000E+00   1.4562E-08  1.4605E-07   4.5229E-01  2.7833E+00   
1.00E+08  0.431  2.192   0.0000E+00  0.0000E+00   0.0000E+00  0.0000E+00   5.7684E-06  5.6511E-05   3.4551E-01  2.0866E+00   
1.00E+08  0.862  1.493   0.0000E+00  0.0000E+00   0.0000E+00  0.0000E+00   2.2176E-03  2.4157E-02   3.2777E-01  1.9276E+00   
1.00E+08  2.585  0.209   0.0000E+00  0.0000E+00   0.0000E+00  0.0000E+00   7.7866E-01  1.5270E+01   4.8494E-01  2.8194E+00   
1.00E+09  0.001  5.181   0.0000E+00  0.0000E+00   0.0000E+00  0.0000E+00   0.0000E+00  0.0000E+00   4.4734E-01  2.3883E+00   
1.00E+09  0.009  5.180   0.0000E+00  0.0000E+00   0.0000E+00  0.0000E+00   1.1135E-293 1.1604E-292  4.4737E-01  2.3885E+00   
1.00E+09  0.017  5.180   0.0000E+00  0.0000E+00   0.0000E+00  0.0000E+00   1.4457E-149 1.5076E-148  4.4741E-01  2.3888E+00   
1.00E+09  0.034  5.180   0.0000E+00  0.0000E+00   0.0000E+00  0.0000E+00   3.1723E-77  3.3126E-76   4.4742E-01  2.3890E+00   
1.00E+09  0.060  5.178   0.0000E+00  0.0000E+00   0.0000E+00  0.0000E+00   5.4781E-46  5.7321E-45   4.4736E-01  2.3892E+00   
1.00E+09  0.086  5.176   0.0000E+00  0.0000E+00   0.0000E+00  0.0000E+00   2.2660E-33  2.3742E-32   4.4501E-01  2.3772E+00   
1.00E+09  0.129  5.170   0.0000E+00  0.0000E+00   0.0000E+00  0.0000E+00   1.9342E-23  2.0197E-22   4.2605E-01  2.2758E+00   
1.00E+09  0.172  5.161   0.0000E+00  0.0000E+00   0.0000E+00  0.0000E+00   2.1302E-18  2.1997E-17   3.8957E-01  2.0785E+00   
1.00E+09  0.259  5.138   0.0000E+00  0.0000E+00   0.0000E+00  0.0000E+00   3.0764E-13  3.0854E-12   3.1348E-01  1.6645E+00   
1.00E+09  0.431  5.062   0.0000E+00  0.0000E+00   0.0000E+00  0.0000E+00   7.3820E-09  7.2318E-08   2.3615E-01  1.2410E+00   
1.00E+09  0.862  4.708   0.0000E+00  0.0000E+00   0.0000E+00  0.0000E+00   5.3842E-05  5.8581E-04   2.2752E-01  1.1916E+00   
1.00E+09  2.585  1.972   0.0000E+00  0.0000E+00   0.0000E+00  0.0000E+00   4.0348E-01  7.8634E+00   4.3804E-01  2.4943E+00   
1.00E+10  0.001  11.119  0.0000E+00  0.0000E+00   0.0000E+00  0.0000E+00   0.0000E+00  0.0000E+00   2.4429E-02  4.3223E-02   
1.00E+10  0.009  11.118  0.0000E+00  0.0000E+00   0.0000E+00  0.0000E+00   0.0000E+00  0.0000E+00   2.4458E-02  4.3294E-02   
1.00E+10  0.017  11.118  0.0000E+00  0.0000E+00   0.0000E+00  0.0000E+00   3.4009E-299 3.5465E-298  2.4477E-02  4.3350E-02   
1.00E+10  0.034  11.118  0.0000E+00  0.0000E+00   0.0000E+00  0.0000E+00   4.8219E-152 5.0351E-151  2.4502E-02  4.3450E-02   
1.00E+10  0.060  11.117  0.0000E+00  0.0000E+00   0.0000E+00  0.0000E+00   9.5361E-89  9.9782E-88   2.4587E-02  4.3768E-02   
1.00E+10  0.086  11.116  0.0000E+00  0.0000E+00   0.0000E+00  0.0000E+00   2.6136E-63  2.7384E-62   2.4586E-02  4.4022E-02   
1.00E+10  0.129  11.113  0.0000E+00  0.0000E+00   0.0000E+00  0.0000E+00   2.0757E-43  2.1675E-42   2.3787E-02  4.3182E-02   
1.00E+10  0.172  11.109  0.0000E+00  0.0000E+00   0.0000E+00  0.0000E+00   2.1889E-33  2.2603E-32   2.1984E-02  4.0647E-02   
1.00E+10  0.259  11.098  0.0000E+00  0.0000E+00   0.0000E+00  0.0000E+00   2.9824E-23  2.9912E-22   1.8106E-02  3.5109E-02   
1.00E+10  0.431  11.063  0.0000E+00  0.0000E+00   0.0000E+00  0.0000E+00   6.5940E-15  6.4599E-14   1.4641E-02  3.2042E-02   
1.00E+10  0.862  10.898  0.0000E+00  0.0000E+00   0.0000E+00  0.0000E+00   4.0865E-08  4.4460E-07   1.8896E-02  5.6242E-02   
1.00E+10  2.585  9.163   0.0000E+00  0.0000E+00   0.0000E+00  0.0000E+00   2.5685E-02  4.9709E-01   1.4154E-01  6.9961E-01   
1.00E+11  0.001  23.934  0.0000E+00  0.0000E+00   0.0000E+00  0.0000E+00   0.0000E+00  0.0000E+00   0.0000E+00  0.0000E+00   
1.00E+11  0.009  23.934  0.0000E+00  0.0000E+00   0.0000E+00  0.0000E+00   0.0000E+00  0.0000E+00   0.0000E+00  0.0000E+00   
1.00E+11  0.017  23.933  0.0000E+00  0.0000E+00   0.0000E+00  0.0000E+00   0.0000E+00  0.0000E+00   3.6548E-274 3.8167E-275  
1.00E+11  0.034  23.934  0.0000E+00  0.0000E+00   0.0000E+00  0.0000E+00   1.9855E-314 2.0687E-313  2.0211E-141 2.8934E-142  
1.00E+11  0.060  23.933  0.0000E+00  0.0000E+00   0.0000E+00  0.0000E+00   5.1069E-181 5.3436E-180  2.6525E-84  5.7808E-85   
1.00E+11  0.086  23.933  0.0000E+00  0.0000E+00   0.0000E+00  0.0000E+00   6.6736E-128 6.9923E-127  2.7724E-61  8.7001E-62   
1.00E+11  0.129  23.931  0.0000E+00  0.0000E+00   0.0000E+00  0.0000E+00   1.7795E-86  1.8582E-85   3.8455E-43  1.9884E-43   
1.00E+11  0.172  23.930  0.0000E+00  0.0000E+00   0.0000E+00  0.0000E+00   1.0836E-65  1.1190E-64   6.5674E-34  4.6508E-34   
1.00E+11  0.259  23.924  0.0000E+00  0.0000E+00   0.0000E+00  0.0000E+00   8.4678E-45  8.4927E-44   1.5340E-24  1.5346E-24   
1.00E+11  0.431  23.908  0.0000E+00  0.0000E+00   0.0000E+00  0.0000E+00   7.4484E-28  7.2968E-27   6.5696E-17  9.8291E-17   
1.00E+11  0.862  23.832  0.0000E+00  0.0000E+00   0.0000E+00  0.0000E+00   1.2396E-14  1.3486E-13   5.9652E-11  1.6011E-10   
1.00E+11  2.585  23.015  0.0000E+00  0.0000E+00   0.0000E+00  0.0000E+00   1.2116E-04  2.3438E-03   2.5699E-06  1.6103E-05   
