rhoYe is density times electron fraction [g/cm^3], T is temperature [MeV], mu_e is electron chemical potential [MeV]
e-(+) cap is electron (positron) capture, e-(+) dec is electron (positron) decay
For each process, first column is neutrino production [neutrinos/baryon second] and second column is energy loss [MeV/baryon second].
rhoYe     T      mu_e    e- cap                   e+ dec                   e+ cap                   e- dec                   
1.00E+01  0.001  0.509   2.6445E-07  1.6592E-06   2.6450E-01  1.3779E+00   0.0000E+00  0.0000E+00   0.0000E+00  0.0000E+00   
1.00E+01  0.009  0.453   5.2344E-08  3.2866E-07   2.6450E-01  1.3779E+00   0.0000E+00  0.0000E+00   0.0000E+00  0.0000E+00   
1.00E+01  0.017  0.377   3.8582E-08  2.4247E-07   2.6450E-01  1.3779E+00   0.0000E+00  0.0000E+00   0.0000E+00  0.0000E+00   
1.00E+01  0.034  0.205   3.0769E-08  1.9379E-07   2.6451E-01  1.3779E+00   0.0000E+00  0.0000E+00   0.0000E+00  0.0000E+00   
1.00E+01  0.060  0.008   1.1643E-07  7.3608E-07   2.6458E-01  1.3785E+00   0.0000E+00  0.0000E+00   0.0000E+00  0.0000E+00   
1.00E+01  0.086  0.000   2.2642E-06  1.4377E-05   2.6484E-01  1.3807E+00   0.0000E+00  0.0000E+00   0.0000E+00  0.0000E+00   
1.00E+01  0.129  0.000   3.2320E-05  2.0698E-04   2.6562E-01  1.3874E+00   0.0000E+00  0.0000E+00   0.0000E+00  0.0000E+00   
1.00E+01  0.172  0.000   1.4808E-04  9.5786E-04   2.6649E-01  1.3948E+00   0.0000E+00  0.0000E+00   0.0000E+00  0.0000E+00   
1.00E+01  0.259  0.000   9.1704E-04  6.0751E-03   2.6777E-01  1.4065E+00   0.0000E+00  0.0000E+00   0.0000E+00  0.0000E+00   
1.00E+01  0.431  0.000   6.8898E-03  4.8439E-02   2.6728E-01  1.4093E+00   0.0000E+00  0.0000E+00   0.0000E+00  0.0000E+00   
1.00E+01  0.862  0.000   9.2289E-02  7.8426E-01   2.5989E-01  1.3866E+00   0.0000E+00  0.0000E+00   0.0000E+00  0.0000E+00   
1.00E+01  2.585  0.000   4.8667E+00  8.4986E+01   5.1043E-01  3.5211E+00   0.0000E+00  0.0000E+00   0.0000E+00  0.0000E+00   
1.00E+01  0.001  0.509   2.6445E-07  1.6592E-06   2.6450E-01  1.3779E+00   0.0000E+00  0.0000E+00   0.0000E+00  0.0000E+00   
1.00E+01  0.009  0.453   5.2344E-08  3.2866E-07   2.6450E-01  1.3779E+00   0.0000E+00  0.0000E+00   0.0000E+00  0.0000E+00   
1.00E+01  0.017  0.377   3.8582E-08  2.4247E-07   2.6450E-01  1.3779E+00   0.0000E+00  0.0000E+00   0.0000E+00  0.0000E+00   
1.00E+01  0.034  0.205   3.0769E-08  1.9379E-07   2.6451E-01  1.3779E+00   0.0000E+00  0.0000E+00   0.0000E+00  0.0000E+00   
1.00E+01  0.060  0.008   1.1643E-07  7.3608E-07   2.6458E-01  1.3785E+00   0.0000E+00  0.0000E+00   0.0000E+00  0.0000E+00   
1.00E+01  0.086  0.000   2.2642E-06  1.4377E-05   2.6484E-01  1.3807E+00   0.0000E+00  0.0000E+00   0.0000E+00  0.0000E+00   
1.00E+01  0.129  0.000   3.2320E-05  2.0698E-04   2.6562E-01  1.3874E+00   0.0000E+00  0.0000E+00   0.0000E+00  0.0000E+00   
1.00E+01  0.172  0.000   1.4808E-04  9.5786E-04   2.6649E-01  1.3948E+00   0.0000E+00  0.0000E+00   0.0000E+00  0.0000E+00   
1.00E+01  0.259  0.000   9.1704E-04  6.0751E-03   2.6777E-01  1.4065E+00   0.0000E+00  0.0000E+00   0.0000E+00  0.0000E+00   
1.00E+01  0.431  0.000   6.8898E-03  4.8439E-02   2.6728E-01  1.4093E+00   0.0000E+00  0.0000E+00   0.0000E+00  0.0000E+00   
1.00E+01  0.862  0.000   9.2289E-02  7.8426E-01   2.5989E-01  1.3866E+00   0.0000E+00  0.0000E+00   0.0000E+00  0.0000E+00   
1.00E+01  2.585  0.000   4.8667E+00  8.4986E+01   5.1043E-01  3.5211E+00   0.0000E+00  0.0000E+00   0.0000E+00  0.0000E+00   
1.00E+02  0.001  0.511   2.6949E-06  1.6908E-05   2.6450E-01  1.3779E+00   0.0000E+00  0.0000E+00   0.0000E+00  0.0000E+00   
1.00E+02  0.009  0.473   5.2296E-07  3.2836E-06   2.6450E-01  1.3779E+00   0.0000E+00  0.0000E+00   0.0000E+00  0.0000E+00   
1.00E+02  0.017  0.416   3.8564E-07  2.4237E-06   2.6450E-01  1.3779E+00   0.0000E+00  0.0000E+00   0.0000E+00  0.0000E+00   
1.00E+02  0.034  0.284   3.0766E-07  1.9377E-06   2.6451E-01  1.3779E+00   0.0000E+00  0.0000E+00   0.0000E+00  0.0000E+00   
1.00E+02  0.060  0.065   3.0142E-07  1.9056E-06   2.6458E-01  1.3785E+00   0.0000E+00  0.0000E+00   0.0000E+00  0.0000E+00   
1.00E+02  0.086  0.005   2.3800E-06  1.5113E-05   2.6484E-01  1.3807E+00   0.0000E+00  0.0000E+00   0.0000E+00  0.0000E+00   
1.00E+02  0.129  0.000   3.2427E-05  2.0767E-04   2.6562E-01  1.3874E+00   0.0000E+00  0.0000E+00   0.0000E+00  0.0000E+00   
1.00E+02  0.172  0.000   1.4818E-04  9.5855E-04   2.6649E-01  1.3948E+00   0.0000E+00  0.0000E+00   0.0000E+00  0.0000E+00   
1.00E+02  0.259  0.000   9.1715E-04  6.0758E-03   2.6777E-01  1.4065E+00   0.0000E+00  0.0000E+00   0.0000E+00  0.0000E+00   
1.00E+02  0.431  0.000   6.8899E-03  4.8440E-02   2.6728E-01  1.4093E+00   0.0000E+00  0.0000E+00   0.0000E+00  0.0000E+00   
1.00E+02  0.862  0.000   9.2289E-02  7.8426E-01   2.5989E-01  1.3866E+00   0.0000E+00  0.0000E+00   0.0000E+00  0.0000E+00   
1.00E+02  2.585  0.000   4.8667E+00  8.4986E+01   5.1043E-01  3.5211E+00   0.0000E+00  0.0000E+00   0.0000E+00  0.0000E+00   
1.00E+01  0.001  0.509   2.6445E-07  1.6592E-06   2.6450E-01  1.3779E+00   0.0000E+00  0.0000E+00   0.0000E+00  0.0000E+00   
1.00E+01  0.009  0.453   5.2344E-08  3.2866E-07   2.6450E-01  1.3779E+00   0.0000E+00  0.0000E+00   0.0000E+00  0.0000E+00   
1.00E+01  0.017  0.377   3.8582E-08  2.4247E-07   2.6450E-01  1.3779E+00   0.0000E+00  0.0000E+00   0.0000E+00  0.0000E+00   
1.00E+01  0.034  0.205   3.0769E-08  1.9379E-07   2.6451E-01  1.3779E+00   0.0000E+00  0.0000E+00   0.0000E+00  0.0000E+00   
1.00E+01  0.060  0.008   1.1643E-07  7.3608E-07   2.6458E-01  1.3785E+00   0.0000E+00  0.0000E+00   0.0000E+00  0.0000E+00   
1.00E+01  0.086  0.000   2.2642E-06  1.4377E-05   2.6484E-01  1.3807E+00   0.0000E+00  0.0000E+00   0.0000E+00  0.0000E+00   
1.00E+01  0.129  0.000   3.2320E-05  2.0698E-04   2.6562E-01  1.3874E+00   0.0000E+00  0.0000E+00   0.0000E+00  0.0000E+00   
1.00E+01  0.172  0.000   1.4808E-04  9.5786E-04   2.6649E-01  1.3948E+00   0.0000E+00  0.0000E+00   0.0000E+00  0.0000E+00   
1.00E+01  0.259  0.000   9.1704E-04  6.0751E-03   2.6777E-01  1.4065E+00   0.0000E+00  0.0000E+00   0.0000E+00  0.0000E+00   
1.00E+01  0.431  0.000   6.8898E-03  4.8439E-02   2.6728E-01  1.4093E+00   0.0000E+00  0.0000E+00   0.0000E+00  0.0000E+00   
1.00E+01  0.862  0.000   9.2289E-02  7.8426E-01   2.5989E-01  1.3866E+00   0.0000E+00  0.0000E+00   0.0000E+00  0.0000E+00   
1.00E+01  2.585  0.000   4.8667E+00  8.4986E+01   5.1043E-01  3.5211E+00   0.0000E+00  0.0000E+00   0.0000E+00  0.0000E+00   
1.00E+02  0.001  0.511   2.6949E-06  1.6908E-05   2.6450E-01  1.3779E+00   0.0000E+00  0.0000E+00   0.0000E+00  0.0000E+00   
1.00E+02  0.009  0.473   5.2296E-07  3.2836E-06   2.6450E-01  1.3779E+00   0.0000E+00  0.0000E+00   0.0000E+00  0.0000E+00   
1.00E+02  0.017  0.416   3.8564E-07  2.4237E-06   2.6450E-01  1.3779E+00   0.0000E+00  0.0000E+00   0.0000E+00  0.0000E+00   
1.00E+02  0.034  0.284   3.0766E-07  1.9377E-06   2.6451E-01  1.3779E+00   0.0000E+00  0.0000E+00   0.0000E+00  0.0000E+00   
1.00E+02  0.060  0.065   3.0142E-07  1.9056E-06   2.6458E-01  1.3785E+00   0.0000E+00  0.0000E+00   0.0000E+00  0.0000E+00   
1.00E+02  0.086  0.005   2.3800E-06  1.5113E-05   2.6484E-01  1.3807E+00   0.0000E+00  0.0000E+00   0.0000E+00  0.0000E+00   
1.00E+02  0.129  0.000   3.2427E-05  2.0767E-04   2.6562E-01  1.3874E+00   0.0000E+00  0.0000E+00   0.0000E+00  0.0000E+00   
1.00E+02  0.172  0.000   1.4818E-04  9.5855E-04   2.6649E-01  1.3948E+00   0.0000E+00  0.0000E+00   0.0000E+00  0.0000E+00   
1.00E+02  0.259  0.000   9.1715E-04  6.0758E-03   2.6777E-01  1.4065E+00   0.0000E+00  0.0000E+00   0.0000E+00  0.0000E+00   
1.00E+02  0.431  0.000   6.8899E-03  4.8440E-02   2.6728E-01  1.4093E+00   0.0000E+00  0.0000E+00   0.0000E+00  0.0000E+00   
1.00E+02  0.862  0.000   9.2289E-02  7.8426E-01   2.5989E-01  1.3866E+00   0.0000E+00  0.0000E+00   0.0000E+00  0.0000E+00   
1.00E+02  2.585  0.000   4.8667E+00  8.4986E+01   5.1043E-01  3.5211E+00   0.0000E+00  0.0000E+00   0.0000E+00  0.0000E+00   
1.00E+03  0.001  0.513   1.0175E-05  6.3844E-05   2.6450E-01  1.3779E+00   0.0000E+00  0.0000E+00   0.0000E+00  0.0000E+00   
1.00E+03  0.009  0.493   5.1838E-06  3.2549E-05 1.00E+01  0.001  0.509   2.6445E-07  1.6592E-06   2.6450E-01  1.3779E+00   0.0000E+00  0.0000E+00   0.0000E+00  0.0000E+00   
1.00E+01  0.009  0.453   5.2344E-08  3.2866E-07   2.6450E-01  1.3779E+00   0.0000E+00  0.0000E+00   0.0000E+00  0.0000E+00   
1.00E+01  0.017  0.377   3.8582E-08  2.4247E-07   2.6450E-01  1.3779E+00   0.0000E+00  0.0000E+00   0.0000E+00  0.0000E+00   
1.00E+01  0.034  0.205   3.0769E-08  1.9379E-07   2.6451E-01  1.3779E+00   0.0000E+00  0.0000E+00   0.0000E+00  0.0000E+00   
1.00E+01  0.060  0.008   1.1643E-07  7.3608E-07   2.6458E-01  1.3785E+00   0.0000E+00  0.0000E+00   0.0000E+00  0.0000E+00   
1.00E+01  0.086  0.000   2.2642E-06  1.4377E-05   2.6484E-01  1.3807E+00   0.0000E+00  0.0000E+00   0.0000E+00  0.0000E+00   
1.00E+01  0.129  0.000   3.2320E-05  2.0698E-04   2.6562E-01  1.3874E+00   0.0000E+00  0.0000E+00   0.0000E+00  0.0000E+00   
1.00E+01  0.172  0.000   1.4808E-04  9.5786E-04   2.6649E-01  1.3948E+00   0.0000E+00  0.0000E+00   0.0000E+00  0.0000E+00   
1.00E+01  0.259  0.000   9.1704E-04  6.0751E-03   2.6777E-01  1.4065E+00   0.0000E+00  0.0000E+00   0.0000E+00  0.0000E+00   
1.00E+01  0.431  0.000   6.8898E-03  4.8439E-02   2.6728E-01  1.4093E+00   0.0000E+00  0.0000E+00   0.0000E+00  0.0000E+00   
1.00E+01  0.862  0.000   9.2289E-02  7.8426E-01   2.5989E-01  1.3866E+00   0.0000E+00  0.0000E+00   0.0000E+00  0.0000E+00   
1.00E+01  2.585  0.000   4.8667E+00  8.4986E+01   5.1043E-01  3.5211E+00   0.0000E+00  0.0000E+00   0.0000E+00  0.0000E+00   
1.00E+02  0.001  0.511   2.6949E-06  1.6908E-05   2.6450E-01  1.3779E+00   0.0000E+00  0.0000E+00   0.0000E+00  0.0000E+00   
1.00E+02  0.009  0.473   5.2296E-07  3.2836E-06   2.6450E-01  1.3779E+00   0.0000E+00  0.0000E+00   0.0000E+00  0.0000E+00   
1.00E+02  0.017  0.416   3.8564E-07  2.4237E-06   2.6450E-01  1.3779E+00   0.0000E+00  0.0000E+00   0.0000E+00  0.0000E+00   
1.00E+02  0.034  0.284   3.0766E-07  1.9377E-06   2.6451E-01  1.3779E+00   0.0000E+00  0.0000E+00   0.0000E+00  0.0000E+00   
1.00E+02  0.060  0.065   3.0142E-07  1.9056E-06   2.6458E-01  1.3785E+00   0.0000E+00  0.0000E+00   0.0000E+00  0.0000E+00   
1.00E+02  0.086  0.005   2.3800E-06  1.5113E-05   2.6484E-01  1.3807E+00   0.0000E+00  0.0000E+00   0.0000E+00  0.0000E+00   
1.00E+02  0.129  0.000   3.2427E-05  2.0767E-04   2.6562E-01  1.3874E+00   0.0000E+00  0.0000E+00   0.0000E+00  0.0000E+00   
1.00E+02  0.172  0.000   1.4818E-04  9.5855E-04   2.6649E-01  1.3948E+00   0.0000E+00  0.0000E+00   0.0000E+00  0.0000E+00   
1.00E+02  0.259  0.000   9.1715E-04  6.0758E-03   2.6777E-01  1.4065E+00   0.0000E+00  0.0000E+00   0.0000E+00  0.0000E+00   
1.00E+02  0.431  0.000   6.8899E-03  4.8440E-02   2.6728E-01  1.4093E+00   0.0000E+00  0.0000E+00   0.0000E+00  0.0000E+00   
1.00E+02  0.862  0.000   9.2289E-02  7.8426E-01   2.5989E-01  1.3866E+00   0.0000E+00  0.0000E+00   0.0000E+00  0.0000E+00   
1.00E+02  2.585  0.000   4.8667E+00  8.4986E+01   5.1043E-01  3.5211E+00   0.0000E+00  0.0000E+00   0.0000E+00  0.0000E+00   
1.00E+03  0.001  0.513   1.0175E-05  6.3844E-05   2.6450E-01  1.3779E+00   0.0000E+00  0.0000E+00   0.0000E+00  0.0000E+00   
1.00E+03  0.009  0.493   5.1838E-06  3.2549E-05 1.00E+01  0.001  0.509   2.6445E-07  1.6592E-06   2.6450E-01  1.3779E+00   0.0000E+00  0.0000E+00   0.0000E+00  0.0000E+00   
1.00E+03  0.009  0.493   5.1838E-06  3.2549E-05   2.6450E-01  1.3779E+00   0.0000E+00  0.0000E+00   0.0000E+00  0.0000E+00   
1.00E+03  0.017  0.456   3.8396E-06  2.4131E-05   2.6450E-01  1.3779E+00   0.0000E+00  0.0000E+00   0.0000E+00  0.0000E+00   
1.00E+03  0.034  0.364   3.0733E-06  1.9357E-05   2.6451E-01  1.3779E+00   0.0000E+00  0.0000E+00   0.0000E+00  0.0000E+00   
1.00E+03  0.060  0.197   2.6706E-06  1.6884E-05   2.6458E-01  1.3785E+00   0.0000E+00  0.0000E+00   0.0000E+00  0.0000E+00   
1.00E+03  0.086  0.046   3.8230E-06  2.4275E-05   2.6484E-01  1.3807E+00   0.0000E+00  0.0000E+00   0.0000E+00  0.0000E+00   
1.00E+03  0.129  0.005   3.3522E-05  2.1468E-04   2.6562E-01  1.3874E+00   0.0000E+00  0.0000E+00   0.0000E+00  0.0000E+00   
1.00E+03  0.172  0.001   1.4925E-04  9.6546E-04   2.6649E-01  1.3948E+00   0.0000E+00  0.0000E+00   0.0000E+00  0.0000E+00   
1.00E+03  0.259  0.000   9.1825E-04  6.0831E-03   2.6777E-01  1.4065E+00   0.0000E+00  0.0000E+00   0.0000E+00  0.0000E+00   
1.00E+03  0.431  0.000   6.8912E-03  4.8449E-02   2.6728E-01  1.4093E+00   0.0000E+00  0.0000E+00   0.0000E+00  0.0000E+00   
1.00E+03  0.862  0.000   9.2291E-02  7.8428E-01   2.5989E-01  1.3866E+00   0.0000E+00  0.0000E+00   0.0000E+00  0.0000E+00   
1.00E+03  2.585  0.000   4.8667E+00  8.4986E+01   5.1043E-01  3.5211E+00   0.0000E+00  0.0000E+00   0.0000E+00  0.0000E+00   
1.00E+04  0.001  0.523   5.8353E-05  3.6629E-04   2.6450E-01  1.3779E+00   0.0000E+00  0.0000E+00   0.0000E+00  0.0000E+00   
1.00E+04  0.009  0.516   4.4562E-05  2.7986E-04   2.6450E-01  1.3779E+00   0.0000E+00  0.0000E+00   0.0000E+00  0.0000E+00   
1.00E+04  0.017  0.498   3.6834E-05  2.3153E-04   2.6450E-01  1.3779E+00   0.0000E+00  0.0000E+00   0.0000E+00  0.0000E+00   
1.00E+04  0.034  0.444   3.0425E-05  1.9165E-04   2.6451E-01  1.3779E+00   0.0000E+00  0.0000E+00   0.0000E+00  0.0000E+00   
1.00E+04  0.060  0.337   2.6585E-05  1.6809E-04   2.6458E-01  1.3785E+00   0.0000E+00  0.0000E+00   0.0000E+00  0.0000E+00   
1.00E+04  0.086  0.209   2.5143E-05  1.5966E-04   2.6484E-01  1.3807E+00   0.0000E+00  0.0000E+00   0.0000E+00  0.0000E+00   
1.00E+04  0.129  0.047   4.6349E-05  2.9684E-04   2.6563E-01  1.3874E+00   0.0000E+00  0.0000E+00   0.0000E+00  0.0000E+00   
1.00E+04  0.172  0.014   1.6035E-04  1.0372E-03   2.6649E-01  1.3949E+00   0.0000E+00  0.0000E+00   0.0000E+00  0.0000E+00   
1.00E+04  0.259  0.004   9.2930E-04  6.1564E-03   2.6777E-01  1.4065E+00   0.0000E+00  0.0000E+00   0.0000E+00  0.0000E+00   
1.00E+04  0.431  0.001   6.9038E-03  4.8538E-02   2.6728E-01  1.4093E+00   0.0000E+00  0.0000E+00   0.0000E+00  0.0000E+00   
1.00E+04  0.862  0.000   9.2309E-02  7.8443E-01   2.5989E-01  1.3866E+00   0.0000E+00  0.0000E+00   0.0000E+00  0.0000E+00   
1.00E+04  2.585  0.000   4.8667E+00  8.4986E+01   5.1043E-01  3.5211E+00   0.0000E+00  0.0000E+00   0.0000E+00  0.0000E+00   
1.00E+05  0.001  0.565   3.2382E-04  2.0366E-03   2.6450E-01  1.3779E+00   0.0000E+00  0.0000E+00   0.0000E+00  0.0000E+00   
1.00E+05  0.009  0.563   3.1546E-04  1.9844E-03   2.6450E-01  1.3779E+00   0.0000E+00  0.0000E+00   0.0000E+00  0.0000E+00   
1.00E+05  0.017  0.558   3.0498E-04  1.9196E-03   2.6450E-01  1.3779E+00   0.0000E+00  0.0000E+00   0.0000E+00  0.0000E+00   
1.00E+05  0.034  0.537   2.8183E-04  1.7771E-03   2.6451E-01  1.3779E+00   0.0000E+00  0.0000E+00   0.0000E+00  0.0000E+00   
1.00E+05  0.060  0.485   2.5884E-04  1.6378E-03   2.6458E-01  1.3785E+00   0.0000E+00  0.0000E+00   0.0000E+00  0.0000E+00   
1.00E+05  0.086  0.413   2.4659E-04  1.5669E-03   2.6484E-01  1.3807E+00   0.0000E+00  0.0000E+00   0.0000E+00  0.0000E+00   
1.00E+05  0.129  0.265   2.4194E-04  1.5502E-03   2.6563E-01  1.3874E+00   0.0000E+00  0.0000E+00   0.0000E+00  0.0000E+00   
1.00E+05  0.172  0.128   3.0705E-04  1.9868E-03   2.6651E-01  1.3949E+00   0.0000E+00  0.0000E+00   0.0000E+00  0.0000E+00   
1.00E+05  0.259  0.035   1.0468E-03  6.9360E-03   2.6779E-01  1.4066E+00   0.0000E+00  0.0000E+00   0.0000E+00  0.0000E+00   
1.00E+05  0.431  0.009   7.0308E-03  4.9434E-02   2.6730E-01  1.4094E+00   0.0000E+00  0.0000E+00   0.0000E+00  0.0000E+00   
1.00E+05  0.862  0.002   9.2489E-02  7.8597E-01   2.5990E-01  1.3866E+00   0.0000E+00  0.0000E+00   0.0000E+00  0.0000E+00   
1.00E+05  2.585  0.000   4.8671E+00  8.4992E+01   5.1043E-01  3.5211E+00   0.0000E+00  0.0000E+00   0.0000E+00  0.0000E+00   
1.00E+06  0.001  0.726   2.3678E-03  1.5020E-02   2.6450E-01  1.3779E+00   0.0000E+00  0.0000E+00   0.0000E+00  0.0000E+00   
1.00E+06  0.009  0.725   2.3506E-03  1.4911E-02   2.6450E-01  1.3779E+00   0.0000E+00  0.0000E+00   0.0000E+00  0.0000E+00   
1.00E+06  0.017  0.724   2.3566E-03  1.4953E-02   2.6450E-01  1.3779E+00   0.0000E+00  0.0000E+00   0.0000E+00  0.0000E+00   
1.00E+06  0.034  0.718   2.3525E-03  1.4942E-02   2.6451E-01  1.3779E+00   0.0000E+00  0.0000E+00   0.0000E+00  0.0000E+00   
1.00E+06  0.060  0.700   2.3425E-03  1.4914E-02   2.6458E-01  1.3785E+00   0.0000E+00  0.0000E+00   0.0000E+00  0.0000E+00   
1.00E+06  0.086  0.672   2.3325E-03  1.4901E-02   2.6484E-01  1.3807E+00   0.0000E+00  0.0000E+00   0.0000E+00  0.0000E+00   
1.00E+06  0.129  0.604   2.3300E-03  1.4993E-02   2.6563E-01  1.3874E+00   0.0000E+00  0.0000E+00   0.0000E+00  0.0000E+00   
1.00E+06  0.172  0.512   2.3563E-03  1.5298E-02   2.6652E-01  1.3950E+00   0.0000E+00  0.0000E+00   0.0000E+00  0.0000E+00   
1.00E+06  0.259  0.299   2.7379E-03  1.8174E-02   2.6790E-01  1.4072E+00   0.0000E+00  0.0000E+00   0.0000E+00  0.0000E+00   
1.00E+06  0.431  0.091   8.4208E-03  5.9247E-02   2.6747E-01  1.4104E+00   0.0000E+00  0.0000E+00   0.0000E+00  0.0000E+00   
1.00E+06  0.862  0.020   9.4306E-02  8.0156E-01   2.6001E-01  1.3873E+00   0.0000E+00  0.0000E+00   0.0000E+00  0.0000E+00   
1.00E+06  2.585  0.002   4.8704E+00  8.5052E+01   5.1047E-01  3.5213E+00   0.0000E+00  0.0000E+00   0.0000E+00  0.0000E+00   
1.00E+07  0.001  1.223   2.3151E-02  1.5149E-01   2.6450E-01  1.3779E+00   0.0000E+00  0.0000E+00   0.0000E+00  0.0000E+00   
1.00E+07  0.009  1.222   2.3101E-02  1.5116E-01   2.6450E-01  1.3779E+00   0.0000E+00  0.0000E+00   0.0000E+00  0.0000E+00   
1.00E+07  0.017  1.222   2.3107E-02  1.5121E-01   2.6450E-01  1.3779E+00   0.0000E+00  0.0000E+00   0.0000E+00  0.0000E+00   
1.00E+07  0.034  1.219   2.3152E-02  1.5158E-01   2.6451E-01  1.3779E+00   0.0000E+00  0.0000E+00   0.0000E+00  0.0000E+00   
1.00E+07  0.060  1.212   2.3238E-02  1.5234E-01   2.6458E-01  1.3785E+00   0.0000E+00  0.0000E+00   0.0000E+00  0.0000E+00   
1.00E+07  0.086  1.200   2.3376E-02  1.5354E-01   2.6484E-01  1.3807E+00   0.0000E+00  0.0000E+00   0.0000E+00  0.0000E+00   
1.00E+07  0.129  1.173   2.3706E-02  1.5645E-01   2.6563E-01  1.3874E+00   0.0000E+00  0.0000E+00   0.0000E+00  0.0000E+00   
1.00E+07  0.172  1.133   2.4142E-02  1.6036E-01   2.6652E-01  1.3950E+00   0.0000E+00  0.0000E+00   0.0000E+00  0.0000E+00   
1.00E+07  0.259  1.021   2.5300E-02  1.7098E-01   2.6795E-01  1.4075E+00   0.0000E+00  0.0000E+00   0.0000E+00  0.0000E+00   
1.00E+07  0.431  0.698   2.9881E-02  2.1216E-01   2.6810E-01  1.4140E+00   0.0000E+00  0.0000E+00   0.0000E+00  0.0000E+00   
1.00E+07  0.862  0.196   1.1432E-01  9.7346E-01   2.6097E-01  1.3929E+00   0.0000E+00  0.0000E+00   0.0000E+00  0.0000E+00   
1.00E+07  2.585  0.021   4.9044E+00  8.5653E+01   5.1081E-01  3.5240E+00   0.0000E+00  0.0000E+00   0.0000E+00  0.0000E+00   
1.00E+08  0.001  2.447   3.0038E-01  2.1497E+00   2.6450E-01  1.3779E+00   0.0000E+00  0.0000E+00   0.0000E+00  0.0000E+00   
1.00E+08  0.009  2.447   3.0014E-01  2.1480E+00   2.6450E-01  1.3779E+00   0.0000E+00  0.0000E+00   0.0000E+00  0.0000E+00   
1.00E+08  0.017  2.446   3.0006E-01  2.1475E+00   2.6450E-01  1.3779E+00   0.0000E+00  0.0000E+00   0.0000E+00  0.0000E+00   
1.00E+08  0.034  2.445   3.0039E-01  2.1504E+00   2.6451E-01  1.3779E+00   0.0000E+00  0.0000E+00   0.0000E+00  0.0000E+00   
1.00E+08  0.060  2.442   3.0092E-01  2.1558E+00   2.6458E-01  1.3785E+00   0.0000E+00  0.0000E+00   0.0000E+00  0.0000E+00   
1.00E+08  0.086  2.437   3.0182E-01  2.1648E+00   2.6484E-01  1.3807E+00   0.0000E+00  0.0000E+00   0.0000E+00  0.0000E+00   
1.00E+08  0.129  2.424   3.0404E-01  2.1870E+00   2.6563E-01  1.3874E+00   0.0000E+00  0.0000E+00   0.0000E+00  0.0000E+00   
1.00E+08  0.172  2.406   3.0708E-01  2.2176E+00   2.6652E-01  1.3950E+00   0.0000E+00  0.0000E+00   0.0000E+00  0.0000E+00   
1.00E+08  0.259  2.355   3.1527E-01  2.3019E+00   2.6796E-01  1.4075E+00   0.0000E+00  0.0000E+00   0.0000E+00  0.0000E+00   
1.00E+08  0.431  2.192   3.3830E-01  2.5549E+00   2.6830E-01  1.4152E+00   0.0000E+00  0.0000E+00   0.0000E+00  0.0000E+00   
1.00E+08  0.862  1.493   4.3779E-01  3.8169E+00   2.6462E-01  1.4143E+00   0.0000E+00  0.0000E+00   0.0000E+00  0.0000E+00   
1.00E+08  2.585  0.209   5.2564E+00  9.1891E+01   5.1413E-01  3.5495E+00   0.0000E+00  0.0000E+00   0.0000E+00  0.0000E+00   
1.00E+09  0.001  5.181   5.3264E+00  4.7243E+01   2.6450E-01  1.3779E+00   0.0000E+00  0.0000E+00   0.0000E+00  0.0000E+00   
1.00E+09  0.009  5.180   5.3242E+00  4.7221E+01   2.6450E-01  1.3779E+00   0.0000E+00  0.0000E+00   0.0000E+00  0.0000E+00   
1.00E+09  0.017  5.180   5.3230E+00  4.7212E+01   2.6450E-01  1.3779E+00   0.0000E+00  0.0000E+00   0.0000E+00  0.0000E+00   
1.00E+09  0.034  5.180   5.3256E+00  4.7242E+01   2.6451E-01  1.3779E+00   0.0000E+00  0.0000E+00   0.0000E+00  0.0000E+00   
1.00E+09  0.060  5.178   5.3292E+00  4.7293E+01   2.6458E-01  1.3785E+00   0.0000E+00  0.0000E+00   0.0000E+00  0.0000E+00   
1.00E+09  0.086  5.176   5.3357E+00  4.7381E+01   2.6484E-01  1.3807E+00   0.0000E+00  0.0000E+00   0.0000E+00  0.0000E+00   
1.00E+09  0.129  5.170   5.3518E+00  4.7601E+01   2.6563E-01  1.3874E+00   0.0000E+00  0.0000E+00   0.0000E+00  0.0000E+00   
1.00E+09  0.172  5.161   5.3736E+00  4.7901E+01   2.6652E-01  1.3950E+00   0.0000E+00  0.0000E+00   0.0000E+00  0.0000E+00   
1.00E+09  0.259  5.138   5.4303E+00  4.8702E+01   2.6796E-01  1.4075E+00   0.0000E+00  0.0000E+00   0.0000E+00  0.0000E+00   
1.00E+09  0.431  5.062   5.5729E+00  5.0931E+01   2.6831E-01  1.4152E+00   0.0000E+00  0.0000E+00   0.0000E+00  0.0000E+00   
1.00E+09  0.862  4.708   5.9661E+00  5.9533E+01   2.6575E-01  1.4209E+00   0.0000E+00  0.0000E+00   0.0000E+00  0.0000E+00   
1.00E+09  2.585  1.972   9.9712E+00  1.7639E+02   5.3818E-01  3.7352E+00   0.0000E+00  0.0000E+00   0.0000E+00  0.0000E+00   
1.00E+10  0.001  11.119  1.3141E+02  1.7431E+03   2.6450E-01  1.3779E+00   0.0000E+00  0.0000E+00   0.0000E+00  0.0000E+00   
1.00E+10  0.009  11.118  1.3136E+02  1.7424E+03   2.6450E-01  1.3779E+00   0.0000E+00  0.0000E+00   0.0000E+00  0.0000E+00   
1.00E+10  0.017  11.118  1.3134E+02  1.7421E+03   2.6450E-01  1.3779E+00   0.0000E+00  0.0000E+00   0.0000E+00  0.0000E+00   
1.00E+10  0.034  11.118  1.3137E+02  1.7426E+03   2.6451E-01  1.3779E+00   0.0000E+00  0.0000E+00   0.0000E+00  0.0000E+00   
1.00E+10  0.060  11.117  1.3140E+02  1.7433E+03   2.6458E-01  1.3785E+00   0.0000E+00  0.0000E+00   0.0000E+00  0.0000E+00   
1.00E+10  0.086  11.116  1.3145E+02  1.7445E+03   2.6484E-01  1.3807E+00   0.0000E+00  0.0000E+00   0.0000E+00  0.0000E+00   
1.00E+10  0.129  11.113  1.3158E+02  1.7475E+03   2.6563E-01  1.3874E+00   0.0000E+00  0.0000E+00   0.0000E+00  0.0000E+00   
1.00E+10  0.172  11.109  1.3175E+02  1.7515E+03   2.6652E-01  1.3950E+00   0.0000E+00  0.0000E+00   0.0000E+00  0.0000E+00   
1.00E+10  0.259  11.098  1.3214E+02  1.7615E+03   2.6796E-01  1.4075E+00   0.0000E+00  0.0000E+00   0.0000E+00  0.0000E+00   
1.00E+10  0.431  11.063  1.3256E+02  1.7815E+03   2.6831E-01  1.4152E+00   0.0000E+00  0.0000E+00   0.0000E+00  0.0000E+00   
1.00E+10  0.862  10.898  1.2893E+02  1.8040E+03   2.6578E-01  1.4211E+00   0.0000E+00  0.0000E+00   0.0000E+00  0.0000E+00   
1.00E+10  2.585  9.163   1.0184E+02  2.0094E+03   5.6616E-01  3.9526E+00   0.0000E+00  0.0000E+00   0.0000E+00  0.0000E+00   
1.00E+11  0.001  23.934  4.2556E+03  1.0024E+05   2.6450E-01  1.3779E+00   0.0000E+00  0.0000E+00   0.0000E+00  0.0000E+00   
1.00E+11  0.009  23.934  4.2548E+03  1.0022E+05   2.6450E-01  1.3779E+00   0.0000E+00  0.0000E+00   0.0000E+00  0.0000E+00   
1.00E+11  0.017  23.933  4.2547E+03  1.0022E+05   2.6450E-01  1.3779E+00   0.0000E+00  0.0000E+00   0.0000E+00  0.0000E+00   
1.00E+11  0.034  23.934  4.2551E+03  1.0023E+05   2.6451E-01  1.3779E+00   0.0000E+00  0.0000E+00   0.0000E+00  0.0000E+00   
1.00E+11  0.060  23.933  4.2552E+03  1.0024E+05   2.6458E-01  1.3785E+00   0.0000E+00  0.0000E+00   0.0000E+00  0.0000E+00   
1.00E+11  0.086  23.933  4.2554E+03  1.0025E+05   2.6484E-01  1.3807E+00   0.0000E+00  0.0000E+00   0.0000E+00  0.0000E+00   
1.00E+11  0.129  23.931  4.2559E+03  1.0029E+05   2.6563E-01  1.3874E+00   0.0000E+00  0.0000E+00   0.0000E+00  0.0000E+00   
1.00E+11  0.172  23.930  4.2565E+03  1.0035E+05   2.6652E-01  1.3950E+00   0.0000E+00  0.0000E+00   0.0000E+00  0.0000E+00   
1.00E+11  0.259  23.924  4.2568E+03  1.0045E+05   2.6796E-01  1.4075E+00   0.0000E+00  0.0000E+00   0.0000E+00  0.0000E+00   
1.00E+11  0.431  23.908  4.2326E+03  1.0017E+05   2.6831E-01  1.4152E+00   0.0000E+00  0.0000E+00   0.0000E+00  0.0000E+00   
1.00E+11  0.862  23.832  3.9461E+03  9.4784E+04   2.6578E-01  1.4211E+00   0.0000E+00  0.0000E+00   0.0000E+00  0.0000E+00   
1.00E+11  2.585  23.015  2.2606E+03  6.2891E+04   5.6823E-01  3.9687E+00   0.0000E+00  0.0000E+00   0.0000E+00  0.0000E+00   
