rhoYe is density times electron fraction [g/cm^3], T is temperature [MeV], mu_e is electron chemical potential [MeV]
e-(+) cap is electron (positron) capture, e-(+) dec is electron (positron) decay
For each process, first column is neutrino production [neutrinos/baryon second] and second column is energy loss [MeV/baryon second].
rhoYe     T      mu_e    e- cap                   e+ dec                   e+ cap                   e- dec                   
1.00E+01  0.001  0.509   0.0000E+00  0.0000E+00   0.0000E+00  0.0000E+00   0.0000E+00  0.0000E+00   6.4595E-03  1.7714E-02   
1.00E+01  0.009  0.453   0.0000E+00  0.0000E+00   0.0000E+00  0.0000E+00   2.2066E-56  1.1643E-55   6.4595E-03  1.7714E-02   
1.00E+01  0.017  0.377   0.0000E+00  0.0000E+00   0.0000E+00  0.0000E+00   1.8095E-29  9.5684E-29   6.4594E-03  1.7714E-02   
1.00E+01  0.034  0.205   0.0000E+00  0.0000E+00   0.0000E+00  0.0000E+00   1.7618E-15  9.3586E-15   6.4520E-03  1.7724E-02   
1.00E+01  0.060  0.008   0.0000E+00  0.0000E+00   0.0000E+00  0.0000E+00   1.0485E-09  5.6152E-09   6.4258E-03  1.7799E-02   
1.00E+01  0.086  0.000   0.0000E+00  0.0000E+00   0.0000E+00  0.0000E+00   3.1113E-08  1.6831E-07   6.4802E-03  1.8274E-02   
1.00E+01  0.129  0.000   0.0000E+00  0.0000E+00   0.0000E+00  0.0000E+00   5.3103E-07  2.9502E-06   7.1155E-03  2.1577E-02   
1.00E+01  0.172  0.000   0.0000E+00  0.0000E+00   0.0000E+00  0.0000E+00   2.7303E-06  1.5749E-05   8.4525E-03  2.8160E-02   
1.00E+01  0.259  0.000   0.0000E+00  0.0000E+00   0.0000E+00  0.0000E+00   1.9796E-05  1.2354E-04   1.1888E-02  4.4901E-02   
1.00E+01  0.431  0.000   0.0000E+00  0.0000E+00   0.0000E+00  0.0000E+00   1.7592E-04  1.2323E-03   1.7404E-02  7.1723E-02   
1.00E+01  0.862  0.000   0.0000E+00  0.0000E+00   0.0000E+00  0.0000E+00   3.0281E-03  2.6261E-02   2.7514E-02  1.2166E-01   
1.00E+01  2.585  0.000   0.0000E+00  0.0000E+00   0.0000E+00  0.0000E+00   3.3906E-01  5.8142E+00   6.0011E-02  2.8621E-01   
1.00E+01  0.001  0.509   0.0000E+00  0.0000E+00   0.0000E+00  0.0000E+00   0.0000E+00  0.0000E+00   6.4595E-03  1.7714E-02   
1.00E+01  0.009  0.453   0.0000E+00  0.0000E+00   0.0000E+00  0.0000E+00   2.2066E-56  1.1643E-55   6.4595E-03  1.7714E-02   
1.00E+01  0.017  0.377   0.0000E+00  0.0000E+00   0.0000E+00  0.0000E+00   1.8095E-29  9.5684E-29   6.4594E-03  1.7714E-02   
1.00E+01  0.034  0.205   0.0000E+00  0.0000E+00   0.0000E+00  0.0000E+00   1.7618E-15  9.3586E-15   6.4520E-03  1.7724E-02   
1.00E+01  0.060  0.008   0.0000E+00  0.0000E+00   0.0000E+00  0.0000E+00   1.0485E-09  5.6152E-09   6.4258E-03  1.7799E-02   
1.00E+01  0.086  0.000   0.0000E+00  0.0000E+00   0.0000E+00  0.0000E+00   3.1113E-08  1.6831E-07   6.4802E-03  1.8274E-02   
1.00E+01  0.129  0.000   0.0000E+00  0.0000E+00   0.0000E+00  0.0000E+00   5.3103E-07  2.9502E-06   7.1155E-03  2.1577E-02   
1.00E+01  0.172  0.000   0.0000E+00  0.0000E+00   0.0000E+00  0.0000E+00   2.7303E-06  1.5749E-05   8.4525E-03  2.8160E-02   
1.00E+01  0.259  0.000   0.0000E+00  0.0000E+00   0.0000E+00  0.0000E+00   1.9796E-05  1.2354E-04   1.1888E-02  4.4901E-02   
1.00E+01  0.431  0.000   0.0000E+00  0.0000E+00   0.0000E+00  0.0000E+00   1.7592E-04  1.2323E-03   1.7404E-02  7.1723E-02   
1.00E+01  0.862  0.000   0.0000E+00  0.0000E+00   0.0000E+00  0.0000E+00   3.0281E-03  2.6261E-02   2.7514E-02  1.2166E-01   
1.00E+01  2.585  0.000   0.0000E+00  0.0000E+00   0.0000E+00  0.0000E+00   3.3906E-01  5.8142E+00   6.0011E-02  2.8621E-01   
1.00E+02  0.001  0.511   0.0000E+00  0.0000E+00   0.0000E+00  0.0000E+00   0.0000E+00  0.0000E+00   6.4594E-03  1.7714E-02   
1.00E+02  0.009  0.473   0.0000E+00  0.0000E+00   0.0000E+00  0.0000E+00   2.1970E-57  1.1592E-56   6.4595E-03  1.7714E-02   
1.00E+02  0.017  0.416   0.0000E+00  0.0000E+00   0.0000E+00  0.0000E+00   1.8073E-30  9.5566E-30   6.4594E-03  1.7714E-02   
1.00E+02  0.034  0.284   0.0000E+00  0.0000E+00   0.0000E+00  0.0000E+00   1.7611E-16  9.3548E-16   6.4520E-03  1.7724E-02   
1.00E+02  0.060  0.065   0.0000E+00  0.0000E+00   0.0000E+00  0.0000E+00   4.0498E-10  2.1688E-09   6.4258E-03  1.7799E-02   
1.00E+02  0.086  0.005   0.0000E+00  0.0000E+00   0.0000E+00  0.0000E+00   2.9599E-08  1.6012E-07   6.4802E-03  1.8274E-02   
1.00E+02  0.129  0.000   0.0000E+00  0.0000E+00   0.0000E+00  0.0000E+00   5.2927E-07  2.9404E-06   7.1155E-03  2.1577E-02   
1.00E+02  0.172  0.000   0.0000E+00  0.0000E+00   0.0000E+00  0.0000E+00   2.7283E-06  1.5737E-05   8.4525E-03  2.8160E-02   
1.00E+02  0.259  0.000   0.0000E+00  0.0000E+00   0.0000E+00  0.0000E+00   1.9794E-05  1.2352E-04   1.1888E-02  4.4901E-02   
1.00E+02  0.431  0.000   0.0000E+00  0.0000E+00   0.0000E+00  0.0000E+00   1.7592E-04  1.2323E-03   1.7404E-02  7.1723E-02   
1.00E+02  0.862  0.000   0.0000E+00  0.0000E+00   0.0000E+00  0.0000E+00   3.0281E-03  2.6261E-02   2.7514E-02  1.2166E-01   
1.00E+02  2.585  0.000   0.0000E+00  0.0000E+00   0.0000E+00  0.0000E+00   3.3906E-01  5.8142E+00   6.0011E-02  2.8621E-01   
1.00E+01  0.001  0.509   0.0000E+00  0.0000E+00   0.0000E+00  0.0000E+00   0.0000E+00  0.0000E+00   6.4595E-03  1.7714E-02   
1.00E+01  0.009  0.453   0.0000E+00  0.0000E+00   0.0000E+00  0.0000E+00   2.2066E-56  1.1643E-55   6.4595E-03  1.7714E-02   
1.00E+01  0.017  0.377   0.0000E+00  0.0000E+00   0.0000E+00  0.0000E+00   1.8095E-29  9.5684E-29   6.4594E-03  1.7714E-02   
1.00E+01  0.034  0.205   0.0000E+00  0.0000E+00   0.0000E+00  0.0000E+00   1.7618E-15  9.3586E-15   6.4520E-03  1.7724E-02   
1.00E+01  0.060  0.008   0.0000E+00  0.0000E+00   0.0000E+00  0.0000E+00   1.0485E-09  5.6152E-09   6.4258E-03  1.7799E-02   
1.00E+01  0.086  0.000   0.0000E+00  0.0000E+00   0.0000E+00  0.0000E+00   3.1113E-08  1.6831E-07   6.4802E-03  1.8274E-02   
1.00E+01  0.129  0.000   0.0000E+00  0.0000E+00   0.0000E+00  0.0000E+00   5.3103E-07  2.9502E-06   7.1155E-03  2.1577E-02   
1.00E+01  0.172  0.000   0.0000E+00  0.0000E+00   0.0000E+00  0.0000E+00   2.7303E-06  1.5749E-05   8.4525E-03  2.8160E-02   
1.00E+01  0.259  0.000   0.0000E+00  0.0000E+00   0.0000E+00  0.0000E+00   1.9796E-05  1.2354E-04   1.1888E-02  4.4901E-02   
1.00E+01  0.431  0.000   0.0000E+00  0.0000E+00   0.0000E+00  0.0000E+00   1.7592E-04  1.2323E-03   1.7404E-02  7.1723E-02   
1.00E+01  0.862  0.000   0.0000E+00  0.0000E+00   0.0000E+00  0.0000E+00   3.0281E-03  2.6261E-02   2.7514E-02  1.2166E-01   
1.00E+01  2.585  0.000   0.0000E+00  0.0000E+00   0.0000E+00  0.0000E+00   3.3906E-01  5.8142E+00   6.0011E-02  2.8621E-01   
1.00E+02  0.001  0.511   0.0000E+00  0.0000E+00   0.0000E+00  0.0000E+00   0.0000E+00  0.0000E+00   6.4594E-03  1.7714E-02   
1.00E+02  0.009  0.473   0.0000E+00  0.0000E+00   0.0000E+00  0.0000E+00   2.1970E-57  1.1592E-56   6.4595E-03  1.7714E-02   
1.00E+02  0.017  0.416   0.0000E+00  0.0000E+00   0.0000E+00  0.0000E+00   1.8073E-30  9.5566E-30   6.4594E-03  1.7714E-02   
1.00E+02  0.034  0.284   0.0000E+00  0.0000E+00   0.0000E+00  0.0000E+00   1.7611E-16  9.3548E-16   6.4520E-03  1.7724E-02   
1.00E+02  0.060  0.065   0.0000E+00  0.0000E+00   0.0000E+00  0.0000E+00   4.0498E-10  2.1688E-09   6.4258E-03  1.7799E-02   
1.00E+02  0.086  0.005   0.0000E+00  0.0000E+00   0.0000E+00  0.0000E+00   2.9599E-08  1.6012E-07   6.4802E-03  1.8274E-02   
1.00E+02  0.129  0.000   0.0000E+00  0.0000E+00   0.0000E+00  0.0000E+00   5.2927E-07  2.9404E-06   7.1155E-03  2.1577E-02   
1.00E+02  0.172  0.000   0.0000E+00  0.0000E+00   0.0000E+00  0.0000E+00   2.7283E-06  1.5737E-05   8.4525E-03  2.8160E-02   
1.00E+02  0.259  0.000   0.0000E+00  0.0000E+00   0.0000E+00  0.0000E+00   1.9794E-05  1.2352E-04   1.1888E-02  4.4901E-02   
1.00E+02  0.431  0.000   0.0000E+00  0.0000E+00   0.0000E+00  0.0000E+00   1.7592E-04  1.2323E-03   1.7404E-02  7.1723E-02   
1.00E+02  0.862  0.000   0.0000E+00  0.0000E+00   0.0000E+00  0.0000E+00   3.0281E-03  2.6261E-02   2.7514E-02  1.2166E-01   
1.00E+02  2.585  0.000   0.0000E+00  0.0000E+00   0.0000E+00  0.0000E+00   3.3906E-01  5.8142E+00   6.0011E-02  2.8621E-01   
1.00E+03  0.001  0.513   0.0000E+00  0.0000E+00   0.0000E+00  0.0000E+00   0.0000E+00  0.0000E+00   6.4592E-03  1.7712E-02   
1.00E+03  0.009  0.493   0.0000E+00  0.0000E+00 1.00E+01  0.001  0.509   0.0000E+00  0.0000E+00   0.0000E+00  0.0000E+00   0.0000E+00  0.0000E+00   6.4595E-03  1.7714E-02   
1.00E+01  0.009  0.453   0.0000E+00  0.0000E+00   0.0000E+00  0.0000E+00   2.2066E-56  1.1643E-55   6.4595E-03  1.7714E-02   
1.00E+01  0.017  0.377   0.0000E+00  0.0000E+00   0.0000E+00  0.0000E+00   1.8095E-29  9.5684E-29   6.4594E-03  1.7714E-02   
1.00E+01  0.034  0.205   0.0000E+00  0.0000E+00   0.0000E+00  0.0000E+00   1.7618E-15  9.3586E-15   6.4520E-03  1.7724E-02   
1.00E+01  0.060  0.008   0.0000E+00  0.0000E+00   0.0000E+00  0.0000E+00   1.0485E-09  5.6152E-09   6.4258E-03  1.7799E-02   
1.00E+01  0.086  0.000   0.0000E+00  0.0000E+00   0.0000E+00  0.0000E+00   3.1113E-08  1.6831E-07   6.4802E-03  1.8274E-02   
1.00E+01  0.129  0.000   0.0000E+00  0.0000E+00   0.0000E+00  0.0000E+00   5.3103E-07  2.9502E-06   7.1155E-03  2.1577E-02   
1.00E+01  0.172  0.000   0.0000E+00  0.0000E+00   0.0000E+00  0.0000E+00   2.7303E-06  1.5749E-05   8.4525E-03  2.8160E-02   
1.00E+01  0.259  0.000   0.0000E+00  0.0000E+00   0.0000E+00  0.0000E+00   1.9796E-05  1.2354E-04   1.1888E-02  4.4901E-02   
1.00E+01  0.431  0.000   0.0000E+00  0.0000E+00   0.0000E+00  0.0000E+00   1.7592E-04  1.2323E-03   1.7404E-02  7.1723E-02   
1.00E+01  0.862  0.000   0.0000E+00  0.0000E+00   0.0000E+00  0.0000E+00   3.0281E-03  2.6261E-02   2.7514E-02  1.2166E-01   
1.00E+01  2.585  0.000   0.0000E+00  0.0000E+00   0.0000E+00  0.0000E+00   3.3906E-01  5.8142E+00   6.0011E-02  2.8621E-01   
1.00E+02  0.001  0.511   0.0000E+00  0.0000E+00   0.0000E+00  0.0000E+00   0.0000E+00  0.0000E+00   6.4594E-03  1.7714E-02   
1.00E+02  0.009  0.473   0.0000E+00  0.0000E+00   0.0000E+00  0.0000E+00   2.1970E-57  1.1592E-56   6.4595E-03  1.7714E-02   
1.00E+02  0.017  0.416   0.0000E+00  0.0000E+00   0.0000E+00  0.0000E+00   1.8073E-30  9.5566E-30   6.4594E-03  1.7714E-02   
1.00E+02  0.034  0.284   0.0000E+00  0.0000E+00   0.0000E+00  0.0000E+00   1.7611E-16  9.3548E-16   6.4520E-03  1.7724E-02   
1.00E+02  0.060  0.065   0.0000E+00  0.0000E+00   0.0000E+00  0.0000E+00   4.0498E-10  2.1688E-09   6.4258E-03  1.7799E-02   
1.00E+02  0.086  0.005   0.0000E+00  0.0000E+00   0.0000E+00  0.0000E+00   2.9599E-08  1.6012E-07   6.4802E-03  1.8274E-02   
1.00E+02  0.129  0.000   0.0000E+00  0.0000E+00   0.0000E+00  0.0000E+00   5.2927E-07  2.9404E-06   7.1155E-03  2.1577E-02   
1.00E+02  0.172  0.000   0.0000E+00  0.0000E+00   0.0000E+00  0.0000E+00   2.7283E-06  1.5737E-05   8.4525E-03  2.8160E-02   
1.00E+02  0.259  0.000   0.0000E+00  0.0000E+00   0.0000E+00  0.0000E+00   1.9794E-05  1.2352E-04   1.1888E-02  4.4901E-02   
1.00E+02  0.431  0.000   0.0000E+00  0.0000E+00   0.0000E+00  0.0000E+00   1.7592E-04  1.2323E-03   1.7404E-02  7.1723E-02   
1.00E+02  0.862  0.000   0.0000E+00  0.0000E+00   0.0000E+00  0.0000E+00   3.0281E-03  2.6261E-02   2.7514E-02  1.2166E-01   
1.00E+02  2.585  0.000   0.0000E+00  0.0000E+00   0.0000E+00  0.0000E+00   3.3906E-01  5.8142E+00   6.0011E-02  2.8621E-01   
1.00E+03  0.001  0.513   0.0000E+00  0.0000E+00   0.0000E+00  0.0000E+00   0.0000E+00  0.0000E+00   6.4592E-03  1.7712E-02   
1.00E+03  0.009  0.493   0.0000E+00  0.0000E+00 1.00E+01  0.001  0.509   0.0000E+00  0.0000E+00   0.0000E+00  0.0000E+00   0.0000E+00  0.0000E+00   6.4595E-03  1.7714E-02   
1.00E+03  0.009  0.493   0.0000E+00  0.0000E+00   0.0000E+00  0.0000E+00   2.1025E-58  1.1094E-57   6.4593E-03  1.7713E-02   
1.00E+03  0.017  0.456   0.0000E+00  0.0000E+00   0.0000E+00  0.0000E+00   1.7851E-31  9.4393E-31   6.4593E-03  1.7714E-02   
1.00E+03  0.034  0.364   0.0000E+00  0.0000E+00   0.0000E+00  0.0000E+00   1.7538E-17  9.3161E-17   6.4519E-03  1.7724E-02   
1.00E+03  0.060  0.197   0.0000E+00  0.0000E+00   0.0000E+00  0.0000E+00   4.5624E-11  2.4433E-10   6.4257E-03  1.7798E-02   
1.00E+03  0.086  0.046   0.0000E+00  0.0000E+00   0.0000E+00  0.0000E+00   1.8420E-08  9.9646E-08   6.4802E-03  1.8274E-02   
1.00E+03  0.129  0.005   0.0000E+00  0.0000E+00   0.0000E+00  0.0000E+00   5.1195E-07  2.8441E-06   7.1154E-03  2.1577E-02   
1.00E+03  0.172  0.001   0.0000E+00  0.0000E+00   0.0000E+00  0.0000E+00   2.7087E-06  1.5624E-05   8.4525E-03  2.8160E-02   
1.00E+03  0.259  0.000   0.0000E+00  0.0000E+00   0.0000E+00  0.0000E+00   1.9770E-05  1.2338E-04   1.1888E-02  4.4901E-02   
1.00E+03  0.431  0.000   0.0000E+00  0.0000E+00   0.0000E+00  0.0000E+00   1.7589E-04  1.2321E-03   1.7404E-02  7.1723E-02   
1.00E+03  0.862  0.000   0.0000E+00  0.0000E+00   0.0000E+00  0.0000E+00   3.0280E-03  2.6261E-02   2.7514E-02  1.2166E-01   
1.00E+03  2.585  0.000   0.0000E+00  0.0000E+00   0.0000E+00  0.0000E+00   3.3906E-01  5.8142E+00   6.0011E-02  2.8621E-01   
1.00E+04  0.001  0.523   0.0000E+00  0.0000E+00   0.0000E+00  0.0000E+00   0.0000E+00  0.0000E+00   6.4577E-03  1.7706E-02   
1.00E+04  0.009  0.516   0.0000E+00  0.0000E+00   0.0000E+00  0.0000E+00   1.5318E-59  8.0823E-59   6.4581E-03  1.7708E-02   
1.00E+04  0.017  0.498   0.0000E+00  0.0000E+00   0.0000E+00  0.0000E+00   1.5828E-32  8.3698E-32   6.4583E-03  1.7709E-02   
1.00E+04  0.034  0.444   0.0000E+00  0.0000E+00   0.0000E+00  0.0000E+00   1.6828E-18  8.9387E-18   6.4511E-03  1.7720E-02   
1.00E+04  0.060  0.337   0.0000E+00  0.0000E+00   0.0000E+00  0.0000E+00   4.4980E-12  2.4088E-11   6.4250E-03  1.7796E-02   
1.00E+04  0.086  0.209   0.0000E+00  0.0000E+00   0.0000E+00  0.0000E+00   2.7767E-09  1.5021E-08   6.4797E-03  1.8271E-02   
1.00E+04  0.129  0.047   0.0000E+00  0.0000E+00   0.0000E+00  0.0000E+00   3.6981E-07  2.0545E-06   7.1151E-03  2.1575E-02   
1.00E+04  0.172  0.014   0.0000E+00  0.0000E+00   0.0000E+00  0.0000E+00   2.5205E-06  1.4538E-05   8.4523E-03  2.8159E-02   
1.00E+04  0.259  0.004   0.0000E+00  0.0000E+00   0.0000E+00  0.0000E+00   1.9534E-05  1.2190E-04   1.1888E-02  4.4900E-02   
1.00E+04  0.431  0.001   0.0000E+00  0.0000E+00   0.0000E+00  0.0000E+00   1.7557E-04  1.2298E-03   1.7404E-02  7.1722E-02   
1.00E+04  0.862  0.000   0.0000E+00  0.0000E+00   0.0000E+00  0.0000E+00   3.0274E-03  2.6256E-02   2.7514E-02  1.2166E-01   
1.00E+04  2.585  0.000   0.0000E+00  0.0000E+00   0.0000E+00  0.0000E+00   3.3906E-01  5.8141E+00   6.0011E-02  2.8621E-01   
1.00E+05  0.001  0.565   0.0000E+00  0.0000E+00   0.0000E+00  0.0000E+00   0.0000E+00  0.0000E+00   6.4499E-03  1.7670E-02   
1.00E+05  0.009  0.563   0.0000E+00  0.0000E+00   0.0000E+00  0.0000E+00   6.7317E-62  3.5520E-61   6.4501E-03  1.7671E-02   
1.00E+05  0.017  0.558   0.0000E+00  0.0000E+00   0.0000E+00  0.0000E+00   4.9270E-34  2.6053E-33   6.4504E-03  1.7673E-02   
1.00E+05  0.034  0.537   0.0000E+00  0.0000E+00   0.0000E+00  0.0000E+00   1.1358E-19  6.0333E-19   6.4440E-03  1.7688E-02   
1.00E+05  0.060  0.485   0.0000E+00  0.0000E+00   0.0000E+00  0.0000E+00   3.8612E-13  2.0678E-12   6.4188E-03  1.7768E-02   
1.00E+05  0.086  0.413   0.0000E+00  0.0000E+00   0.0000E+00  0.0000E+00   2.5837E-10  1.3977E-09   6.4741E-03  1.8246E-02   
1.00E+05  0.129  0.265   0.0000E+00  0.0000E+00   0.0000E+00  0.0000E+00   6.8477E-08  3.8040E-07   7.1107E-03  2.1555E-02   
1.00E+05  0.172  0.128   0.0000E+00  0.0000E+00   0.0000E+00  0.0000E+00   1.3038E-06  7.5194E-06   8.4491E-03  2.8144E-02   
1.00E+05  0.259  0.035   0.0000E+00  0.0000E+00   0.0000E+00  0.0000E+00   1.7320E-05  1.0807E-04   1.1886E-02  4.4888E-02   
1.00E+05  0.431  0.009   0.0000E+00  0.0000E+00   0.0000E+00  0.0000E+00   1.7237E-04  1.2074E-03   1.7402E-02  7.1712E-02   
1.00E+05  0.862  0.002   0.0000E+00  0.0000E+00   0.0000E+00  0.0000E+00   3.0215E-03  2.6204E-02   2.7512E-02  1.2165E-01   
1.00E+05  2.585  0.000   0.0000E+00  0.0000E+00   0.0000E+00  0.0000E+00   3.3904E-01  5.8137E+00   6.0011E-02  2.8620E-01   
1.00E+06  0.001  0.726   0.0000E+00  0.0000E+00   0.0000E+00  0.0000E+00   0.0000E+00  0.0000E+00   6.3974E-03  1.7436E-02   
1.00E+06  0.009  0.725   0.0000E+00  0.0000E+00   0.0000E+00  0.0000E+00   4.4752E-70  2.3613E-69   6.3978E-03  1.7438E-02   
1.00E+06  0.017  0.724   0.0000E+00  0.0000E+00   0.0000E+00  0.0000E+00   3.2290E-38  1.7074E-37   6.3977E-03  1.7439E-02   
1.00E+06  0.034  0.718   0.0000E+00  0.0000E+00   0.0000E+00  0.0000E+00   6.0478E-22  3.2126E-21   6.3913E-03  1.7453E-02   
1.00E+06  0.060  0.700   0.0000E+00  0.0000E+00   0.0000E+00  0.0000E+00   1.0886E-14  5.8300E-14   6.3678E-03  1.7540E-02   
1.00E+06  0.086  0.672   0.0000E+00  0.0000E+00   0.0000E+00  0.0000E+00   1.2843E-11  6.9476E-11   6.4254E-03  1.8029E-02   
1.00E+06  0.129  0.604   0.0000E+00  0.0000E+00   0.0000E+00  0.0000E+00   4.9963E-09  2.7755E-08   7.0652E-03  2.1348E-02   
1.00E+06  0.172  0.512   0.0000E+00  0.0000E+00   0.0000E+00  0.0000E+00   1.4140E-07  8.1544E-07   8.4067E-03  2.7945E-02   
1.00E+06  0.259  0.299   0.0000E+00  0.0000E+00   0.0000E+00  0.0000E+00   6.3450E-06  3.9574E-05   1.1854E-02  4.4728E-02   
1.00E+06  0.431  0.091   0.0000E+00  0.0000E+00   0.0000E+00  0.0000E+00   1.4350E-04  1.0048E-03   1.7382E-02  7.1601E-02   
1.00E+06  0.862  0.020   0.0000E+00  0.0000E+00   0.0000E+00  0.0000E+00   2.9629E-03  2.5694E-02   2.7498E-02  1.2157E-01   
1.00E+06  2.585  0.002   0.0000E+00  0.0000E+00   0.0000E+00  0.0000E+00   3.3880E-01  5.8096E+00   6.0004E-02  2.8617E-01   
1.00E+07  0.001  1.223   0.0000E+00  0.0000E+00   0.0000E+00  0.0000E+00   0.0000E+00  0.0000E+00   6.0183E-03  1.5854E-02   
1.00E+07  0.009  1.222   0.0000E+00  0.0000E+00   0.0000E+00  0.0000E+00   3.9200E-95  2.0684E-94   6.0192E-03  1.5858E-02   
1.00E+07  0.017  1.222   0.0000E+00  0.0000E+00   0.0000E+00  0.0000E+00   9.3119E-51  4.9239E-50   6.0193E-03  1.5859E-02   
1.00E+07  0.034  1.219   0.0000E+00  0.0000E+00   0.0000E+00  0.0000E+00   2.9156E-28  1.5487E-27   6.0146E-03  1.5880E-02   
1.00E+07  0.060  1.212   0.0000E+00  0.0000E+00   0.0000E+00  0.0000E+00   2.2548E-18  1.2075E-17   5.9989E-03  1.5993E-02   
1.00E+07  0.086  1.200   0.0000E+00  0.0000E+00   0.0000E+00  0.0000E+00   2.7916E-14  1.5102E-13   6.0646E-03  1.6505E-02   
1.00E+07  0.129  1.173   0.0000E+00  0.0000E+00   0.0000E+00  0.0000E+00   6.1333E-11  3.4071E-10   6.7108E-03  1.9813E-02   
1.00E+07  0.172  1.133   0.0000E+00  0.0000E+00   0.0000E+00  0.0000E+00   3.8491E-09  2.2196E-08   8.0509E-03  2.6336E-02   
1.00E+07  0.259  1.021   0.0000E+00  0.0000E+00   0.0000E+00  0.0000E+00   3.9077E-07  2.4367E-06   1.1495E-02  4.2957E-02   
1.00E+07  0.431  0.698   0.0000E+00  0.0000E+00   0.0000E+00  0.0000E+00   3.6116E-05  2.5255E-04   1.7091E-02  7.0026E-02   
1.00E+07  0.862  0.196   0.0000E+00  0.0000E+00   0.0000E+00  0.0000E+00   2.4371E-03  2.1113E-02   2.7342E-02  1.2068E-01   
1.00E+07  2.585  0.021   0.0000E+00  0.0000E+00   0.0000E+00  0.0000E+00   3.3645E-01  5.7688E+00   5.9941E-02  2.8582E-01   
1.00E+08  0.001  2.447   0.0000E+00  0.0000E+00   0.0000E+00  0.0000E+00   0.0000E+00  0.0000E+00   3.9012E-03  8.5587E-03   
1.00E+08  0.009  2.447   0.0000E+00  0.0000E+00   0.0000E+00  0.0000E+00   7.6095E-157 4.0152E-156  3.9026E-03  8.5631E-03   
1.00E+08  0.017  2.446   0.0000E+00  0.0000E+00   0.0000E+00  0.0000E+00   1.2894E-81  6.8183E-81   3.9038E-03  8.5679E-03   
1.00E+08  0.034  2.445   0.0000E+00  0.0000E+00   0.0000E+00  0.0000E+00   1.0379E-43  5.5135E-43   3.9081E-03  8.6065E-03   
1.00E+08  0.060  2.442   0.0000E+00  0.0000E+00   0.0000E+00  0.0000E+00   3.1415E-27  1.6824E-26   3.9314E-03  8.7926E-03   
1.00E+08  0.086  2.437   0.0000E+00  0.0000E+00   0.0000E+00  0.0000E+00   1.6439E-20  8.8931E-20   4.0329E-03  9.3308E-03   
1.00E+08  0.129  2.424   0.0000E+00  0.0000E+00   0.0000E+00  0.0000E+00   3.8335E-15  2.1295E-14   4.6786E-03  1.2300E-02   
1.00E+08  0.172  2.406   0.0000E+00  0.0000E+00   0.0000E+00  0.0000E+00   2.3903E-12  1.3784E-11   5.9475E-03  1.8010E-02   
1.00E+08  0.259  2.355   0.0000E+00  0.0000E+00   0.0000E+00  0.0000E+00   2.2498E-09  1.4029E-08   9.1873E-03  3.2591E-02   
1.00E+08  0.431  2.192   0.0000E+00  0.0000E+00   0.0000E+00  0.0000E+00   1.1378E-06  7.9530E-06   1.4565E-02  5.7113E-02   
1.00E+08  0.862  1.493   0.0000E+00  0.0000E+00   0.0000E+00  0.0000E+00   5.6007E-04  4.8341E-03   2.5247E-02  1.0892E-01   
1.00E+08  2.585  0.209   0.0000E+00  0.0000E+00   0.0000E+00  0.0000E+00   3.1381E-01  5.3759E+00   5.9298E-02  2.8227E-01   
1.00E+09  0.001  5.181   0.0000E+00  0.0000E+00   0.0000E+00  0.0000E+00   0.0000E+00  0.0000E+00   1.2251E-04  1.3546E-04   
1.00E+09  0.009  5.180   0.0000E+00  0.0000E+00   0.0000E+00  0.0000E+00   1.2743E-294 6.7240E-294  1.2275E-04  1.3574E-04   
1.00E+09  0.017  5.180   0.0000E+00  0.0000E+00   0.0000E+00  0.0000E+00   1.6599E-150 8.7770E-150  1.2318E-04  1.3625E-04   
1.00E+09  0.034  5.180   0.0000E+00  0.0000E+00   0.0000E+00  0.0000E+00   3.6511E-78  1.9394E-77   1.2807E-04  1.4268E-04   
1.00E+09  0.060  5.178   0.0000E+00  0.0000E+00   0.0000E+00  0.0000E+00   6.2560E-47  3.3503E-46   1.5080E-04  1.7777E-04   
1.00E+09  0.086  5.176   0.0000E+00  0.0000E+00   0.0000E+00  0.0000E+00   2.5776E-34  1.3944E-33   2.1185E-04  3.2636E-04   
1.00E+09  0.129  5.170   0.0000E+00  0.0000E+00   0.0000E+00  0.0000E+00   2.2776E-24  1.2653E-23   5.3662E-04  1.2736E-03   
1.00E+09  0.172  5.161   0.0000E+00  0.0000E+00   0.0000E+00  0.0000E+00   2.7209E-19  1.5690E-18   1.1602E-03  3.1660E-03   
1.00E+09  0.259  5.138   0.0000E+00  0.0000E+00   0.0000E+00  0.0000E+00   4.7530E-14  2.9637E-13   2.7744E-03  8.1863E-03   
1.00E+09  0.431  5.062   0.0000E+00  0.0000E+00   0.0000E+00  0.0000E+00   1.4561E-09  1.0177E-08   5.6306E-03  1.7638E-02   
1.00E+09  0.862  4.708   0.0000E+00  0.0000E+00   0.0000E+00  0.0000E+00   1.3577E-05  1.1706E-04   1.2807E-02  4.7023E-02   
1.00E+09  2.585  1.972   0.0000E+00  0.0000E+00   0.0000E+00  0.0000E+00   1.6204E-01  2.7586E+00   5.1913E-02  2.4224E-01   
1.00E+10  0.001  11.119  0.0000E+00  0.0000E+00   0.0000E+00  0.0000E+00   0.0000E+00  0.0000E+00   0.0000E+00  0.0000E+00   
1.00E+10  0.009  11.118  0.0000E+00  0.0000E+00   0.0000E+00  0.0000E+00   0.0000E+00  0.0000E+00   1.7182E-114 7.2689E-116  
1.00E+10  0.017  11.118  0.0000E+00  0.0000E+00   0.0000E+00  0.0000E+00   3.9047E-300 2.0647E-299  1.5461E-61  1.0006E-62   
1.00E+10  0.034  11.118  0.0000E+00  0.0000E+00   0.0000E+00  0.0000E+00   5.5497E-153 2.9480E-152  1.0363E-34  1.2057E-35   
1.00E+10  0.060  11.117  0.0000E+00  0.0000E+00   0.0000E+00  0.0000E+00   1.0890E-89  5.8320E-89   8.3508E-23  2.0881E-23   
1.00E+10  0.086  11.116  0.0000E+00  0.0000E+00   0.0000E+00  0.0000E+00   2.9731E-64  1.6084E-63   1.2147E-17  4.9055E-18   
1.00E+10  0.129  11.113  0.0000E+00  0.0000E+00   0.0000E+00  0.0000E+00   2.4442E-44  1.3578E-43   2.3109E-13  1.2928E-13   
1.00E+10  0.172  11.109  0.0000E+00  0.0000E+00   0.0000E+00  0.0000E+00   2.7958E-34  1.6122E-33   4.0652E-11  2.8351E-11   
1.00E+10  0.259  11.098  0.0000E+00  0.0000E+00   0.0000E+00  0.0000E+00   4.6079E-24  2.8732E-23   9.7218E-09  9.4278E-09   
1.00E+10  0.431  11.063  0.0000E+00  0.0000E+00   0.0000E+00  0.0000E+00   1.3007E-15  9.0909E-15   1.2194E-06  1.7973E-06   
1.00E+10  0.862  10.898  0.0000E+00  0.0000E+00   0.0000E+00  0.0000E+00   1.0305E-08  8.8838E-08   1.0166E-04  2.5551E-04   
1.00E+10  2.585  9.163   0.0000E+00  0.0000E+00   0.0000E+00  0.0000E+00   1.0274E-02  1.7370E-01   1.0817E-02  4.6768E-02   
1.00E+11  0.001  23.934  0.0000E+00  0.0000E+00   0.0000E+00  0.0000E+00   0.0000E+00  0.0000E+00   0.0000E+00  0.0000E+00   
1.00E+11  0.009  23.934  0.0000E+00  0.0000E+00   0.0000E+00  0.0000E+00   0.0000E+00  0.0000E+00   0.0000E+00  0.0000E+00   
1.00E+11  0.017  23.933  0.0000E+00  0.0000E+00   0.0000E+00  0.0000E+00   0.0000E+00  0.0000E+00   0.0000E+00  0.0000E+00   
1.00E+11  0.034  23.934  0.0000E+00  0.0000E+00   0.0000E+00  0.0000E+00   2.2607E-315 1.1926E-314  0.0000E+00  0.0000E+00   
1.00E+11  0.060  23.933  0.0000E+00  0.0000E+00   0.0000E+00  0.0000E+00   5.8320E-182 3.1232E-181  0.0000E+00  0.0000E+00   
1.00E+11  0.086  23.933  0.0000E+00  0.0000E+00   0.0000E+00  0.0000E+00   7.5915E-129 4.1068E-128  0.0000E+00  0.0000E+00   
1.00E+11  0.129  23.931  0.0000E+00  0.0000E+00   0.0000E+00  0.0000E+00   2.0954E-87  1.1640E-86   0.0000E+00  0.0000E+00   
1.00E+11  0.172  23.930  0.0000E+00  0.0000E+00   0.0000E+00  0.0000E+00   1.3841E-66  7.9814E-66   0.0000E+00  0.0000E+00   
1.00E+11  0.259  23.924  0.0000E+00  0.0000E+00   0.0000E+00  0.0000E+00   1.3083E-45  8.1578E-45   0.0000E+00  0.0000E+00   
1.00E+11  0.431  23.908  0.0000E+00  0.0000E+00   0.0000E+00  0.0000E+00   1.4692E-28  1.0269E-27   0.0000E+00  0.0000E+00   
1.00E+11  0.862  23.832  0.0000E+00  0.0000E+00   0.0000E+00  0.0000E+00   3.1257E-15  2.6947E-14   0.0000E+00  0.0000E+00   
1.00E+11  2.585  23.015  0.0000E+00  0.0000E+00   0.0000E+00  0.0000E+00   4.8451E-05  8.1874E-04   0.0000E+00  0.0000E+00   
