rhoYe is density times electron fraction [g/cm^3], T is temperature [MeV], mu_e is electron chemical potential [MeV]
e-(+) cap is electron (positron) capture, e-(+) dec is electron (positron) decay
For each process, first column is neutrino production [neutrinos/baryon second] and second column is energy loss [MeV/baryon second].
rhoYe     T      mu_e    e- cap                   e+ dec                   e+ cap                   e- dec                   
1.00E+01  0.001  0.509   2.4086E-07  1.5472E-06   1.2671E-01  5.7341E-01   0.0000E+00  0.0000E+00   0.0000E+00  0.0000E+00   
1.00E+01  0.009  0.453   4.6230E-08  2.9727E-07   1.2671E-01  5.7341E-01   0.0000E+00  0.0000E+00   0.0000E+00  0.0000E+00   
1.00E+01  0.017  0.377   3.3137E-08  2.1335E-07   1.2671E-01  5.7341E-01   0.0000E+00  0.0000E+00   0.0000E+00  0.0000E+00   
1.00E+01  0.034  0.205   2.5479E-08  1.6454E-07   1.2671E-01  5.7341E-01   0.0000E+00  0.0000E+00   0.0000E+00  0.0000E+00   
1.00E+01  0.060  0.008   9.3249E-08  6.0532E-07   1.2671E-01  5.7341E-01   0.0000E+00  0.0000E+00   0.0000E+00  0.0000E+00   
1.00E+01  0.086  0.000   1.7734E-06  1.1581E-05   1.2671E-01  5.7341E-01   0.0000E+00  0.0000E+00   0.0000E+00  0.0000E+00   
1.00E+01  0.129  0.000   2.4656E-05  1.6286E-04   1.2671E-01  5.7342E-01   0.0000E+00  0.0000E+00   0.0000E+00  0.0000E+00   
1.00E+01  0.172  0.000   1.1079E-04  7.4140E-04   1.2673E-01  5.7367E-01   0.0000E+00  0.0000E+00   0.0000E+00  0.0000E+00   
1.00E+01  0.259  0.000   6.6656E-04  4.5982E-03   1.2708E-01  5.7667E-01   0.0000E+00  0.0000E+00   0.0000E+00  0.0000E+00   
1.00E+01  0.431  0.000   4.8088E-03  3.5694E-02   1.3001E-01  6.0162E-01   0.0000E+00  0.0000E+00   0.0000E+00  0.0000E+00   
1.00E+01  0.862  0.000   5.6863E-02  5.3373E-01   1.8046E-01  1.0260E+00   0.0000E+00  0.0000E+00   0.0000E+00  0.0000E+00   
1.00E+01  2.585  0.000   2.0999E+00  4.1798E+01   5.2651E-01  3.9752E+00   0.0000E+00  0.0000E+00   0.0000E+00  0.0000E+00   
1.00E+01  0.001  0.509   2.4086E-07  1.5472E-06   1.2671E-01  5.7341E-01   0.0000E+00  0.0000E+00   0.0000E+00  0.0000E+00   
1.00E+01  0.009  0.453   4.6230E-08  2.9727E-07   1.2671E-01  5.7341E-01   0.0000E+00  0.0000E+00   0.0000E+00  0.0000E+00   
1.00E+01  0.017  0.377   3.3137E-08  2.1335E-07   1.2671E-01  5.7341E-01   0.0000E+00  0.0000E+00   0.0000E+00  0.0000E+00   
1.00E+01  0.034  0.205   2.5479E-08  1.6454E-07   1.2671E-01  5.7341E-01   0.0000E+00  0.0000E+00   0.0000E+00  0.0000E+00   
1.00E+01  0.060  0.008   9.3249E-08  6.0532E-07   1.2671E-01  5.7341E-01   0.0000E+00  0.0000E+00   0.0000E+00  0.0000E+00   
1.00E+01  0.086  0.000   1.7734E-06  1.1581E-05   1.2671E-01  5.7341E-01   0.0000E+00  0.0000E+00   0.0000E+00  0.0000E+00   
1.00E+01  0.129  0.000   2.4656E-05  1.6286E-04   1.2671E-01  5.7342E-01   0.0000E+00  0.0000E+00   0.0000E+00  0.0000E+00   
1.00E+01  0.172  0.000   1.1079E-04  7.4140E-04   1.2673E-01  5.7367E-01   0.0000E+00  0.0000E+00   0.0000E+00  0.0000E+00   
1.00E+01  0.259  0.000   6.6656E-04  4.5982E-03   1.2708E-01  5.7667E-01   0.0000E+00  0.0000E+00   0.0000E+00  0.0000E+00   
1.00E+01  0.431  0.000   4.8088E-03  3.5694E-02   1.3001E-01  6.0162E-01   0.0000E+00  0.0000E+00   0.0000E+00  0.0000E+00   
1.00E+01  0.862  0.000   5.6863E-02  5.3373E-01   1.8046E-01  1.0260E+00   0.0000E+00  0.0000E+00   0.0000E+00  0.0000E+00   
1.00E+01  2.585  0.000   2.0999E+00  4.1798E+01   5.2651E-01  3.9752E+00   0.0000E+00  0.0000E+00   0.0000E+00  0.0000E+00   
1.00E+02  0.001  0.511   2.4539E-06  1.5763E-05   1.2671E-01  5.7341E-01   0.0000E+00  0.0000E+00   0.0000E+00  0.0000E+00   
1.00E+02  0.009  0.473   4.6183E-07  2.9697E-06   1.2671E-01  5.7341E-01   0.0000E+00  0.0000E+00   0.0000E+00  0.0000E+00   
1.00E+02  0.017  0.416   3.3121E-07  2.1325E-06   1.2671E-01  5.7341E-01   0.0000E+00  0.0000E+00   0.0000E+00  0.0000E+00   
1.00E+02  0.034  0.284   2.5476E-07  1.6451E-06   1.2671E-01  5.7341E-01   0.0000E+00  0.0000E+00   0.0000E+00  0.0000E+00   
1.00E+02  0.060  0.065   2.4140E-07  1.5670E-06   1.2671E-01  5.7341E-01   0.0000E+00  0.0000E+00   0.0000E+00  0.0000E+00   
1.00E+02  0.086  0.005   1.8641E-06  1.2173E-05   1.2671E-01  5.7341E-01   0.0000E+00  0.0000E+00   0.0000E+00  0.0000E+00   
1.00E+02  0.129  0.000   2.4738E-05  1.6340E-04   1.2671E-01  5.7342E-01   0.0000E+00  0.0000E+00   0.0000E+00  0.0000E+00   
1.00E+02  0.172  0.000   1.1087E-04  7.4193E-04   1.2673E-01  5.7367E-01   0.0000E+00  0.0000E+00   0.0000E+00  0.0000E+00   
1.00E+02  0.259  0.000   6.6664E-04  4.5987E-03   1.2708E-01  5.7667E-01   0.0000E+00  0.0000E+00   0.0000E+00  0.0000E+00   
1.00E+02  0.431  0.000   4.8089E-03  3.5695E-02   1.3001E-01  6.0162E-01   0.0000E+00  0.0000E+00   0.0000E+00  0.0000E+00   
1.00E+02  0.862  0.000   5.6863E-02  5.3373E-01   1.8046E-01  1.0260E+00   0.0000E+00  0.0000E+00   0.0000E+00  0.0000E+00   
1.00E+02  2.585  0.000   2.0999E+00  4.1798E+01   5.2651E-01  3.9752E+00   0.0000E+00  0.0000E+00   0.0000E+00  0.0000E+00   
1.00E+01  0.001  0.509   2.4086E-07  1.5472E-06   1.2671E-01  5.7341E-01   0.0000E+00  0.0000E+00   0.0000E+00  0.0000E+00   
1.00E+01  0.009  0.453   4.6230E-08  2.9727E-07   1.2671E-01  5.7341E-01   0.0000E+00  0.0000E+00   0.0000E+00  0.0000E+00   
1.00E+01  0.017  0.377   3.3137E-08  2.1335E-07   1.2671E-01  5.7341E-01   0.0000E+00  0.0000E+00   0.0000E+00  0.0000E+00   
1.00E+01  0.034  0.205   2.5479E-08  1.6454E-07   1.2671E-01  5.7341E-01   0.0000E+00  0.0000E+00   0.0000E+00  0.0000E+00   
1.00E+01  0.060  0.008   9.3249E-08  6.0532E-07   1.2671E-01  5.7341E-01   0.0000E+00  0.0000E+00   0.0000E+00  0.0000E+00   
1.00E+01  0.086  0.000   1.7734E-06  1.1581E-05   1.2671E-01  5.7341E-01   0.0000E+00  0.0000E+00   0.0000E+00  0.0000E+00   
1.00E+01  0.129  0.000   2.4656E-05  1.6286E-04   1.2671E-01  5.7342E-01   0.0000E+00  0.0000E+00   0.0000E+00  0.0000E+00   
1.00E+01  0.172  0.000   1.1079E-04  7.4140E-04   1.2673E-01  5.7367E-01   0.0000E+00  0.0000E+00   0.0000E+00  0.0000E+00   
1.00E+01  0.259  0.000   6.6656E-04  4.5982E-03   1.2708E-01  5.7667E-01   0.0000E+00  0.0000E+00   0.0000E+00  0.0000E+00   
1.00E+01  0.431  0.000   4.8088E-03  3.5694E-02   1.3001E-01  6.0162E-01   0.0000E+00  0.0000E+00   0.0000E+00  0.0000E+00   
1.00E+01  0.862  0.000   5.6863E-02  5.3373E-01   1.8046E-01  1.0260E+00   0.0000E+00  0.0000E+00   0.0000E+00  0.0000E+00   
1.00E+01  2.585  0.000   2.0999E+00  4.1798E+01   5.2651E-01  3.9752E+00   0.0000E+00  0.0000E+00   0.0000E+00  0.0000E+00   
1.00E+02  0.001  0.511   2.4539E-06  1.5763E-05   1.2671E-01  5.7341E-01   0.0000E+00  0.0000E+00   0.0000E+00  0.0000E+00   
1.00E+02  0.009  0.473   4.6183E-07  2.9697E-06   1.2671E-01  5.7341E-01   0.0000E+00  0.0000E+00   0.0000E+00  0.0000E+00   
1.00E+02  0.017  0.416   3.3121E-07  2.1325E-06   1.2671E-01  5.7341E-01   0.0000E+00  0.0000E+00   0.0000E+00  0.0000E+00   
1.00E+02  0.034  0.284   2.5476E-07  1.6451E-06   1.2671E-01  5.7341E-01   0.0000E+00  0.0000E+00   0.0000E+00  0.0000E+00   
1.00E+02  0.060  0.065   2.4140E-07  1.5670E-06   1.2671E-01  5.7341E-01   0.0000E+00  0.0000E+00   0.0000E+00  0.0000E+00   
1.00E+02  0.086  0.005   1.8641E-06  1.2173E-05   1.2671E-01  5.7341E-01   0.0000E+00  0.0000E+00   0.0000E+00  0.0000E+00   
1.00E+02  0.129  0.000   2.4738E-05  1.6340E-04   1.2671E-01  5.7342E-01   0.0000E+00  0.0000E+00   0.0000E+00  0.0000E+00   
1.00E+02  0.172  0.000   1.1087E-04  7.4193E-04   1.2673E-01  5.7367E-01   0.0000E+00  0.0000E+00   0.0000E+00  0.0000E+00   
1.00E+02  0.259  0.000   6.6664E-04  4.5987E-03   1.2708E-01  5.7667E-01   0.0000E+00  0.0000E+00   0.0000E+00  0.0000E+00   
1.00E+02  0.431  0.000   4.8089E-03  3.5695E-02   1.3001E-01  6.0162E-01   0.0000E+00  0.0000E+00   0.0000E+00  0.0000E+00   
1.00E+02  0.862  0.000   5.6863E-02  5.3373E-01   1.8046E-01  1.0260E+00   0.0000E+00  0.0000E+00   0.0000E+00  0.0000E+00   
1.00E+02  2.585  0.000   2.0999E+00  4.1798E+01   5.2651E-01  3.9752E+00   0.0000E+00  0.0000E+00   0.0000E+00  0.0000E+00   
1.00E+03  0.001  0.513   9.2549E-06  5.9454E-05   1.2671E-01  5.7341E-01   0.0000E+00  0.0000E+00   0.0000E+00  0.0000E+00   
1.00E+03  0.009  0.493   4.5736E-06  2.9410E-05 1.00E+01  0.001  0.509   2.4086E-07  1.5472E-06   1.2671E-01  5.7341E-01   0.0000E+00  0.0000E+00   0.0000E+00  0.0000E+00   
1.00E+01  0.009  0.453   4.6230E-08  2.9727E-07   1.2671E-01  5.7341E-01   0.0000E+00  0.0000E+00   0.0000E+00  0.0000E+00   
1.00E+01  0.017  0.377   3.3137E-08  2.1335E-07   1.2671E-01  5.7341E-01   0.0000E+00  0.0000E+00   0.0000E+00  0.0000E+00   
1.00E+01  0.034  0.205   2.5479E-08  1.6454E-07   1.2671E-01  5.7341E-01   0.0000E+00  0.0000E+00   0.0000E+00  0.0000E+00   
1.00E+01  0.060  0.008   9.3249E-08  6.0532E-07   1.2671E-01  5.7341E-01   0.0000E+00  0.0000E+00   0.0000E+00  0.0000E+00   
1.00E+01  0.086  0.000   1.7734E-06  1.1581E-05   1.2671E-01  5.7341E-01   0.0000E+00  0.0000E+00   0.0000E+00  0.0000E+00   
1.00E+01  0.129  0.000   2.4656E-05  1.6286E-04   1.2671E-01  5.7342E-01   0.0000E+00  0.0000E+00   0.0000E+00  0.0000E+00   
1.00E+01  0.172  0.000   1.1079E-04  7.4140E-04   1.2673E-01  5.7367E-01   0.0000E+00  0.0000E+00   0.0000E+00  0.0000E+00   
1.00E+01  0.259  0.000   6.6656E-04  4.5982E-03   1.2708E-01  5.7667E-01   0.0000E+00  0.0000E+00   0.0000E+00  0.0000E+00   
1.00E+01  0.431  0.000   4.8088E-03  3.5694E-02   1.3001E-01  6.0162E-01   0.0000E+00  0.0000E+00   0.0000E+00  0.0000E+00   
1.00E+01  0.862  0.000   5.6863E-02  5.3373E-01   1.8046E-01  1.0260E+00   0.0000E+00  0.0000E+00   0.0000E+00  0.0000E+00   
1.00E+01  2.585  0.000   2.0999E+00  4.1798E+01   5.2651E-01  3.9752E+00   0.0000E+00  0.0000E+00   0.0000E+00  0.0000E+00   
1.00E+02  0.001  0.511   2.4539E-06  1.5763E-05   1.2671E-01  5.7341E-01   0.0000E+00  0.0000E+00   0.0000E+00  0.0000E+00   
1.00E+02  0.009  0.473   4.6183E-07  2.9697E-06   1.2671E-01  5.7341E-01   0.0000E+00  0.0000E+00   0.0000E+00  0.0000E+00   
1.00E+02  0.017  0.416   3.3121E-07  2.1325E-06   1.2671E-01  5.7341E-01   0.0000E+00  0.0000E+00   0.0000E+00  0.0000E+00   
1.00E+02  0.034  0.284   2.5476E-07  1.6451E-06   1.2671E-01  5.7341E-01   0.0000E+00  0.0000E+00   0.0000E+00  0.0000E+00   
1.00E+02  0.060  0.065   2.4140E-07  1.5670E-06   1.2671E-01  5.7341E-01   0.0000E+00  0.0000E+00   0.0000E+00  0.0000E+00   
1.00E+02  0.086  0.005   1.8641E-06  1.2173E-05   1.2671E-01  5.7341E-01   0.0000E+00  0.0000E+00   0.0000E+00  0.0000E+00   
1.00E+02  0.129  0.000   2.4738E-05  1.6340E-04   1.2671E-01  5.7342E-01   0.0000E+00  0.0000E+00   0.0000E+00  0.0000E+00   
1.00E+02  0.172  0.000   1.1087E-04  7.4193E-04   1.2673E-01  5.7367E-01   0.0000E+00  0.0000E+00   0.0000E+00  0.0000E+00   
1.00E+02  0.259  0.000   6.6664E-04  4.5987E-03   1.2708E-01  5.7667E-01   0.0000E+00  0.0000E+00   0.0000E+00  0.0000E+00   
1.00E+02  0.431  0.000   4.8089E-03  3.5695E-02   1.3001E-01  6.0162E-01   0.0000E+00  0.0000E+00   0.0000E+00  0.0000E+00   
1.00E+02  0.862  0.000   5.6863E-02  5.3373E-01   1.8046E-01  1.0260E+00   0.0000E+00  0.0000E+00   0.0000E+00  0.0000E+00   
1.00E+02  2.585  0.000   2.0999E+00  4.1798E+01   5.2651E-01  3.9752E+00   0.0000E+00  0.0000E+00   0.0000E+00  0.0000E+00   
1.00E+03  0.001  0.513   9.2549E-06  5.9454E-05   1.2671E-01  5.7341E-01   0.0000E+00  0.0000E+00   0.0000E+00  0.0000E+00   
1.00E+03  0.009  0.493   4.5736E-06  2.9410E-05 1.00E+01  0.001  0.509   2.4086E-07  1.5472E-06   1.2671E-01  5.7341E-01   0.0000E+00  0.0000E+00   0.0000E+00  0.0000E+00   
1.00E+03  0.009  0.493   4.5736E-06  2.9410E-05   1.2671E-01  5.7341E-01   0.0000E+00  0.0000E+00   0.0000E+00  0.0000E+00   
1.00E+03  0.017  0.456   3.2960E-06  2.1222E-05   1.2671E-01  5.7341E-01   0.0000E+00  0.0000E+00   0.0000E+00  0.0000E+00   
1.00E+03  0.034  0.364   2.5444E-06  1.6431E-05   1.2671E-01  5.7341E-01   0.0000E+00  0.0000E+00   0.0000E+00  0.0000E+00   
1.00E+03  0.060  0.197   2.1387E-06  1.3883E-05   1.2671E-01  5.7341E-01   0.0000E+00  0.0000E+00   0.0000E+00  0.0000E+00   
1.00E+03  0.086  0.046   2.9942E-06  1.9553E-05   1.2671E-01  5.7341E-01   0.0000E+00  0.0000E+00   0.0000E+00  0.0000E+00   
1.00E+03  0.129  0.005   2.5573E-05  1.6892E-04   1.2671E-01  5.7342E-01   0.0000E+00  0.0000E+00   0.0000E+00  0.0000E+00   
1.00E+03  0.172  0.001   1.1166E-04  7.4728E-04   1.2673E-01  5.7367E-01   0.0000E+00  0.0000E+00   0.0000E+00  0.0000E+00   
1.00E+03  0.259  0.000   6.6744E-04  4.6042E-03   1.2708E-01  5.7667E-01   0.0000E+00  0.0000E+00   0.0000E+00  0.0000E+00   
1.00E+03  0.431  0.000   4.8097E-03  3.5701E-02   1.3001E-01  6.0163E-01   0.0000E+00  0.0000E+00   0.0000E+00  0.0000E+00   
1.00E+03  0.862  0.000   5.6864E-02  5.3374E-01   1.8046E-01  1.0260E+00   0.0000E+00  0.0000E+00   0.0000E+00  0.0000E+00   
1.00E+03  2.585  0.000   2.0999E+00  4.1798E+01   5.2651E-01  3.9752E+00   0.0000E+00  0.0000E+00   0.0000E+00  0.0000E+00   
1.00E+04  0.001  0.523   5.2031E-05  3.3444E-04   1.2671E-01  5.7341E-01   0.0000E+00  0.0000E+00   0.0000E+00  0.0000E+00   
1.00E+04  0.009  0.516   3.8987E-05  2.5077E-04   1.2671E-01  5.7341E-01   0.0000E+00  0.0000E+00   0.0000E+00  0.0000E+00   
1.00E+04  0.017  0.498   3.1478E-05  2.0272E-04   1.2671E-01  5.7341E-01   0.0000E+00  0.0000E+00   0.0000E+00  0.0000E+00   
1.00E+04  0.034  0.444   2.5142E-05  1.6238E-04   1.2671E-01  5.7341E-01   0.0000E+00  0.0000E+00   0.0000E+00  0.0000E+00   
1.00E+04  0.060  0.337   2.1273E-05  1.3811E-04   1.2671E-01  5.7341E-01   0.0000E+00  0.0000E+00   0.0000E+00  0.0000E+00   
1.00E+04  0.086  0.209   1.9684E-05  1.2855E-04   1.2671E-01  5.7341E-01   0.0000E+00  0.0000E+00   0.0000E+00  0.0000E+00   
1.00E+04  0.129  0.047   3.5355E-05  2.3353E-04   1.2671E-01  5.7343E-01   0.0000E+00  0.0000E+00   0.0000E+00  0.0000E+00   
1.00E+04  0.172  0.014   1.1996E-04  8.0280E-04   1.2674E-01  5.7368E-01   0.0000E+00  0.0000E+00   0.0000E+00  0.0000E+00   
1.00E+04  0.259  0.004   6.7546E-04  4.6596E-03   1.2709E-01  5.7668E-01   0.0000E+00  0.0000E+00   0.0000E+00  0.0000E+00   
1.00E+04  0.431  0.001   4.8185E-03  3.5766E-02   1.3001E-01  6.0163E-01   0.0000E+00  0.0000E+00   0.0000E+00  0.0000E+00   
1.00E+04  0.862  0.000   5.6875E-02  5.3385E-01   1.8046E-01  1.0260E+00   0.0000E+00  0.0000E+00   0.0000E+00  0.0000E+00   
1.00E+04  2.585  0.000   2.0999E+00  4.1798E+01   5.2651E-01  3.9752E+00   0.0000E+00  0.0000E+00   0.0000E+00  0.0000E+00   
1.00E+05  0.001  0.565   2.7069E-04  1.7448E-03   1.2671E-01  5.7341E-01   0.0000E+00  0.0000E+00   0.0000E+00  0.0000E+00   
1.00E+05  0.009  0.563   2.6322E-04  1.6971E-03   1.2671E-01  5.7341E-01   0.0000E+00  0.0000E+00   0.0000E+00  0.0000E+00   
1.00E+05  0.017  0.558   2.5268E-04  1.6304E-03   1.2671E-01  5.7341E-01   0.0000E+00  0.0000E+00   0.0000E+00  0.0000E+00   
1.00E+05  0.034  0.537   2.2934E-04  1.4835E-03   1.2671E-01  5.7341E-01   0.0000E+00  0.0000E+00   0.0000E+00  0.0000E+00   
1.00E+05  0.060  0.485   2.0569E-04  1.3369E-03   1.2671E-01  5.7341E-01   0.0000E+00  0.0000E+00   0.0000E+00  0.0000E+00   
1.00E+05  0.086  0.413   1.9233E-04  1.2572E-03   1.2671E-01  5.7341E-01   0.0000E+00  0.0000E+00   0.0000E+00  0.0000E+00   
1.00E+05  0.129  0.265   1.8427E-04  1.2179E-03   1.2671E-01  5.7344E-01   0.0000E+00  0.0000E+00   0.0000E+00  0.0000E+00   
1.00E+05  0.172  0.128   2.2957E-04  1.5369E-03   1.2675E-01  5.7373E-01   0.0000E+00  0.0000E+00   0.0000E+00  0.0000E+00   
1.00E+05  0.259  0.035   7.6076E-04  5.2490E-03   1.2710E-01  5.7675E-01   0.0000E+00  0.0000E+00   0.0000E+00  0.0000E+00   
1.00E+05  0.431  0.009   4.9069E-03  3.6426E-02   1.3002E-01  6.0169E-01   0.0000E+00  0.0000E+00   0.0000E+00  0.0000E+00   
1.00E+05  0.862  0.002   5.6986E-02  5.3489E-01   1.8047E-01  1.0260E+00   0.0000E+00  0.0000E+00   0.0000E+00  0.0000E+00   
1.00E+05  2.585  0.000   2.1001E+00  4.1801E+01   5.2651E-01  3.9752E+00   0.0000E+00  0.0000E+00   0.0000E+00  0.0000E+00   
1.00E+06  0.001  0.726   1.8324E-03  1.1956E-02   1.2671E-01  5.7341E-01   0.0000E+00  0.0000E+00   0.0000E+00  0.0000E+00   
1.00E+06  0.009  0.725   1.8192E-03  1.1871E-02   1.2671E-01  5.7341E-01   0.0000E+00  0.0000E+00   0.0000E+00  0.0000E+00   
1.00E+06  0.017  0.724   1.8228E-03  1.1898E-02   1.2671E-01  5.7341E-01   0.0000E+00  0.0000E+00   0.0000E+00  0.0000E+00   
1.00E+06  0.034  0.718   1.8159E-03  1.1868E-02   1.2671E-01  5.7341E-01   0.0000E+00  0.0000E+00   0.0000E+00  0.0000E+00   
1.00E+06  0.060  0.700   1.7984E-03  1.1792E-02   1.2671E-01  5.7341E-01   0.0000E+00  0.0000E+00   0.0000E+00  0.0000E+00   
1.00E+06  0.086  0.672   1.7778E-03  1.1709E-02   1.2671E-01  5.7341E-01   0.0000E+00  0.0000E+00   0.0000E+00  0.0000E+00   
1.00E+06  0.129  0.604   1.7522E-03  1.1650E-02   1.2671E-01  5.7345E-01   0.0000E+00  0.0000E+00   0.0000E+00  0.0000E+00   
1.00E+06  0.172  0.512   1.7488E-03  1.1762E-02   1.2675E-01  5.7377E-01   0.0000E+00  0.0000E+00   0.0000E+00  0.0000E+00   
1.00E+06  0.259  0.299   1.9849E-03  1.3728E-02   1.2716E-01  5.7710E-01   0.0000E+00  0.0000E+00   0.0000E+00  0.0000E+00   
1.00E+06  0.431  0.091   5.8741E-03  4.3641E-02   1.3013E-01  6.0226E-01   0.0000E+00  0.0000E+00   0.0000E+00  0.0000E+00   
1.00E+06  0.862  0.020   5.8101E-02  5.4546E-01   1.8054E-01  1.0265E+00   0.0000E+00  0.0000E+00   0.0000E+00  0.0000E+00   
1.00E+06  2.585  0.002   2.1015E+00  4.1831E+01   5.2654E-01  3.9754E+00   0.0000E+00  0.0000E+00   0.0000E+00  0.0000E+00   
1.00E+07  0.001  1.223   1.6883E-02  1.1493E-01   1.2671E-01  5.7341E-01   0.0000E+00  0.0000E+00   0.0000E+00  0.0000E+00   
1.00E+07  0.009  1.222   1.6847E-02  1.1468E-01   1.2671E-01  5.7341E-01   0.0000E+00  0.0000E+00   0.0000E+00  0.0000E+00   
1.00E+07  0.017  1.222   1.6850E-02  1.1472E-01   1.2671E-01  5.7341E-01   0.0000E+00  0.0000E+00   0.0000E+00  0.0000E+00   
1.00E+07  0.034  1.219   1.6877E-02  1.1497E-01   1.2671E-01  5.7341E-01   0.0000E+00  0.0000E+00   0.0000E+00  0.0000E+00   
1.00E+07  0.060  1.212   1.6923E-02  1.1547E-01   1.2671E-01  5.7341E-01   0.0000E+00  0.0000E+00   0.0000E+00  0.0000E+00   
1.00E+07  0.086  1.200   1.6996E-02  1.1625E-01   1.2671E-01  5.7341E-01   0.0000E+00  0.0000E+00   0.0000E+00  0.0000E+00   
1.00E+07  0.129  1.173   1.7166E-02  1.1809E-01   1.2671E-01  5.7345E-01   0.0000E+00  0.0000E+00   0.0000E+00  0.0000E+00   
1.00E+07  0.172  1.133   1.7392E-02  1.2058E-01   1.2675E-01  5.7378E-01   0.0000E+00  0.0000E+00   0.0000E+00  0.0000E+00   
1.00E+07  0.259  1.021   1.8010E-02  1.2748E-01   1.2720E-01  5.7729E-01   0.0000E+00  0.0000E+00   0.0000E+00  0.0000E+00   
1.00E+07  0.431  0.698   2.0713E-02  1.5559E-01   1.3054E-01  6.0439E-01   0.0000E+00  0.0000E+00   0.0000E+00  0.0000E+00   
1.00E+07  0.862  0.196   7.0371E-02  6.6189E-01   1.8120E-01  1.0303E+00   0.0000E+00  0.0000E+00   0.0000E+00  0.0000E+00   
1.00E+07  2.585  0.021   2.1161E+00  4.2124E+01   5.2683E-01  3.9781E+00   0.0000E+00  0.0000E+00   0.0000E+00  0.0000E+00   
1.00E+08  0.001  2.447   2.0637E-01  1.5689E+00   1.2671E-01  5.7341E-01   0.0000E+00  0.0000E+00   0.0000E+00  0.0000E+00   
1.00E+08  0.009  2.447   2.0622E-01  1.5677E+00   1.2671E-01  5.7341E-01   0.0000E+00  0.0000E+00   0.0000E+00  0.0000E+00   
1.00E+08  0.017  2.446   2.0616E-01  1.5673E+00   1.2671E-01  5.7341E-01   0.0000E+00  0.0000E+00   0.0000E+00  0.0000E+00   
1.00E+08  0.034  2.445   2.0635E-01  1.5693E+00   1.2671E-01  5.7341E-01   0.0000E+00  0.0000E+00   0.0000E+00  0.0000E+00   
1.00E+08  0.060  2.442   2.0665E-01  1.5728E+00   1.2671E-01  5.7341E-01   0.0000E+00  0.0000E+00   0.0000E+00  0.0000E+00   
1.00E+08  0.086  2.437   2.0712E-01  1.5782E+00   1.2671E-01  5.7341E-01   0.0000E+00  0.0000E+00   0.0000E+00  0.0000E+00   
1.00E+08  0.129  2.424   2.0827E-01  1.5917E+00   1.2671E-01  5.7345E-01   0.0000E+00  0.0000E+00   0.0000E+00  0.0000E+00   
1.00E+08  0.172  2.406   2.0986E-01  1.6105E+00   1.2675E-01  5.7378E-01   0.0000E+00  0.0000E+00   0.0000E+00  0.0000E+00   
1.00E+08  0.259  2.355   2.1431E-01  1.6641E+00   1.2720E-01  5.7730E-01   0.0000E+00  0.0000E+00   0.0000E+00  0.0000E+00   
1.00E+08  0.431  2.192   2.2697E-01  1.8308E+00   1.3067E-01  6.0510E-01   0.0000E+00  0.0000E+00   0.0000E+00  0.0000E+00   
1.00E+08  0.862  1.493   2.6659E-01  2.5683E+00   1.8367E-01  1.0447E+00   0.0000E+00  0.0000E+00   0.0000E+00  0.0000E+00   
1.00E+08  2.585  0.209   2.2669E+00  4.5168E+01   5.2965E-01  4.0036E+00   0.0000E+00  0.0000E+00   0.0000E+00  0.0000E+00   
1.00E+09  0.001  5.181   3.3660E+00  3.2239E+01   1.2671E-01  5.7341E-01   0.0000E+00  0.0000E+00   0.0000E+00  0.0000E+00   
1.00E+09  0.009  5.180   3.3646E+00  3.2225E+01   1.2671E-01  5.7341E-01   0.0000E+00  0.0000E+00   0.0000E+00  0.0000E+00   
1.00E+09  0.017  5.180   3.3639E+00  3.2218E+01   1.2671E-01  5.7341E-01   0.0000E+00  0.0000E+00   0.0000E+00  0.0000E+00   
1.00E+09  0.034  5.180   3.3653E+00  3.2237E+01   1.2671E-01  5.7341E-01   0.0000E+00  0.0000E+00   0.0000E+00  0.0000E+00   
1.00E+09  0.060  5.178   3.3672E+00  3.2266E+01   1.2671E-01  5.7341E-01   0.0000E+00  0.0000E+00   0.0000E+00  0.0000E+00   
1.00E+09  0.086  5.176   3.3702E+00  3.2313E+01   1.2671E-01  5.7341E-01   0.0000E+00  0.0000E+00   0.0000E+00  0.0000E+00   
1.00E+09  0.129  5.170   3.3775E+00  3.2427E+01   1.2671E-01  5.7345E-01   0.0000E+00  0.0000E+00   0.0000E+00  0.0000E+00   
1.00E+09  0.172  5.161   3.3877E+00  3.2587E+01   1.2675E-01  5.7378E-01   0.0000E+00  0.0000E+00   0.0000E+00  0.0000E+00   
1.00E+09  0.259  5.138   3.4159E+00  3.3044E+01   1.2720E-01  5.7730E-01   0.0000E+00  0.0000E+00   0.0000E+00  0.0000E+00   
1.00E+09  0.431  5.062   3.4869E+00  3.4394E+01   1.3068E-01  6.0513E-01   0.0000E+00  0.0000E+00   0.0000E+00  0.0000E+00   
1.00E+09  0.862  4.708   3.4553E+00  3.7995E+01   1.8444E-01  1.0492E+00   0.0000E+00  0.0000E+00   0.0000E+00  0.0000E+00   
1.00E+09  2.585  1.972   4.2764E+00  8.6153E+01   5.4990E-01  4.1880E+00   0.0000E+00  0.0000E+00   0.0000E+00  0.0000E+00   
1.00E+10  0.001  11.119  7.5071E+01  1.0675E+03   1.2671E-01  5.7341E-01   0.0000E+00  0.0000E+00   0.0000E+00  0.0000E+00   
1.00E+10  0.009  11.118  7.5045E+01  1.0671E+03   1.2671E-01  5.7341E-01   0.0000E+00  0.0000E+00   0.0000E+00  0.0000E+00   
1.00E+10  0.017  11.118  7.5036E+01  1.0670E+03   1.2671E-01  5.7341E-01   0.0000E+00  0.0000E+00   0.0000E+00  0.0000E+00   
1.00E+10  0.034  11.118  7.5050E+01  1.0672E+03   1.2671E-01  5.7341E-01   0.0000E+00  0.0000E+00   0.0000E+00  0.0000E+00   
1.00E+10  0.060  11.117  7.5063E+01  1.0676E+03   1.2671E-01  5.7341E-01   0.0000E+00  0.0000E+00   0.0000E+00  0.0000E+00   
1.00E+10  0.086  11.116  7.5085E+01  1.0681E+03   1.2671E-01  5.7341E-01   0.0000E+00  0.0000E+00   0.0000E+00  0.0000E+00   
1.00E+10  0.129  11.113  7.5138E+01  1.0694E+03   1.2671E-01  5.7345E-01   0.0000E+00  0.0000E+00   0.0000E+00  0.0000E+00   
1.00E+10  0.172  11.109  7.5212E+01  1.0712E+03   1.2675E-01  5.7378E-01   0.0000E+00  0.0000E+00   0.0000E+00  0.0000E+00   
1.00E+10  0.259  11.098  7.5392E+01  1.0761E+03   1.2720E-01  5.7730E-01   0.0000E+00  0.0000E+00   0.0000E+00  0.0000E+00   
1.00E+10  0.431  11.063  7.5485E+01  1.0862E+03   1.3068E-01  6.0513E-01   0.0000E+00  0.0000E+00   0.0000E+00  0.0000E+00   
1.00E+10  0.862  10.898  6.8376E+01  1.0356E+03   1.8446E-01  1.0493E+00   0.0000E+00  0.0000E+00   0.0000E+00  0.0000E+00   
1.00E+10  2.585  9.163   4.1841E+01  9.3117E+02   5.7297E-01  4.4009E+00   0.0000E+00  0.0000E+00   0.0000E+00  0.0000E+00   
1.00E+11  0.001  23.934  2.2247E+03  5.4881E+04   1.2671E-01  5.7341E-01   0.0000E+00  0.0000E+00   0.0000E+00  0.0000E+00   
1.00E+11  0.009  23.934  2.2244E+03  5.4870E+04   1.2671E-01  5.7341E-01   0.0000E+00  0.0000E+00   0.0000E+00  0.0000E+00   
1.00E+11  0.017  23.933  2.2243E+03  5.4869E+04   1.2671E-01  5.7341E-01   0.0000E+00  0.0000E+00   0.0000E+00  0.0000E+00   
1.00E+11  0.034  23.934  2.2245E+03  5.4875E+04   1.2671E-01  5.7341E-01   0.0000E+00  0.0000E+00   0.0000E+00  0.0000E+00   
1.00E+11  0.060  23.933  2.2246E+03  5.4879E+04   1.2671E-01  5.7341E-01   0.0000E+00  0.0000E+00   0.0000E+00  0.0000E+00   
1.00E+11  0.086  23.933  2.2248E+03  5.4887E+04   1.2671E-01  5.7341E-01   0.0000E+00  0.0000E+00   0.0000E+00  0.0000E+00   
1.00E+11  0.129  23.931  2.2252E+03  5.4906E+04   1.2671E-01  5.7345E-01   0.0000E+00  0.0000E+00   0.0000E+00  0.0000E+00   
1.00E+11  0.172  23.930  2.2258E+03  5.4932E+04   1.2675E-01  5.7378E-01   0.0000E+00  0.0000E+00   0.0000E+00  0.0000E+00   
1.00E+11  0.259  23.924  2.2263E+03  5.4982E+04   1.2720E-01  5.7730E-01   0.0000E+00  0.0000E+00   0.0000E+00  0.0000E+00   
1.00E+11  0.431  23.908  2.2117E+03  5.4774E+04   1.3068E-01  6.0513E-01   0.0000E+00  0.0000E+00   0.0000E+00  0.0000E+00   
1.00E+11  0.862  23.832  1.9164E+03  4.8415E+04   1.8446E-01  1.0493E+00   0.0000E+00  0.0000E+00   0.0000E+00  0.0000E+00   
1.00E+11  2.585  23.015  8.4815E+02  2.5748E+04   5.7466E-01  4.4165E+00   0.0000E+00  0.0000E+00   0.0000E+00  0.0000E+00   
