rhoYe is density times electron fraction [g/cm^3], T is temperature [MeV], mu_e is electron chemical potential [MeV]
e-(+) cap is electron (positron) capture, e-(+) dec is electron (positron) decay
For each process, first column is neutrino production [neutrinos/baryon second] and second column is energy loss [MeV/baryon second].
rhoYe     T      mu_e    e- cap                   e+ dec                   e+ cap                   e- dec                   
1.00E+01  0.001  0.509   4.1331E-08  1.7285E-07   3.8316E-03  6.8562E-03   0.0000E+00  0.0000E+00   0.0000E+00  0.0000E+00   
1.00E+01  0.009  0.453   8.1037E-09  3.3958E-08   3.8316E-03  6.8562E-03   0.0000E+00  0.0000E+00   0.0000E+00  0.0000E+00   
1.00E+01  0.017  0.377   5.9291E-09  2.4908E-08   3.8316E-03  6.8562E-03   0.0000E+00  0.0000E+00   0.0000E+00  0.0000E+00   
1.00E+01  0.034  0.205   4.6906E-09  1.9819E-08   3.8316E-03  6.8562E-03   2.4546E-163 2.5739E-164  0.0000E+00  0.0000E+00   
1.00E+01  0.060  0.008   1.7660E-08  7.5367E-08   3.8316E-03  6.8562E-03   5.3526E-94  9.9213E-95   0.0000E+00  0.0000E+00   
1.00E+01  0.086  0.000   3.4286E-07  1.4799E-06   3.8313E-03  6.8557E-03   5.0958E-67  1.3625E-67   0.0000E+00  0.0000E+00   
1.00E+01  0.129  0.000   4.8960E-06  2.1588E-05   3.8282E-03  6.8493E-03   6.9162E-46  2.8170E-46   0.0000E+00  0.0000E+00   
1.00E+01  0.172  0.000   2.2477E-05  1.0150E-04   3.8194E-03  6.8306E-03   3.3768E-35  1.8610E-35   0.0000E+00  0.0000E+00   
1.00E+01  0.259  0.000   1.3999E-04  6.6644E-04   3.7841E-03  6.7581E-03   2.4207E-24  2.0564E-24   0.0000E+00  0.0000E+00   
1.00E+01  0.431  0.000   1.0713E-03  5.7244E-03   3.7013E-03  6.6293E-03   2.1128E-15  3.1346E-15   0.0000E+00  0.0000E+00   
1.00E+01  0.862  0.000   1.6294E-02  1.1515E-01   4.1570E-03  8.9122E-03   2.8855E-08  9.2625E-08   0.0000E+00  0.0000E+00   
1.00E+01  2.585  0.000   1.9911E+00  3.0733E+01   2.0298E-02  8.8564E-02   1.4079E-02  1.4893E-01   0.0000E+00  0.0000E+00   
1.00E+01  0.001  0.509   4.1331E-08  1.7285E-07   3.8316E-03  6.8562E-03   0.0000E+00  0.0000E+00   0.0000E+00  0.0000E+00   
1.00E+01  0.009  0.453   8.1037E-09  3.3958E-08   3.8316E-03  6.8562E-03   0.0000E+00  0.0000E+00   0.0000E+00  0.0000E+00   
1.00E+01  0.017  0.377   5.9291E-09  2.4908E-08   3.8316E-03  6.8562E-03   0.0000E+00  0.0000E+00   0.0000E+00  0.0000E+00   
1.00E+01  0.034  0.205   4.6906E-09  1.9819E-08   3.8316E-03  6.8562E-03   2.4546E-163 2.5739E-164  0.0000E+00  0.0000E+00   
1.00E+01  0.060  0.008   1.7660E-08  7.5367E-08   3.8316E-03  6.8562E-03   5.3526E-94  9.9213E-95   0.0000E+00  0.0000E+00   
1.00E+01  0.086  0.000   3.4286E-07  1.4799E-06   3.8313E-03  6.8557E-03   5.0958E-67  1.3625E-67   0.0000E+00  0.0000E+00   
1.00E+01  0.129  0.000   4.8960E-06  2.1588E-05   3.8282E-03  6.8493E-03   6.9162E-46  2.8170E-46   0.0000E+00  0.0000E+00   
1.00E+01  0.172  0.000   2.2477E-05  1.0150E-04   3.8194E-03  6.8306E-03   3.3768E-35  1.8610E-35   0.0000E+00  0.0000E+00   
1.00E+01  0.259  0.000   1.3999E-04  6.6644E-04   3.7841E-03  6.7581E-03   2.4207E-24  2.0564E-24   0.0000E+00  0.0000E+00   
1.00E+01  0.431  0.000   1.0713E-03  5.7244E-03   3.7013E-03  6.6293E-03   2.1128E-15  3.1346E-15   0.0000E+00  0.0000E+00   
1.00E+01  0.862  0.000   1.6294E-02  1.1515E-01   4.1570E-03  8.9122E-03   2.8855E-08  9.2625E-08   0.0000E+00  0.0000E+00   
1.00E+01  2.585  0.000   1.9911E+00  3.0733E+01   2.0298E-02  8.8564E-02   1.4079E-02  1.4893E-01   0.0000E+00  0.0000E+00   
1.00E+02  0.001  0.511   4.2115E-07  1.7614E-06   3.8316E-03  6.8562E-03   0.0000E+00  0.0000E+00   0.0000E+00  0.0000E+00   
1.00E+02  0.009  0.473   8.0961E-08  3.3926E-07   3.8316E-03  6.8562E-03   0.0000E+00  0.0000E+00   0.0000E+00  0.0000E+00   
1.00E+02  0.017  0.416   5.9264E-08  2.4897E-07   3.8316E-03  6.8562E-03   0.0000E+00  0.0000E+00   0.0000E+00  0.0000E+00   
1.00E+02  0.034  0.284   4.6900E-08  1.9817E-07   3.8316E-03  6.8562E-03   2.4536E-164 2.5729E-165  0.0000E+00  0.0000E+00   
1.00E+02  0.060  0.065   4.5717E-08  1.9511E-07   3.8316E-03  6.8562E-03   2.0673E-94  3.8319E-95   0.0000E+00  0.0000E+00   
1.00E+02  0.086  0.005   3.6040E-07  1.5556E-06   3.8313E-03  6.8557E-03   4.8476E-67  1.2961E-67   0.0000E+00  0.0000E+00   
1.00E+02  0.129  0.000   4.9123E-06  2.1660E-05   3.8282E-03  6.8493E-03   6.8932E-46  2.8076E-46   0.0000E+00  0.0000E+00   
1.00E+02  0.172  0.000   2.2493E-05  1.0157E-04   3.8194E-03  6.8306E-03   3.3743E-35  1.8596E-35   0.0000E+00  0.0000E+00   
1.00E+02  0.259  0.000   1.4001E-04  6.6652E-04   3.7841E-03  6.7581E-03   2.4204E-24  2.0561E-24   0.0000E+00  0.0000E+00   
1.00E+02  0.431  0.000   1.0713E-03  5.7245E-03   3.7013E-03  6.6293E-03   2.1127E-15  3.1346E-15   0.0000E+00  0.0000E+00   
1.00E+02  0.862  0.000   1.6294E-02  1.1515E-01   4.1570E-03  8.9122E-03   2.8855E-08  9.2625E-08   0.0000E+00  0.0000E+00   
1.00E+02  2.585  0.000   1.9911E+00  3.0733E+01   2.0298E-02  8.8564E-02   1.4079E-02  1.4893E-01   0.0000E+00  0.0000E+00   
1.00E+01  0.001  0.509   4.1331E-08  1.7285E-07   3.8316E-03  6.8562E-03   0.0000E+00  0.0000E+00   0.0000E+00  0.0000E+00   
1.00E+01  0.009  0.453   8.1037E-09  3.3958E-08   3.8316E-03  6.8562E-03   0.0000E+00  0.0000E+00   0.0000E+00  0.0000E+00   
1.00E+01  0.017  0.377   5.9291E-09  2.4908E-08   3.8316E-03  6.8562E-03   0.0000E+00  0.0000E+00   0.0000E+00  0.0000E+00   
1.00E+01  0.034  0.205   4.6906E-09  1.9819E-08   3.8316E-03  6.8562E-03   2.4546E-163 2.5739E-164  0.0000E+00  0.0000E+00   
1.00E+01  0.060  0.008   1.7660E-08  7.5367E-08   3.8316E-03  6.8562E-03   5.3526E-94  9.9213E-95   0.0000E+00  0.0000E+00   
1.00E+01  0.086  0.000   3.4286E-07  1.4799E-06   3.8313E-03  6.8557E-03   5.0958E-67  1.3625E-67   0.0000E+00  0.0000E+00   
1.00E+01  0.129  0.000   4.8960E-06  2.1588E-05   3.8282E-03  6.8493E-03   6.9162E-46  2.8170E-46   0.0000E+00  0.0000E+00   
1.00E+01  0.172  0.000   2.2477E-05  1.0150E-04   3.8194E-03  6.8306E-03   3.3768E-35  1.8610E-35   0.0000E+00  0.0000E+00   
1.00E+01  0.259  0.000   1.3999E-04  6.6644E-04   3.7841E-03  6.7581E-03   2.4207E-24  2.0564E-24   0.0000E+00  0.0000E+00   
1.00E+01  0.431  0.000   1.0713E-03  5.7244E-03   3.7013E-03  6.6293E-03   2.1128E-15  3.1346E-15   0.0000E+00  0.0000E+00   
1.00E+01  0.862  0.000   1.6294E-02  1.1515E-01   4.1570E-03  8.9122E-03   2.8855E-08  9.2625E-08   0.0000E+00  0.0000E+00   
1.00E+01  2.585  0.000   1.9911E+00  3.0733E+01   2.0298E-02  8.8564E-02   1.4079E-02  1.4893E-01   0.0000E+00  0.0000E+00   
1.00E+02  0.001  0.511   4.2115E-07  1.7614E-06   3.8316E-03  6.8562E-03   0.0000E+00  0.0000E+00   0.0000E+00  0.0000E+00   
1.00E+02  0.009  0.473   8.0961E-08  3.3926E-07   3.8316E-03  6.8562E-03   0.0000E+00  0.0000E+00   0.0000E+00  0.0000E+00   
1.00E+02  0.017  0.416   5.9264E-08  2.4897E-07   3.8316E-03  6.8562E-03   0.0000E+00  0.0000E+00   0.0000E+00  0.0000E+00   
1.00E+02  0.034  0.284   4.6900E-08  1.9817E-07   3.8316E-03  6.8562E-03   2.4536E-164 2.5729E-165  0.0000E+00  0.0000E+00   
1.00E+02  0.060  0.065   4.5717E-08  1.9511E-07   3.8316E-03  6.8562E-03   2.0673E-94  3.8319E-95   0.0000E+00  0.0000E+00   
1.00E+02  0.086  0.005   3.6040E-07  1.5556E-06   3.8313E-03  6.8557E-03   4.8476E-67  1.2961E-67   0.0000E+00  0.0000E+00   
1.00E+02  0.129  0.000   4.9123E-06  2.1660E-05   3.8282E-03  6.8493E-03   6.8932E-46  2.8076E-46   0.0000E+00  0.0000E+00   
1.00E+02  0.172  0.000   2.2493E-05  1.0157E-04   3.8194E-03  6.8306E-03   3.3743E-35  1.8596E-35   0.0000E+00  0.0000E+00   
1.00E+02  0.259  0.000   1.4001E-04  6.6652E-04   3.7841E-03  6.7581E-03   2.4204E-24  2.0561E-24   0.0000E+00  0.0000E+00   
1.00E+02  0.431  0.000   1.0713E-03  5.7245E-03   3.7013E-03  6.6293E-03   2.1127E-15  3.1346E-15   0.0000E+00  0.0000E+00   
1.00E+02  0.862  0.000   1.6294E-02  1.1515E-01   4.1570E-03  8.9122E-03   2.8855E-08  9.2625E-08   0.0000E+00  0.0000E+00   
1.00E+02  2.585  0.000   1.9911E+00  3.0733E+01   2.0298E-02  8.8564E-02   1.4079E-02  1.4893E-01   0.0000E+00  0.0000E+00   
1.00E+03  0.001  0.513   1.5895E-06  6.6485E-06   3.8316E-03  6.8562E-03   0.0000E+00  0.0000E+00   0.0000E+00  0.0000E+00   
1.00E+03  0.009  0.493   8.0230E-07  3.3622E-06 1.00E+01  0.001  0.509   4.1331E-08  1.7285E-07   3.8316E-03  6.8562E-03   0.0000E+00  0.0000E+00   0.0000E+00  0.0000E+00   
1.00E+01  0.009  0.453   8.1037E-09  3.3958E-08   3.8316E-03  6.8562E-03   0.0000E+00  0.0000E+00   0.0000E+00  0.0000E+00   
1.00E+01  0.017  0.377   5.9291E-09  2.4908E-08   3.8316E-03  6.8562E-03   0.0000E+00  0.0000E+00   0.0000E+00  0.0000E+00   
1.00E+01  0.034  0.205   4.6906E-09  1.9819E-08   3.8316E-03  6.8562E-03   2.4546E-163 2.5739E-164  0.0000E+00  0.0000E+00   
1.00E+01  0.060  0.008   1.7660E-08  7.5367E-08   3.8316E-03  6.8562E-03   5.3526E-94  9.9213E-95   0.0000E+00  0.0000E+00   
1.00E+01  0.086  0.000   3.4286E-07  1.4799E-06   3.8313E-03  6.8557E-03   5.0958E-67  1.3625E-67   0.0000E+00  0.0000E+00   
1.00E+01  0.129  0.000   4.8960E-06  2.1588E-05   3.8282E-03  6.8493E-03   6.9162E-46  2.8170E-46   0.0000E+00  0.0000E+00   
1.00E+01  0.172  0.000   2.2477E-05  1.0150E-04   3.8194E-03  6.8306E-03   3.3768E-35  1.8610E-35   0.0000E+00  0.0000E+00   
1.00E+01  0.259  0.000   1.3999E-04  6.6644E-04   3.7841E-03  6.7581E-03   2.4207E-24  2.0564E-24   0.0000E+00  0.0000E+00   
1.00E+01  0.431  0.000   1.0713E-03  5.7244E-03   3.7013E-03  6.6293E-03   2.1128E-15  3.1346E-15   0.0000E+00  0.0000E+00   
1.00E+01  0.862  0.000   1.6294E-02  1.1515E-01   4.1570E-03  8.9122E-03   2.8855E-08  9.2625E-08   0.0000E+00  0.0000E+00   
1.00E+01  2.585  0.000   1.9911E+00  3.0733E+01   2.0298E-02  8.8564E-02   1.4079E-02  1.4893E-01   0.0000E+00  0.0000E+00   
1.00E+02  0.001  0.511   4.2115E-07  1.7614E-06   3.8316E-03  6.8562E-03   0.0000E+00  0.0000E+00   0.0000E+00  0.0000E+00   
1.00E+02  0.009  0.473   8.0961E-08  3.3926E-07   3.8316E-03  6.8562E-03   0.0000E+00  0.0000E+00   0.0000E+00  0.0000E+00   
1.00E+02  0.017  0.416   5.9264E-08  2.4897E-07   3.8316E-03  6.8562E-03   0.0000E+00  0.0000E+00   0.0000E+00  0.0000E+00   
1.00E+02  0.034  0.284   4.6900E-08  1.9817E-07   3.8316E-03  6.8562E-03   2.4536E-164 2.5729E-165  0.0000E+00  0.0000E+00   
1.00E+02  0.060  0.065   4.5717E-08  1.9511E-07   3.8316E-03  6.8562E-03   2.0673E-94  3.8319E-95   0.0000E+00  0.0000E+00   
1.00E+02  0.086  0.005   3.6040E-07  1.5556E-06   3.8313E-03  6.8557E-03   4.8476E-67  1.2961E-67   0.0000E+00  0.0000E+00   
1.00E+02  0.129  0.000   4.9123E-06  2.1660E-05   3.8282E-03  6.8493E-03   6.8932E-46  2.8076E-46   0.0000E+00  0.0000E+00   
1.00E+02  0.172  0.000   2.2493E-05  1.0157E-04   3.8194E-03  6.8306E-03   3.3743E-35  1.8596E-35   0.0000E+00  0.0000E+00   
1.00E+02  0.259  0.000   1.4001E-04  6.6652E-04   3.7841E-03  6.7581E-03   2.4204E-24  2.0561E-24   0.0000E+00  0.0000E+00   
1.00E+02  0.431  0.000   1.0713E-03  5.7245E-03   3.7013E-03  6.6293E-03   2.1127E-15  3.1346E-15   0.0000E+00  0.0000E+00   
1.00E+02  0.862  0.000   1.6294E-02  1.1515E-01   4.1570E-03  8.9122E-03   2.8855E-08  9.2625E-08   0.0000E+00  0.0000E+00   
1.00E+02  2.585  0.000   1.9911E+00  3.0733E+01   2.0298E-02  8.8564E-02   1.4079E-02  1.4893E-01   0.0000E+00  0.0000E+00   
1.00E+03  0.001  0.513   1.5895E-06  6.6485E-06   3.8316E-03  6.8562E-03   0.0000E+00  0.0000E+00   0.0000E+00  0.0000E+00   
1.00E+03  0.009  0.493   8.0230E-07  3.3622E-06   3.8316E-03  6.8562E-03   0.0000E+00  0.0000E+00   0.0000E+00  0.0000E+00   
1.00E+03  0.009  0.493   8.0230E-07  3.3622E-06 1.00E+01  0.001  0.509   4.1331E-08  1.7285E-07   3.8316E-03  6.8562E-03   0.0000E+00  0.0000E+00   0.0000E+00  0.0000E+00   
1.00E+03  0.017  0.456   5.8997E-07  2.4786E-06   3.8316E-03  6.8562E-03   0.0000E+00  0.0000E+00   0.0000E+00  0.0000E+00   
1.00E+03  0.034  0.364   4.6849E-07  1.9796E-06   3.8316E-03  6.8562E-03   2.4435E-165 2.5622E-166  0.0000E+00  0.0000E+00   
1.00E+03  0.060  0.197   4.0505E-07  1.7287E-06   3.8316E-03  6.8562E-03   2.3289E-95  4.3168E-96   0.0000E+00  0.0000E+00   
1.00E+03  0.086  0.046   5.7890E-07  2.4988E-06   3.8313E-03  6.8557E-03   3.0161E-67  8.0642E-68   0.0000E+00  0.0000E+00   
1.00E+03  0.129  0.005   5.0781E-06  2.2392E-05   3.8283E-03  6.8494E-03   6.6667E-46  2.7154E-46   0.0000E+00  0.0000E+00   
1.00E+03  0.172  0.001   2.2655E-05  1.0230E-04   3.8194E-03  6.8307E-03   3.3498E-35  1.8461E-35   0.0000E+00  0.0000E+00   
1.00E+03  0.259  0.000   1.4018E-04  6.6732E-04   3.7841E-03  6.7582E-03   2.4174E-24  2.0536E-24   0.0000E+00  0.0000E+00   
1.00E+03  0.431  0.000   1.0715E-03  5.7255E-03   3.7013E-03  6.6293E-03   2.1123E-15  3.1340E-15   0.0000E+00  0.0000E+00   
1.00E+03  0.862  0.000   1.6294E-02  1.1515E-01   4.1570E-03  8.9122E-03   2.8854E-08  9.2623E-08   0.0000E+00  0.0000E+00   
1.00E+03  2.585  0.000   1.9911E+00  3.0733E+01   2.0298E-02  8.8564E-02   1.4079E-02  1.4893E-01   0.0000E+00  0.0000E+00   
1.00E+04  0.001  0.523   9.0568E-06  3.7925E-05   3.8316E-03  6.8562E-03   0.0000E+00  0.0000E+00   0.0000E+00  0.0000E+00   
1.00E+04  0.009  0.516   6.8802E-06  2.8849E-05   3.8316E-03  6.8562E-03   0.0000E+00  0.0000E+00   0.0000E+00  0.0000E+00   
1.00E+04  0.017  0.498   5.6532E-06  2.3760E-05   3.8316E-03  6.8562E-03   0.0000E+00  0.0000E+00   0.0000E+00  0.0000E+00   
1.00E+04  0.034  0.444   4.6361E-06  1.9595E-05   3.8316E-03  6.8562E-03   2.3445E-166 2.4584E-167  0.0000E+00  0.0000E+00   
1.00E+04  0.060  0.337   4.0317E-06  1.7210E-05   3.8316E-03  6.8562E-03   2.2961E-96  4.2559E-97   0.0000E+00  0.0000E+00   
1.00E+04  0.086  0.209   3.8071E-06  1.6436E-05   3.8314E-03  6.8558E-03   4.5453E-68  1.2153E-68   0.0000E+00  0.0000E+00   
1.00E+04  0.129  0.047   7.0212E-06  3.0962E-05   3.8285E-03  6.8500E-03   4.8101E-46  1.9592E-46   0.0000E+00  0.0000E+00   
1.00E+04  0.172  0.014   2.4339E-05  1.0991E-04   3.8197E-03  6.8314E-03   3.1146E-35  1.7165E-35   0.0000E+00  0.0000E+00   
1.00E+04  0.259  0.004   1.4187E-04  6.7538E-04   3.7843E-03  6.7588E-03   2.3877E-24  2.0284E-24   0.0000E+00  0.0000E+00   
1.00E+04  0.431  0.001   1.0735E-03  5.7361E-03   3.7015E-03  6.6298E-03   2.1083E-15  3.1280E-15   0.0000E+00  0.0000E+00   
1.00E+04  0.862  0.000   1.6297E-02  1.1517E-01   4.1571E-03  8.9124E-03   2.8849E-08  9.2604E-08   0.0000E+00  0.0000E+00   
1.00E+04  2.585  0.000   1.9911E+00  3.0734E+01   2.0298E-02  8.8564E-02   1.4079E-02  1.4893E-01   0.0000E+00  0.0000E+00   
1.00E+05  0.001  0.565   4.9411E-05  2.0800E-04   3.8316E-03  6.8562E-03   0.0000E+00  0.0000E+00   0.0000E+00  0.0000E+00   
1.00E+05  0.009  0.563   4.8123E-05  2.0268E-04   3.8316E-03  6.8562E-03   0.0000E+00  0.0000E+00   0.0000E+00  0.0000E+00   
1.00E+05  0.017  0.558   4.6463E-05  1.9600E-04   3.8316E-03  6.8562E-03   0.0000E+00  0.0000E+00   0.0000E+00  0.0000E+00   
1.00E+05  0.034  0.537   4.2811E-05  1.8145E-04   3.8316E-03  6.8562E-03   1.5824E-167 1.6593E-168  0.0000E+00  0.0000E+00   
1.00E+05  0.060  0.485   3.9214E-05  1.6775E-04   3.8316E-03  6.8562E-03   1.9710E-97  3.6533E-98   0.0000E+00  0.0000E+00   
1.00E+05  0.086  0.413   3.7327E-05  1.6141E-04   3.8314E-03  6.8558E-03   4.2290E-69  1.1307E-69   0.0000E+00  0.0000E+00   
1.00E+05  0.129  0.265   3.6653E-05  1.6181E-04   3.8289E-03  6.8513E-03   8.8846E-47  3.6188E-47   0.0000E+00  0.0000E+00   
1.00E+05  0.172  0.128   4.6613E-05  2.1062E-04   3.8213E-03  6.8361E-03   1.6032E-35  8.8353E-36   0.0000E+00  0.0000E+00   
1.00E+05  0.259  0.035   1.5982E-04  7.6107E-04   3.7865E-03  6.7648E-03   2.1109E-24  1.7933E-24   0.0000E+00  0.0000E+00   
1.00E+05  0.431  0.009   1.0933E-03  5.8425E-03   3.7032E-03  6.6341E-03   2.0682E-15  3.0686E-15   0.0000E+00  0.0000E+00   
1.00E+05  0.862  0.002   1.6329E-02  1.1540E-01   4.1578E-03  8.9142E-03   2.8789E-08  9.2413E-08   0.0000E+00  0.0000E+00   
1.00E+05  2.585  0.000   1.9913E+00  3.0736E+01   2.0298E-02  8.8565E-02   1.4078E-02  1.4892E-01   0.0000E+00  0.0000E+00   
1.00E+06  0.001  0.726   3.5729E-04  1.5389E-03   3.8316E-03  6.8562E-03   0.0000E+00  0.0000E+00   0.0000E+00  0.0000E+00   
1.00E+06  0.009  0.725   3.5472E-04  1.5279E-03   3.8316E-03  6.8562E-03   0.0000E+00  0.0000E+00   0.0000E+00  0.0000E+00   
1.00E+06  0.017  0.724   3.5566E-04  1.5330E-03   3.8316E-03  6.8562E-03   0.0000E+00  0.0000E+00   0.0000E+00  0.0000E+00   
1.00E+06  0.034  0.718   3.5520E-04  1.5348E-03   3.8316E-03  6.8562E-03   8.4261E-170 8.8356E-171  0.0000E+00  0.0000E+00   
1.00E+06  0.060  0.700   3.5405E-04  1.5392E-03   3.8316E-03  6.8562E-03   5.5571E-99  1.0300E-99   0.0000E+00  0.0000E+00   
1.00E+06  0.086  0.672   3.5294E-04  1.5474E-03   3.8314E-03  6.8558E-03   2.1021E-70  5.6205E-71   0.0000E+00  0.0000E+00   
1.00E+06  0.129  0.604   3.5333E-04  1.5765E-03   3.8290E-03  6.8516E-03   6.4791E-48  2.6390E-48   0.0000E+00  0.0000E+00   
1.00E+06  0.172  0.512   3.5817E-04  1.6316E-03   3.8228E-03  6.8406E-03   1.7305E-36  9.5370E-37   0.0000E+00  0.0000E+00   
1.00E+06  0.259  0.299   4.1838E-04  2.0004E-03   3.7975E-03  6.7949E-03   7.6212E-25  6.4742E-25   0.0000E+00  0.0000E+00   
1.00E+06  0.431  0.091   1.3098E-03  7.0087E-03   3.7188E-03  6.6732E-03   1.7093E-15  2.5359E-15   0.0000E+00  0.0000E+00   
1.00E+06  0.862  0.020   1.6651E-02  1.1770E-01   4.1655E-03  8.9324E-03   2.8203E-08  9.0531E-08   0.0000E+00  0.0000E+00   
1.00E+06  2.585  0.002   1.9927E+00  3.0758E+01   2.0301E-02  8.8576E-02   1.4068E-02  1.4881E-01   0.0000E+00  0.0000E+00   
1.00E+07  0.001  1.223   3.5461E-03  1.6479E-02   3.8316E-03  6.8562E-03   0.0000E+00  0.0000E+00   0.0000E+00  0.0000E+00   
1.00E+07  0.009  1.222   3.5384E-03  1.6443E-02   3.8316E-03  6.8562E-03   0.0000E+00  0.0000E+00   0.0000E+00  0.0000E+00   
1.00E+07  0.017  1.222   3.5395E-03  1.6452E-02   3.8316E-03  6.8562E-03   0.0000E+00  0.0000E+00   0.0000E+00  0.0000E+00   
1.00E+07  0.034  1.219   3.5474E-03  1.6506E-02   3.8316E-03  6.8562E-03   4.0621E-176 4.2595E-177  0.0000E+00  0.0000E+00   
1.00E+07  0.060  1.212   3.5630E-03  1.6627E-02   3.8316E-03  6.8562E-03   1.1510E-102 2.1334E-103  0.0000E+00  0.0000E+00   
1.00E+07  0.086  1.200   3.5870E-03  1.6811E-02   3.8314E-03  6.8558E-03   4.5694E-73  1.2217E-73   0.0000E+00  0.0000E+00   
1.00E+07  0.129  1.173   3.6426E-03  1.7247E-02   3.8290E-03  6.8516E-03   7.9532E-50  3.2394E-50   0.0000E+00  0.0000E+00   
1.00E+07  0.172  1.133   3.7147E-03  1.7826E-02   3.8230E-03  6.8411E-03   4.7078E-38  2.5945E-38   0.0000E+00  0.0000E+00   
1.00E+07  0.259  1.021   3.9035E-03  1.9392E-02   3.8035E-03  6.8114E-03   4.6561E-26  3.9554E-26   0.0000E+00  0.0000E+00   
1.00E+07  0.431  0.698   4.6696E-03  2.5407E-02   3.7784E-03  6.8240E-03   4.1820E-16  6.2046E-16   0.0000E+00  0.0000E+00   
1.00E+07  0.862  0.196   2.0204E-02  1.4316E-01   4.2356E-03  9.0995E-03   2.2987E-08  7.3785E-08   0.0000E+00  0.0000E+00   
1.00E+07  2.585  0.021   2.0067E+00  3.0977E+01   2.0325E-02  8.8688E-02   1.3967E-02  1.4773E-01   0.0000E+00  0.0000E+00   
1.00E+08  0.001  2.447   4.8122E-02  2.6787E-01   3.8316E-03  6.8562E-03   0.0000E+00  0.0000E+00   0.0000E+00  0.0000E+00   
1.00E+08  0.009  2.447   4.8084E-02  2.6764E-01   3.8316E-03  6.8562E-03   0.0000E+00  0.0000E+00   0.0000E+00  0.0000E+00   
1.00E+08  0.017  2.446   4.8072E-02  2.6760E-01   3.8316E-03  6.8562E-03   0.0000E+00  0.0000E+00   0.0000E+00  0.0000E+00   
1.00E+08  0.034  2.445   4.8128E-02  2.6804E-01   3.8316E-03  6.8562E-03   1.4461E-191 1.5164E-192  0.0000E+00  0.0000E+00   
1.00E+08  0.060  2.442   4.8222E-02  2.6891E-01   3.8316E-03  6.8562E-03   1.6036E-111 2.9724E-112  0.0000E+00  0.0000E+00   
1.00E+08  0.086  2.437   4.8370E-02  2.7026E-01   3.8314E-03  6.8558E-03   2.6908E-79  7.1944E-80   0.0000E+00  0.0000E+00   
1.00E+08  0.129  2.424   4.8721E-02  2.7347E-01   3.8290E-03  6.8516E-03   4.9709E-54  2.0247E-54   0.0000E+00  0.0000E+00   
1.00E+08  0.172  2.406   4.9188E-02  2.7780E-01   3.8230E-03  6.8411E-03   2.9235E-41  1.6112E-41   0.0000E+00  0.0000E+00   
1.00E+08  0.259  2.355   5.0443E-02  2.8974E-01   3.8039E-03  6.8125E-03   2.6793E-28  2.2761E-28   0.0000E+00  0.0000E+00   
1.00E+08  0.431  2.192   5.4385E-02  3.2860E-01   3.7985E-03  6.8750E-03   1.3051E-17  1.9363E-17   0.0000E+00  0.0000E+00   
1.00E+08  0.862  1.493   7.8257E-02  5.7195E-01   4.5101E-03  9.7625E-03   5.1038E-09  1.6380E-08   0.0000E+00  0.0000E+00   
1.00E+08  2.585  0.209   2.1517E+00  3.3250E+01   2.0564E-02  8.9779E-02   1.2992E-02  1.3740E-01   0.0000E+00  0.0000E+00   
1.00E+09  0.001  5.181   9.1341E-01  6.9969E+00   3.8316E-03  6.8562E-03   0.0000E+00  0.0000E+00   0.0000E+00  0.0000E+00   
1.00E+09  0.009  5.180   9.1302E-01  6.9936E+00   3.8316E-03  6.8562E-03   0.0000E+00  0.0000E+00   0.0000E+00  0.0000E+00   
1.00E+09  0.017  5.180   9.1283E-01  6.9922E+00   3.8316E-03  6.8562E-03   0.0000E+00  0.0000E+00   0.0000E+00  0.0000E+00   
1.00E+09  0.034  5.180   9.1332E-01  6.9972E+00   3.8316E-03  6.8562E-03   5.0869E-226 5.3341E-227  0.0000E+00  0.0000E+00   
1.00E+09  0.060  5.178   9.1402E-01  7.0057E+00   3.8316E-03  6.8562E-03   3.1934E-131 5.9192E-132  0.0000E+00  0.0000E+00   
1.00E+09  0.086  5.176   9.1515E-01  7.0191E+00   3.8314E-03  6.8558E-03   4.2191E-93  1.1281E-93   0.0000E+00  0.0000E+00   
1.00E+09  0.129  5.170   9.1788E-01  7.0506E+00   3.8290E-03  6.8516E-03   2.9535E-63  1.2030E-63   0.0000E+00  0.0000E+00   
1.00E+09  0.172  5.161   9.2156E-01  7.0920E+00   3.8230E-03  6.8411E-03   3.3278E-48  1.8340E-48   0.0000E+00  0.0000E+00   
1.00E+09  0.259  5.138   9.3139E-01  7.2025E+00   3.8039E-03  6.8125E-03   5.6603E-33  4.8084E-33   0.0000E+00  0.0000E+00   
1.00E+09  0.431  5.062   9.6251E-01  7.5667E+00   3.7991E-03  6.8767E-03   1.6696E-20  2.4771E-20   0.0000E+00  0.0000E+00   
1.00E+09  0.862  4.708   1.1349E+00  9.7591E+00   4.5982E-03  9.9785E-03   1.2241E-10  3.9285E-10   0.0000E+00  0.0000E+00   
1.00E+09  2.585  1.972   4.1058E+00  6.4238E+01   2.2358E-02  9.7955E-02   6.5820E-03  6.9533E-02   0.0000E+00  0.0000E+00   
1.00E+10  0.001  11.119  2.6608E+01  3.1223E+02   3.8316E-03  6.8562E-03   0.0000E+00  0.0000E+00   0.0000E+00  0.0000E+00   
1.00E+10  0.009  11.118  2.6598E+01  3.1210E+02   3.8316E-03  6.8562E-03   0.0000E+00  0.0000E+00   0.0000E+00  0.0000E+00   
1.00E+10  0.017  11.118  2.6595E+01  3.1206E+02   3.8316E-03  6.8562E-03   0.0000E+00  0.0000E+00   0.0000E+00  0.0000E+00   
1.00E+10  0.034  11.118  2.6601E+01  3.1215E+02   3.8316E-03  6.8562E-03   7.7321E-301 8.1078E-302  0.0000E+00  0.0000E+00   
1.00E+10  0.060  11.117  2.6608E+01  3.1228E+02   3.8316E-03  6.8562E-03   5.5590E-174 1.0304E-174  0.0000E+00  0.0000E+00   
1.00E+10  0.086  11.116  2.6619E+01  3.1249E+02   3.8314E-03  6.8558E-03   4.8664E-123 1.3011E-123  0.0000E+00  0.0000E+00   
1.00E+10  0.129  11.113  2.6651E+01  3.1301E+02   3.8290E-03  6.8516E-03   3.1695E-83  1.2910E-83   0.0000E+00  0.0000E+00   
1.00E+10  0.172  11.109  2.6698E+01  3.1373E+02   3.8230E-03  6.8411E-03   3.4195E-63  1.8845E-63   0.0000E+00  0.0000E+00   
1.00E+10  0.259  11.098  2.6825E+01  3.1559E+02   3.8039E-03  6.8125E-03   5.4874E-43  4.6616E-43   0.0000E+00  0.0000E+00   
1.00E+10  0.431  11.063  2.7172E+01  3.2122E+02   3.7991E-03  6.8767E-03   1.4914E-26  2.2127E-26   0.0000E+00  0.0000E+00   
1.00E+10  0.862  10.898  2.8688E+01  3.5264E+02   4.6004E-03  9.9840E-03   9.2882E-14  2.9807E-13   0.0000E+00  0.0000E+00   
1.00E+10  2.585  9.163   4.3951E+01  7.7296E+02   2.4584E-02  1.0809E-01   4.0869E-04  4.3126E-03   0.0000E+00  0.0000E+00   
1.00E+11  0.001  23.934  1.0697E+03  2.2738E+04   3.8316E-03  6.8562E-03   0.0000E+00  0.0000E+00   0.0000E+00  0.0000E+00   
1.00E+11  0.009  23.934  1.0695E+03  2.2734E+04   3.8316E-03  6.8562E-03   0.0000E+00  0.0000E+00   0.0000E+00  0.0000E+00   
1.00E+11  0.017  23.933  1.0695E+03  2.2733E+04   3.8316E-03  6.8562E-03   0.0000E+00  0.0000E+00   0.0000E+00  0.0000E+00   
1.00E+11  0.034  23.934  1.0696E+03  2.2735E+04   3.8316E-03  6.8562E-03   0.0000E+00  0.0000E+00   0.0000E+00  0.0000E+00   
1.00E+11  0.060  23.933  1.0696E+03  2.2738E+04   3.8316E-03  6.8562E-03   2.9770E-266 5.5181E-267  0.0000E+00  0.0000E+00   
1.00E+11  0.086  23.933  1.0698E+03  2.2742E+04   3.8314E-03  6.8558E-03   1.2426E-187 3.3223E-188  0.0000E+00  0.0000E+00   
1.00E+11  0.129  23.931  1.0702E+03  2.2756E+04   3.8290E-03  6.8516E-03   2.7172E-126 1.1067E-126  0.0000E+00  0.0000E+00   
1.00E+11  0.172  23.930  1.0711E+03  2.2778E+04   3.8230E-03  6.8411E-03   1.6928E-95  9.3293E-96   0.0000E+00  0.0000E+00   
1.00E+11  0.259  23.924  1.0732E+03  2.2836E+04   3.8039E-03  6.8125E-03   1.5580E-64  1.3235E-64   0.0000E+00  0.0000E+00   
1.00E+11  0.431  23.908  1.0761E+03  2.2951E+04   3.7991E-03  6.8767E-03   1.6846E-39  2.4994E-39   0.0000E+00  0.0000E+00   
1.00E+11  0.862  23.832  1.0687E+03  2.3217E+04   4.6004E-03  9.9840E-03   2.8174E-20  9.0415E-20   0.0000E+00  0.0000E+00   
1.00E+11  2.585  23.015  1.0802E+03  2.7573E+04   2.4755E-02  1.0886E-01   1.9245E-06  2.0306E-05   0.0000E+00  0.0000E+00   
