rhoYe is density times electron fraction [g/cm^3], T is temperature [MeV], mu_e is electron chemical potential [MeV]
e-(+) cap is electron (positron) capture, e-(+) dec is electron (positron) decay
For each process, first column is neutrino production [neutrinos/baryon second] and second column is energy loss [MeV/baryon second].
rhoYe     T      mu_e    e- cap                   e+ dec                   e+ cap                   e- dec                   
1.00E+01  0.001  0.509   1.4305E-07  9.0191E-07   9.0872E-02  4.5409E-01   0.0000E+00  0.0000E+00   0.0000E+00  0.0000E+00   
1.00E+01  0.009  0.453   2.6532E-08  1.6352E-07   8.0237E-02  3.9461E-01   0.0000E+00  0.0000E+00   0.0000E+00  0.0000E+00   
1.00E+01  0.017  0.377   1.8554E-08  1.1230E-07   7.2345E-02  3.5048E-01   0.0000E+00  0.0000E+00   0.0000E+00  0.0000E+00   
1.00E+01  0.034  0.205   1.4098E-08  8.4445E-08   6.7216E-02  3.2180E-01   0.0000E+00  0.0000E+00   0.0000E+00  0.0000E+00   
1.00E+01  0.060  0.008   5.1548E-08  3.0837E-07   6.4815E-02  3.0837E-01   0.0000E+00  0.0000E+00   0.0000E+00  0.0000E+00   
1.00E+01  0.086  0.000   9.8281E-07  5.8989E-06   6.3827E-02  3.0285E-01   0.0000E+00  0.0000E+00   0.0000E+00  0.0000E+00   
1.00E+01  0.129  0.000   1.3741E-05  8.3258E-05   6.3051E-02  2.9852E-01   0.0000E+00  0.0000E+00   0.0000E+00  0.0000E+00   
1.00E+01  0.172  0.000   6.2113E-05  3.8102E-04   6.2700E-02  2.9667E-01   0.0000E+00  0.0000E+00   0.0000E+00  0.0000E+00   
1.00E+01  0.259  0.000   3.7850E-04  2.3944E-03   6.2929E-02  2.9944E-01   0.0000E+00  0.0000E+00   0.0000E+00  0.0000E+00   
1.00E+01  0.431  0.000   2.8157E-03  1.9281E-02   6.8035E-02  3.4092E-01   0.0000E+00  0.0000E+00   0.0000E+00  0.0000E+00   
1.00E+01  0.862  0.000   3.8121E-02  3.2926E-01   9.7566E-02  5.8146E-01   0.0000E+00  0.0000E+00   0.0000E+00  0.0000E+00   
1.00E+01  2.585  0.000   2.2784E+00  3.9204E+01   1.7180E-01  1.2016E+00   0.0000E+00  0.0000E+00   0.0000E+00  0.0000E+00   
1.00E+01  0.001  0.509   1.4305E-07  9.0191E-07   9.0872E-02  4.5409E-01   0.0000E+00  0.0000E+00   0.0000E+00  0.0000E+00   
1.00E+01  0.009  0.453   2.6532E-08  1.6352E-07   8.0237E-02  3.9461E-01   0.0000E+00  0.0000E+00   0.0000E+00  0.0000E+00   
1.00E+01  0.017  0.377   1.8554E-08  1.1230E-07   7.2345E-02  3.5048E-01   0.0000E+00  0.0000E+00   0.0000E+00  0.0000E+00   
1.00E+01  0.034  0.205   1.4098E-08  8.4445E-08   6.7216E-02  3.2180E-01   0.0000E+00  0.0000E+00   0.0000E+00  0.0000E+00   
1.00E+01  0.060  0.008   5.1548E-08  3.0837E-07   6.4815E-02  3.0837E-01   0.0000E+00  0.0000E+00   0.0000E+00  0.0000E+00   
1.00E+01  0.086  0.000   9.8281E-07  5.8989E-06   6.3827E-02  3.0285E-01   0.0000E+00  0.0000E+00   0.0000E+00  0.0000E+00   
1.00E+01  0.129  0.000   1.3741E-05  8.3258E-05   6.3051E-02  2.9852E-01   0.0000E+00  0.0000E+00   0.0000E+00  0.0000E+00   
1.00E+01  0.172  0.000   6.2113E-05  3.8102E-04   6.2700E-02  2.9667E-01   0.0000E+00  0.0000E+00   0.0000E+00  0.0000E+00   
1.00E+01  0.259  0.000   3.7850E-04  2.3944E-03   6.2929E-02  2.9944E-01   0.0000E+00  0.0000E+00   0.0000E+00  0.0000E+00   
1.00E+01  0.431  0.000   2.8157E-03  1.9281E-02   6.8035E-02  3.4092E-01   0.0000E+00  0.0000E+00   0.0000E+00  0.0000E+00   
1.00E+01  0.862  0.000   3.8121E-02  3.2926E-01   9.7566E-02  5.8146E-01   0.0000E+00  0.0000E+00   0.0000E+00  0.0000E+00   
1.00E+01  2.585  0.000   2.2784E+00  3.9204E+01   1.7180E-01  1.2016E+00   0.0000E+00  0.0000E+00   0.0000E+00  0.0000E+00   
1.00E+02  0.001  0.511   1.4575E-06  9.1893E-06   9.0872E-02  4.5409E-01   0.0000E+00  0.0000E+00   0.0000E+00  0.0000E+00   
1.00E+02  0.009  0.473   2.6506E-07  1.6335E-06   8.0237E-02  3.9461E-01   0.0000E+00  0.0000E+00   0.0000E+00  0.0000E+00   
1.00E+02  0.017  0.416   1.8545E-07  1.1225E-06   7.2345E-02  3.5048E-01   0.0000E+00  0.0000E+00   0.0000E+00  0.0000E+00   
1.00E+02  0.034  0.284   1.4096E-07  8.4434E-07   6.7216E-02  3.2180E-01   0.0000E+00  0.0000E+00   0.0000E+00  0.0000E+00   
1.00E+02  0.060  0.065   1.3345E-07  7.9830E-07   6.4815E-02  3.0837E-01   0.0000E+00  0.0000E+00   0.0000E+00  0.0000E+00   
1.00E+02  0.086  0.005   1.0331E-06  6.2006E-06   6.3827E-02  3.0285E-01   0.0000E+00  0.0000E+00   0.0000E+00  0.0000E+00   
1.00E+02  0.129  0.000   1.3787E-05  8.3535E-05   6.3051E-02  2.9852E-01   0.0000E+00  0.0000E+00   0.0000E+00  0.0000E+00   
1.00E+02  0.172  0.000   6.2157E-05  3.8129E-04   6.2700E-02  2.9667E-01   0.0000E+00  0.0000E+00   0.0000E+00  0.0000E+00   
1.00E+02  0.259  0.000   3.7855E-04  2.3947E-03   6.2929E-02  2.9944E-01   0.0000E+00  0.0000E+00   0.0000E+00  0.0000E+00   
1.00E+02  0.431  0.000   2.8158E-03  1.9281E-02   6.8035E-02  3.4092E-01   0.0000E+00  0.0000E+00   0.0000E+00  0.0000E+00   
1.00E+02  0.862  0.000   3.8122E-02  3.2926E-01   9.7566E-02  5.8146E-01   0.0000E+00  0.0000E+00   0.0000E+00  0.0000E+00   
1.00E+02  2.585  0.000   2.2784E+00  3.9204E+01   1.7180E-01  1.2016E+00   0.0000E+00  0.0000E+00   0.0000E+00  0.0000E+00   
1.00E+01  0.001  0.509   1.4305E-07  9.0191E-07   9.0872E-02  4.5409E-01   0.0000E+00  0.0000E+00   0.0000E+00  0.0000E+00   
1.00E+01  0.009  0.453   2.6532E-08  1.6352E-07   8.0237E-02  3.9461E-01   0.0000E+00  0.0000E+00   0.0000E+00  0.0000E+00   
1.00E+01  0.017  0.377   1.8554E-08  1.1230E-07   7.2345E-02  3.5048E-01   0.0000E+00  0.0000E+00   0.0000E+00  0.0000E+00   
1.00E+01  0.034  0.205   1.4098E-08  8.4445E-08   6.7216E-02  3.2180E-01   0.0000E+00  0.0000E+00   0.0000E+00  0.0000E+00   
1.00E+01  0.060  0.008   5.1548E-08  3.0837E-07   6.4815E-02  3.0837E-01   0.0000E+00  0.0000E+00   0.0000E+00  0.0000E+00   
1.00E+01  0.086  0.000   9.8281E-07  5.8989E-06   6.3827E-02  3.0285E-01   0.0000E+00  0.0000E+00   0.0000E+00  0.0000E+00   
1.00E+01  0.129  0.000   1.3741E-05  8.3258E-05   6.3051E-02  2.9852E-01   0.0000E+00  0.0000E+00   0.0000E+00  0.0000E+00   
1.00E+01  0.172  0.000   6.2113E-05  3.8102E-04   6.2700E-02  2.9667E-01   0.0000E+00  0.0000E+00   0.0000E+00  0.0000E+00   
1.00E+01  0.259  0.000   3.7850E-04  2.3944E-03   6.2929E-02  2.9944E-01   0.0000E+00  0.0000E+00   0.0000E+00  0.0000E+00   
1.00E+01  0.431  0.000   2.8157E-03  1.9281E-02   6.8035E-02  3.4092E-01   0.0000E+00  0.0000E+00   0.0000E+00  0.0000E+00   
1.00E+01  0.862  0.000   3.8121E-02  3.2926E-01   9.7566E-02  5.8146E-01   0.0000E+00  0.0000E+00   0.0000E+00  0.0000E+00   
1.00E+01  2.585  0.000   2.2784E+00  3.9204E+01   1.7180E-01  1.2016E+00   0.0000E+00  0.0000E+00   0.0000E+00  0.0000E+00   
1.00E+02  0.001  0.511   1.4575E-06  9.1893E-06   9.0872E-02  4.5409E-01   0.0000E+00  0.0000E+00   0.0000E+00  0.0000E+00   
1.00E+02  0.009  0.473   2.6506E-07  1.6335E-06   8.0237E-02  3.9461E-01   0.0000E+00  0.0000E+00   0.0000E+00  0.0000E+00   
1.00E+02  0.017  0.416   1.8545E-07  1.1225E-06   7.2345E-02  3.5048E-01   0.0000E+00  0.0000E+00   0.0000E+00  0.0000E+00   
1.00E+02  0.034  0.284   1.4096E-07  8.4434E-07   6.7216E-02  3.2180E-01   0.0000E+00  0.0000E+00   0.0000E+00  0.0000E+00   
1.00E+02  0.060  0.065   1.3345E-07  7.9830E-07   6.4815E-02  3.0837E-01   0.0000E+00  0.0000E+00   0.0000E+00  0.0000E+00   
1.00E+02  0.086  0.005   1.0331E-06  6.2006E-06   6.3827E-02  3.0285E-01   0.0000E+00  0.0000E+00   0.0000E+00  0.0000E+00   
1.00E+02  0.129  0.000   1.3787E-05  8.3535E-05   6.3051E-02  2.9852E-01   0.0000E+00  0.0000E+00   0.0000E+00  0.0000E+00   
1.00E+02  0.172  0.000   6.2157E-05  3.8129E-04   6.2700E-02  2.9667E-01   0.0000E+00  0.0000E+00   0.0000E+00  0.0000E+00   
1.00E+02  0.259  0.000   3.7855E-04  2.3947E-03   6.2929E-02  2.9944E-01   0.0000E+00  0.0000E+00   0.0000E+00  0.0000E+00   
1.00E+02  0.431  0.000   2.8158E-03  1.9281E-02   6.8035E-02  3.4092E-01   0.0000E+00  0.0000E+00   0.0000E+00  0.0000E+00   
1.00E+02  0.862  0.000   3.8122E-02  3.2926E-01   9.7566E-02  5.8146E-01   0.0000E+00  0.0000E+00   0.0000E+00  0.0000E+00   
1.00E+02  2.585  0.000   2.2784E+00  3.9204E+01   1.7180E-01  1.2016E+00   0.0000E+00  0.0000E+00   0.0000E+00  0.0000E+00   
1.00E+03  0.001  0.513   5.4975E-06  3.4664E-05   9.0872E-02  4.5409E-01   0.0000E+00  0.0000E+00   0.0000E+00  0.0000E+00   
1.00E+03  0.009  0.493   2.6254E-06  1.6180E-05 1.00E+01  0.001  0.509   1.4305E-07  9.0191E-07   9.0872E-02  4.5409E-01   0.0000E+00  0.0000E+00   0.0000E+00  0.0000E+00   
1.00E+01  0.009  0.453   2.6532E-08  1.6352E-07   8.0237E-02  3.9461E-01   0.0000E+00  0.0000E+00   0.0000E+00  0.0000E+00   
1.00E+01  0.017  0.377   1.8554E-08  1.1230E-07   7.2345E-02  3.5048E-01   0.0000E+00  0.0000E+00   0.0000E+00  0.0000E+00   
1.00E+01  0.034  0.205   1.4098E-08  8.4445E-08   6.7216E-02  3.2180E-01   0.0000E+00  0.0000E+00   0.0000E+00  0.0000E+00   
1.00E+01  0.060  0.008   5.1548E-08  3.0837E-07   6.4815E-02  3.0837E-01   0.0000E+00  0.0000E+00   0.0000E+00  0.0000E+00   
1.00E+01  0.086  0.000   9.8281E-07  5.8989E-06   6.3827E-02  3.0285E-01   0.0000E+00  0.0000E+00   0.0000E+00  0.0000E+00   
1.00E+01  0.129  0.000   1.3741E-05  8.3258E-05   6.3051E-02  2.9852E-01   0.0000E+00  0.0000E+00   0.0000E+00  0.0000E+00   
1.00E+01  0.172  0.000   6.2113E-05  3.8102E-04   6.2700E-02  2.9667E-01   0.0000E+00  0.0000E+00   0.0000E+00  0.0000E+00   
1.00E+01  0.259  0.000   3.7850E-04  2.3944E-03   6.2929E-02  2.9944E-01   0.0000E+00  0.0000E+00   0.0000E+00  0.0000E+00   
1.00E+01  0.431  0.000   2.8157E-03  1.9281E-02   6.8035E-02  3.4092E-01   0.0000E+00  0.0000E+00   0.0000E+00  0.0000E+00   
1.00E+01  0.862  0.000   3.8121E-02  3.2926E-01   9.7566E-02  5.8146E-01   0.0000E+00  0.0000E+00   0.0000E+00  0.0000E+00   
1.00E+01  2.585  0.000   2.2784E+00  3.9204E+01   1.7180E-01  1.2016E+00   0.0000E+00  0.0000E+00   0.0000E+00  0.0000E+00   
1.00E+02  0.001  0.511   1.4575E-06  9.1893E-06   9.0872E-02  4.5409E-01   0.0000E+00  0.0000E+00   0.0000E+00  0.0000E+00   
1.00E+02  0.009  0.473   2.6506E-07  1.6335E-06   8.0237E-02  3.9461E-01   0.0000E+00  0.0000E+00   0.0000E+00  0.0000E+00   
1.00E+02  0.017  0.416   1.8545E-07  1.1225E-06   7.2345E-02  3.5048E-01   0.0000E+00  0.0000E+00   0.0000E+00  0.0000E+00   
1.00E+02  0.034  0.284   1.4096E-07  8.4434E-07   6.7216E-02  3.2180E-01   0.0000E+00  0.0000E+00   0.0000E+00  0.0000E+00   
1.00E+02  0.060  0.065   1.3345E-07  7.9830E-07   6.4815E-02  3.0837E-01   0.0000E+00  0.0000E+00   0.0000E+00  0.0000E+00   
1.00E+02  0.086  0.005   1.0331E-06  6.2006E-06   6.3827E-02  3.0285E-01   0.0000E+00  0.0000E+00   0.0000E+00  0.0000E+00   
1.00E+02  0.129  0.000   1.3787E-05  8.3535E-05   6.3051E-02  2.9852E-01   0.0000E+00  0.0000E+00   0.0000E+00  0.0000E+00   
1.00E+02  0.172  0.000   6.2157E-05  3.8129E-04   6.2700E-02  2.9667E-01   0.0000E+00  0.0000E+00   0.0000E+00  0.0000E+00   
1.00E+02  0.259  0.000   3.7855E-04  2.3947E-03   6.2929E-02  2.9944E-01   0.0000E+00  0.0000E+00   0.0000E+00  0.0000E+00   
1.00E+02  0.431  0.000   2.8158E-03  1.9281E-02   6.8035E-02  3.4092E-01   0.0000E+00  0.0000E+00   0.0000E+00  0.0000E+00   
1.00E+02  0.862  0.000   3.8122E-02  3.2926E-01   9.7566E-02  5.8146E-01   0.0000E+00  0.0000E+00   0.0000E+00  0.0000E+00   
1.00E+02  2.585  0.000   2.2784E+00  3.9204E+01   1.7180E-01  1.2016E+00   0.0000E+00  0.0000E+00   0.0000E+00  0.0000E+00   
1.00E+03  0.001  0.513   5.4975E-06  3.4664E-05   9.0872E-02  4.5409E-01   0.0000E+00  0.0000E+00   0.0000E+00  0.0000E+00   
1.00E+03  0.009  0.493   2.6254E-06  1.6180E-05 1.00E+01  0.001  0.509   1.4305E-07  9.0191E-07   9.0872E-02  4.5409E-01   0.0000E+00  0.0000E+00   0.0000E+00  0.0000E+00   
1.00E+03  0.009  0.493   2.6254E-06  1.6180E-05   8.0237E-02  3.9461E-01   0.0000E+00  0.0000E+00   0.0000E+00  0.0000E+00   
1.00E+03  0.017  0.456   1.8457E-06  1.1172E-05   7.2345E-02  3.5048E-01   0.0000E+00  0.0000E+00   0.0000E+00  0.0000E+00   
1.00E+03  0.034  0.364   1.4079E-06  8.4335E-06   6.7216E-02  3.2180E-01   0.0000E+00  0.0000E+00   0.0000E+00  0.0000E+00   
1.00E+03  0.060  0.197   1.1823E-06  7.0727E-06   6.4815E-02  3.0837E-01   0.0000E+00  0.0000E+00   0.0000E+00  0.0000E+00   
1.00E+03  0.086  0.046   1.6594E-06  9.9597E-06   6.3827E-02  3.0285E-01   0.0000E+00  0.0000E+00   0.0000E+00  0.0000E+00   
1.00E+03  0.129  0.005   1.4252E-05  8.6355E-05   6.3051E-02  2.9852E-01   0.0000E+00  0.0000E+00   0.0000E+00  0.0000E+00   
1.00E+03  0.172  0.001   6.2605E-05  3.8404E-04   6.2701E-02  2.9668E-01   0.0000E+00  0.0000E+00   0.0000E+00  0.0000E+00   
1.00E+03  0.259  0.000   3.7900E-04  2.3976E-03   6.2929E-02  2.9944E-01   0.0000E+00  0.0000E+00   0.0000E+00  0.0000E+00   
1.00E+03  0.431  0.000   2.8163E-03  1.9285E-02   6.8035E-02  3.4092E-01   0.0000E+00  0.0000E+00   0.0000E+00  0.0000E+00   
1.00E+03  0.862  0.000   3.8122E-02  3.2927E-01   9.7566E-02  5.8146E-01   0.0000E+00  0.0000E+00   0.0000E+00  0.0000E+00   
1.00E+03  2.585  0.000   2.2784E+00  3.9204E+01   1.7180E-01  1.2016E+00   0.0000E+00  0.0000E+00   0.0000E+00  0.0000E+00   
1.00E+04  0.001  0.523   3.1010E-05  1.9563E-04   9.0872E-02  4.5409E-01   0.0000E+00  0.0000E+00   0.0000E+00  0.0000E+00   
1.00E+04  0.009  0.516   2.2417E-05  1.3819E-04   8.0237E-02  3.9461E-01   0.0000E+00  0.0000E+00   0.0000E+00  0.0000E+00   
1.00E+04  0.017  0.498   1.7644E-05  1.0682E-04   7.2345E-02  3.5048E-01   0.0000E+00  0.0000E+00   0.0000E+00  0.0000E+00   
1.00E+04  0.034  0.444   1.3918E-05  8.3382E-05   6.7216E-02  3.2180E-01   0.0000E+00  0.0000E+00   0.0000E+00  0.0000E+00   
1.00E+04  0.060  0.337   1.1762E-05  7.0374E-05   6.4815E-02  3.0837E-01   0.0000E+00  0.0000E+00   0.0000E+00  0.0000E+00   
1.00E+04  0.086  0.209   1.0910E-05  6.5490E-05   6.3827E-02  3.0285E-01   0.0000E+00  0.0000E+00   0.0000E+00  0.0000E+00   
1.00E+04  0.129  0.047   1.9704E-05  1.1939E-04   6.3051E-02  2.9852E-01   0.0000E+00  0.0000E+00   0.0000E+00  0.0000E+00   
1.00E+04  0.172  0.014   6.7256E-05  4.1258E-04   6.2701E-02  2.9668E-01   0.0000E+00  0.0000E+00   0.0000E+00  0.0000E+00   
1.00E+04  0.259  0.004   3.8356E-04  2.4265E-03   6.2930E-02  2.9944E-01   0.0000E+00  0.0000E+00   0.0000E+00  0.0000E+00   
1.00E+04  0.431  0.001   2.8214E-03  1.9320E-02   6.8036E-02  3.4093E-01   0.0000E+00  0.0000E+00   0.0000E+00  0.0000E+00   
1.00E+04  0.862  0.000   3.8130E-02  3.2933E-01   9.7566E-02  5.8146E-01   0.0000E+00  0.0000E+00   0.0000E+00  0.0000E+00   
1.00E+04  2.585  0.000   2.2784E+00  3.9204E+01   1.7180E-01  1.2016E+00   0.0000E+00  0.0000E+00   0.0000E+00  0.0000E+00   
1.00E+05  0.001  0.565   1.6351E-04  1.0341E-03   9.0872E-02  4.5409E-01   0.0000E+00  0.0000E+00   0.0000E+00  0.0000E+00   
1.00E+05  0.009  0.563   1.5290E-04  9.4461E-04   8.0237E-02  3.9461E-01   0.0000E+00  0.0000E+00   0.0000E+00  0.0000E+00   
1.00E+05  0.017  0.558   1.4262E-04  8.6503E-04   7.2345E-02  3.5048E-01   0.0000E+00  0.0000E+00   0.0000E+00  0.0000E+00   
1.00E+05  0.034  0.537   1.2743E-04  7.6455E-04   6.7216E-02  3.2180E-01   0.0000E+00  0.0000E+00   0.0000E+00  0.0000E+00   
1.00E+05  0.060  0.485   1.1394E-04  6.8246E-04   6.4815E-02  3.0837E-01   0.0000E+00  0.0000E+00   0.0000E+00  0.0000E+00   
1.00E+05  0.086  0.413   1.0672E-04  6.4115E-04   6.3827E-02  3.0285E-01   0.0000E+00  0.0000E+00   0.0000E+00  0.0000E+00   
1.00E+05  0.129  0.265   1.0275E-04  6.2298E-04   6.3053E-02  2.9853E-01   0.0000E+00  0.0000E+00   0.0000E+00  0.0000E+00   
1.00E+05  0.172  0.128   1.2874E-04  7.9004E-04   6.2706E-02  2.9670E-01   0.0000E+00  0.0000E+00   0.0000E+00  0.0000E+00   
1.00E+05  0.259  0.035   4.3203E-04  2.7336E-03   6.2937E-02  2.9948E-01   0.0000E+00  0.0000E+00   0.0000E+00  0.0000E+00   
1.00E+05  0.431  0.009   2.8733E-03  1.9677E-02   6.8042E-02  3.4096E-01   0.0000E+00  0.0000E+00   0.0000E+00  0.0000E+00   
1.00E+05  0.862  0.002   3.8204E-02  3.2998E-01   9.7570E-02  5.8148E-01   0.0000E+00  0.0000E+00   0.0000E+00  0.0000E+00   
1.00E+05  2.585  0.000   2.2786E+00  3.9207E+01   1.7180E-01  1.2016E+00   0.0000E+00  0.0000E+00   0.0000E+00  0.0000E+00   
1.00E+06  0.001  0.726   1.1278E-03  7.2102E-03   9.0872E-02  4.5409E-01   0.0000E+00  0.0000E+00   0.0000E+00  0.0000E+00   
1.00E+06  0.009  0.725   1.0769E-03  6.7274E-03   8.0237E-02  3.9461E-01   0.0000E+00  0.0000E+00   0.0000E+00  0.0000E+00   
1.00E+06  0.017  0.724   1.0474E-03  6.4235E-03   7.2345E-02  3.5048E-01   0.0000E+00  0.0000E+00   0.0000E+00  0.0000E+00   
1.00E+06  0.034  0.718   1.0237E-03  6.2042E-03   6.7216E-02  3.2180E-01   0.0000E+00  0.0000E+00   0.0000E+00  0.0000E+00   
1.00E+06  0.060  0.700   1.0063E-03  6.0802E-03   6.4815E-02  3.0837E-01   0.0000E+00  0.0000E+00   0.0000E+00  0.0000E+00   
1.00E+06  0.086  0.672   9.9356E-04  6.0145E-03   6.3827E-02  3.0285E-01   0.0000E+00  0.0000E+00   0.0000E+00  0.0000E+00   
1.00E+06  0.129  0.604   9.8138E-04  5.9858E-03   6.3053E-02  2.9853E-01   0.0000E+00  0.0000E+00   0.0000E+00  0.0000E+00   
1.00E+06  0.172  0.512   9.8353E-04  6.0638E-03   6.2711E-02  2.9673E-01   0.0000E+00  0.0000E+00   0.0000E+00  0.0000E+00   
1.00E+06  0.259  0.299   1.1285E-03  7.1577E-03   6.2973E-02  2.9965E-01   0.0000E+00  0.0000E+00   0.0000E+00  0.0000E+00   
1.00E+06  0.431  0.091   3.4406E-03  2.3582E-02   6.8100E-02  3.4124E-01   0.0000E+00  0.0000E+00   0.0000E+00  0.0000E+00   
1.00E+06  0.862  0.020   3.8954E-02  3.3651E-01   9.7609E-02  5.8170E-01   0.0000E+00  0.0000E+00   0.0000E+00  0.0000E+00   
1.00E+06  2.585  0.002   2.2802E+00  3.9234E+01   1.7181E-01  1.2017E+00   0.0000E+00  0.0000E+00   0.0000E+00  0.0000E+00   
1.00E+07  0.001  1.223   1.0583E-02  7.0278E-02   9.0872E-02  4.5409E-01   0.0000E+00  0.0000E+00   0.0000E+00  0.0000E+00   
1.00E+07  0.009  1.222   1.0179E-02  6.6142E-02   8.0237E-02  3.9461E-01   0.0000E+00  0.0000E+00   0.0000E+00  0.0000E+00   
1.00E+07  0.017  1.222   9.8976E-03  6.3207E-02   7.2345E-02  3.5048E-01   0.0000E+00  0.0000E+00   0.0000E+00  0.0000E+00   
1.00E+07  0.034  1.219   9.7310E-03  6.1432E-02   6.7216E-02  3.2180E-01   0.0000E+00  0.0000E+00   0.0000E+00  0.0000E+00   
1.00E+07  0.060  1.212   9.6767E-03  6.0829E-02   6.4815E-02  3.0837E-01   0.0000E+00  0.0000E+00   0.0000E+00  0.0000E+00   
1.00E+07  0.086  1.200   9.6906E-03  6.0919E-02   6.3827E-02  3.0285E-01   0.0000E+00  0.0000E+00   0.0000E+00  0.0000E+00   
1.00E+07  0.129  1.173   9.7792E-03  6.1721E-02   6.3053E-02  2.9853E-01   0.0000E+00  0.0000E+00   0.0000E+00  0.0000E+00   
1.00E+07  0.172  1.133   9.9211E-03  6.3062E-02   6.2712E-02  2.9673E-01   0.0000E+00  0.0000E+00   0.0000E+00  0.0000E+00   
1.00E+07  0.259  1.021   1.0338E-02  6.7124E-02   6.2992E-02  2.9974E-01   0.0000E+00  0.0000E+00   0.0000E+00  0.0000E+00   
1.00E+07  0.431  0.698   1.2178E-02  8.4399E-02   6.8321E-02  3.4231E-01   0.0000E+00  0.0000E+00   0.0000E+00  0.0000E+00   
1.00E+07  0.862  0.196   4.7206E-02  4.0860E-01   9.7966E-02  5.8367E-01   0.0000E+00  0.0000E+00   0.0000E+00  0.0000E+00   
1.00E+07  2.585  0.021   2.2961E+00  3.9512E+01   1.7193E-01  1.2026E+00   0.0000E+00  0.0000E+00   0.0000E+00  0.0000E+00   
1.00E+08  0.001  2.447   1.3265E-01  9.7530E-01   9.0872E-02  4.5409E-01   0.0000E+00  0.0000E+00   0.0000E+00  0.0000E+00   
1.00E+08  0.009  2.447   1.2835E-01  9.2659E-01   8.0237E-02  3.9461E-01   0.0000E+00  0.0000E+00   0.0000E+00  0.0000E+00   
1.00E+08  0.017  2.446   1.2520E-01  8.9083E-01   7.2345E-02  3.5048E-01   0.0000E+00  0.0000E+00   0.0000E+00  0.0000E+00   
1.00E+08  0.034  2.445   1.2330E-01  8.6890E-01   6.7216E-02  3.2180E-01   0.0000E+00  0.0000E+00   0.0000E+00  0.0000E+00   
1.00E+08  0.060  2.442   1.2255E-01  8.6018E-01   6.4815E-02  3.0837E-01   0.0000E+00  0.0000E+00   0.0000E+00  0.0000E+00   
1.00E+08  0.086  2.437   1.2248E-01  8.5904E-01   6.3827E-02  3.0285E-01   0.0000E+00  0.0000E+00   0.0000E+00  0.0000E+00   
1.00E+08  0.129  2.424   1.2295E-01  8.6363E-01   6.3053E-02  2.9853E-01   0.0000E+00  0.0000E+00   0.0000E+00  0.0000E+00   
1.00E+08  0.172  2.406   1.2388E-01  8.7329E-01   6.2712E-02  2.9673E-01   0.0000E+00  0.0000E+00   0.0000E+00  0.0000E+00   
1.00E+08  0.259  2.355   1.2683E-01  9.0508E-01   6.2993E-02  2.9975E-01   0.0000E+00  0.0000E+00   0.0000E+00  0.0000E+00   
1.00E+08  0.431  2.192   1.3638E-01  1.0160E+00   6.8395E-02  3.4267E-01   0.0000E+00  0.0000E+00   0.0000E+00  0.0000E+00   
1.00E+08  0.862  1.493   1.8009E-01  1.5981E+00   9.9321E-02  5.9114E-01   0.0000E+00  0.0000E+00   0.0000E+00  0.0000E+00   
1.00E+08  2.585  0.209   2.4609E+00  4.2391E+01   1.7303E-01  1.2111E+00   0.0000E+00  0.0000E+00   0.0000E+00  0.0000E+00   
1.00E+09  0.001  5.181   2.2540E+00  2.0720E+01   9.0872E-02  4.5409E-01   0.0000E+00  0.0000E+00   0.0000E+00  0.0000E+00   
1.00E+09  0.009  5.180   2.1969E+00  1.9939E+01   8.0237E-02  3.9461E-01   0.0000E+00  0.0000E+00   0.0000E+00  0.0000E+00   
1.00E+09  0.017  5.180   2.1547E+00  1.9362E+01   7.2345E-02  3.5048E-01   0.0000E+00  0.0000E+00   0.0000E+00  0.0000E+00   
1.00E+09  0.034  5.180   2.1287E+00  1.9001E+01   6.7216E-02  3.2180E-01   0.0000E+00  0.0000E+00   0.0000E+00  0.0000E+00   
1.00E+09  0.060  5.178   2.1173E+00  1.8846E+01   6.4815E-02  3.0837E-01   0.0000E+00  0.0000E+00   0.0000E+00  0.0000E+00   
1.00E+09  0.086  5.176   2.1142E+00  1.8804E+01   6.3827E-02  3.0285E-01   0.0000E+00  0.0000E+00   0.0000E+00  0.0000E+00   
1.00E+09  0.129  5.170   2.1152E+00  1.8821E+01   6.3053E-02  2.9853E-01   0.0000E+00  0.0000E+00   0.0000E+00  0.0000E+00   
1.00E+09  0.172  5.161   2.1204E+00  1.8897E+01   6.2712E-02  2.9673E-01   0.0000E+00  0.0000E+00   0.0000E+00  0.0000E+00   
1.00E+09  0.259  5.138   2.1392E+00  1.9178E+01   6.2993E-02  2.9975E-01   0.0000E+00  0.0000E+00   0.0000E+00  0.0000E+00   
1.00E+09  0.431  5.062   2.2020E+00  2.0197E+01   6.8397E-02  3.4268E-01   0.0000E+00  0.0000E+00   0.0000E+00  0.0000E+00   
1.00E+09  0.862  4.708   2.4127E+00  2.4600E+01   9.9742E-02  5.9347E-01   0.0000E+00  0.0000E+00   0.0000E+00  0.0000E+00   
1.00E+09  2.585  1.972   4.6689E+00  8.1420E+01   1.8102E-01  1.2729E+00   0.0000E+00  0.0000E+00   0.0000E+00  0.0000E+00   
1.00E+10  0.001  11.119  5.3028E+01  7.2568E+02   9.0872E-02  4.5409E-01   0.0000E+00  0.0000E+00   0.0000E+00  0.0000E+00   
1.00E+10  0.009  11.118  5.2059E+01  7.0737E+02   8.0237E-02  3.9461E-01   0.0000E+00  0.0000E+00   0.0000E+00  0.0000E+00   
1.00E+10  0.017  11.118  5.1347E+01  6.9391E+02   7.2345E-02  3.5048E-01   0.0000E+00  0.0000E+00   0.0000E+00  0.0000E+00   
1.00E+10  0.034  11.118  5.0899E+01  6.8540E+02   6.7216E-02  3.2180E-01   0.0000E+00  0.0000E+00   0.0000E+00  0.0000E+00   
1.00E+10  0.060  11.117  5.0694E+01  6.8156E+02   6.4815E-02  3.0837E-01   0.0000E+00  0.0000E+00   0.0000E+00  0.0000E+00   
1.00E+10  0.086  11.116  5.0621E+01  6.8026E+02   6.3827E-02  3.0285E-01   0.0000E+00  0.0000E+00   0.0000E+00  0.0000E+00   
1.00E+10  0.129  11.113  5.0591E+01  6.7984E+02   6.3053E-02  2.9853E-01   0.0000E+00  0.0000E+00   0.0000E+00  0.0000E+00   
1.00E+10  0.172  11.109  5.0609E+01  6.8044E+02   6.2712E-02  2.9673E-01   0.0000E+00  0.0000E+00   0.0000E+00  0.0000E+00   
1.00E+10  0.259  11.098  5.0716E+01  6.8346E+02   6.2993E-02  2.9975E-01   0.0000E+00  0.0000E+00   0.0000E+00  0.0000E+00   
1.00E+10  0.431  11.063  5.0999E+01  6.9406E+02   6.8397E-02  3.4268E-01   0.0000E+00  0.0000E+00   0.0000E+00  0.0000E+00   
1.00E+10  0.862  10.898  5.0607E+01  7.2346E+02   9.9753E-02  5.9353E-01   0.0000E+00  0.0000E+00   0.0000E+00  0.0000E+00   
1.00E+10  2.585  9.163   4.7713E+01  9.3150E+02   1.9036E-01  1.3451E+00   0.0000E+00  0.0000E+00   0.0000E+00  0.0000E+00   
1.00E+11  0.001  23.934  1.6509E+03  3.9652E+04   9.0872E-02  4.5409E-01   0.0000E+00  0.0000E+00   0.0000E+00  0.0000E+00   
1.00E+11  0.009  23.934  1.6296E+03  3.9009E+04   8.0237E-02  3.9461E-01   0.0000E+00  0.0000E+00   0.0000E+00  0.0000E+00   
1.00E+11  0.017  23.933  1.6139E+03  3.8537E+04   7.2345E-02  3.5048E-01   0.0000E+00  0.0000E+00   0.0000E+00  0.0000E+00   
1.00E+11  0.034  23.934  1.6039E+03  3.8235E+04   6.7216E-02  3.2180E-01   0.0000E+00  0.0000E+00   0.0000E+00  0.0000E+00   
1.00E+11  0.060  23.933  1.5992E+03  3.8095E+04   6.4815E-02  3.0837E-01   0.0000E+00  0.0000E+00   0.0000E+00  0.0000E+00   
1.00E+11  0.086  23.933  1.5974E+03  3.8042E+04   6.3827E-02  3.0285E-01   0.0000E+00  0.0000E+00   0.0000E+00  0.0000E+00   
1.00E+11  0.129  23.931  1.5962E+03  3.8009E+04   6.3053E-02  2.9853E-01   0.0000E+00  0.0000E+00   0.0000E+00  0.0000E+00   
1.00E+11  0.172  23.930  1.5958E+03  3.8004E+04   6.2712E-02  2.9673E-01   0.0000E+00  0.0000E+00   0.0000E+00  0.0000E+00   
1.00E+11  0.259  23.924  1.5952E+03  3.8018E+04   6.2993E-02  2.9975E-01   0.0000E+00  0.0000E+00   0.0000E+00  0.0000E+00   
1.00E+11  0.431  23.908  1.5883E+03  3.7993E+04   6.8397E-02  3.4268E-01   0.0000E+00  0.0000E+00   0.0000E+00  0.0000E+00   
1.00E+11  0.862  23.832  1.5030E+03  3.6647E+04   9.9753E-02  5.9353E-01   0.0000E+00  0.0000E+00   0.0000E+00  0.0000E+00   
1.00E+11  2.585  23.015  1.0584E+03  2.9323E+04   1.9106E-01  1.3505E+00   0.0000E+00  0.0000E+00   0.0000E+00  0.0000E+00   
