rhoYe is density times electron fraction [g/cm^3], T is temperature [MeV], mu_e is electron chemical potential [MeV]
e-(+) cap is electron (positron) capture, e-(+) dec is electron (positron) decay
For each process, first column is neutrino production [neutrinos/baryon second] and second column is energy loss [MeV/baryon second].
rhoYe     T      mu_e    e- cap                   e+ dec                   e+ cap                   e- dec                   
1.00E+01  0.001  0.509   5.7279E-08  3.2785E-07   1.0988E-02  2.9052E-02   0.0000E+00  0.0000E+00   0.0000E+00  0.0000E+00   
1.00E+01  0.009  0.453   1.0910E-08  6.2528E-08   1.0988E-02  2.9052E-02   0.0000E+00  0.0000E+00   0.0000E+00  0.0000E+00   
1.00E+01  0.017  0.377   7.7523E-09  4.4503E-08   1.0988E-02  2.9052E-02   0.0000E+00  0.0000E+00   0.0000E+00  0.0000E+00   
1.00E+01  0.034  0.205   5.8874E-09  3.3923E-08   1.0988E-02  2.9052E-02   0.0000E+00  0.0000E+00   0.0000E+00  0.0000E+00   
1.00E+01  0.060  0.008   2.1300E-08  1.2353E-07   1.0988E-02  2.9052E-02   0.0000E+00  0.0000E+00   0.0000E+00  0.0000E+00   
1.00E+01  0.086  0.000   4.0216E-07  2.3497E-06   1.0988E-02  2.9052E-02   0.0000E+00  0.0000E+00   0.0000E+00  0.0000E+00   
1.00E+01  0.129  0.000   5.5513E-06  3.2897E-05   1.0987E-02  2.9049E-02   0.0000E+00  0.0000E+00   0.0000E+00  0.0000E+00   
1.00E+01  0.172  0.000   2.4855E-05  1.4965E-04   1.0988E-02  2.9046E-02   0.0000E+00  0.0000E+00   0.0000E+00  0.0000E+00   
1.00E+01  0.259  0.000   1.4968E-04  9.3411E-04   1.1007E-02  2.9074E-02   0.0000E+00  0.0000E+00   0.0000E+00  0.0000E+00   
1.00E+01  0.431  0.000   1.1149E-03  7.5320E-03   1.1170E-02  2.9438E-02   0.0000E+00  0.0000E+00   0.0000E+00  0.0000E+00   
1.00E+01  0.862  0.000   1.7231E-02  1.4193E-01   1.2759E-02  3.5658E-02   0.0000E+00  0.0000E+00   0.0000E+00  0.0000E+00   
1.00E+01  2.585  0.000   2.4190E+00  3.9834E+01   6.5145E-02  3.4257E-01   0.0000E+00  0.0000E+00   0.0000E+00  0.0000E+00   
1.00E+01  0.001  0.509   5.7279E-08  3.2785E-07   1.0988E-02  2.9052E-02   0.0000E+00  0.0000E+00   0.0000E+00  0.0000E+00   
1.00E+01  0.009  0.453   1.0910E-08  6.2528E-08   1.0988E-02  2.9052E-02   0.0000E+00  0.0000E+00   0.0000E+00  0.0000E+00   
1.00E+01  0.017  0.377   7.7523E-09  4.4503E-08   1.0988E-02  2.9052E-02   0.0000E+00  0.0000E+00   0.0000E+00  0.0000E+00   
1.00E+01  0.034  0.205   5.8874E-09  3.3923E-08   1.0988E-02  2.9052E-02   0.0000E+00  0.0000E+00   0.0000E+00  0.0000E+00   
1.00E+01  0.060  0.008   2.1300E-08  1.2353E-07   1.0988E-02  2.9052E-02   0.0000E+00  0.0000E+00   0.0000E+00  0.0000E+00   
1.00E+01  0.086  0.000   4.0216E-07  2.3497E-06   1.0988E-02  2.9052E-02   0.0000E+00  0.0000E+00   0.0000E+00  0.0000E+00   
1.00E+01  0.129  0.000   5.5513E-06  3.2897E-05   1.0987E-02  2.9049E-02   0.0000E+00  0.0000E+00   0.0000E+00  0.0000E+00   
1.00E+01  0.172  0.000   2.4855E-05  1.4965E-04   1.0988E-02  2.9046E-02   0.0000E+00  0.0000E+00   0.0000E+00  0.0000E+00   
1.00E+01  0.259  0.000   1.4968E-04  9.3411E-04   1.1007E-02  2.9074E-02   0.0000E+00  0.0000E+00   0.0000E+00  0.0000E+00   
1.00E+01  0.431  0.000   1.1149E-03  7.5320E-03   1.1170E-02  2.9438E-02   0.0000E+00  0.0000E+00   0.0000E+00  0.0000E+00   
1.00E+01  0.862  0.000   1.7231E-02  1.4193E-01   1.2759E-02  3.5658E-02   0.0000E+00  0.0000E+00   0.0000E+00  0.0000E+00   
1.00E+01  2.585  0.000   2.4190E+00  3.9834E+01   6.5145E-02  3.4257E-01   0.0000E+00  0.0000E+00   0.0000E+00  0.0000E+00   
1.00E+02  0.001  0.511   5.8354E-07  3.3401E-06   1.0988E-02  2.9052E-02   0.0000E+00  0.0000E+00   0.0000E+00  0.0000E+00   
1.00E+02  0.009  0.473   1.0899E-07  6.2464E-07   1.0988E-02  2.9052E-02   0.0000E+00  0.0000E+00   0.0000E+00  0.0000E+00   
1.00E+02  0.017  0.416   7.7484E-08  4.4481E-07   1.0988E-02  2.9052E-02   0.0000E+00  0.0000E+00   0.0000E+00  0.0000E+00   
1.00E+02  0.034  0.284   5.8865E-08  3.3919E-07   1.0988E-02  2.9052E-02   0.0000E+00  0.0000E+00   0.0000E+00  0.0000E+00   
1.00E+02  0.060  0.065   5.5140E-08  3.1979E-07   1.0988E-02  2.9052E-02   0.0000E+00  0.0000E+00   0.0000E+00  0.0000E+00   
1.00E+02  0.086  0.005   4.2272E-07  2.4699E-06   1.0988E-02  2.9052E-02   0.0000E+00  0.0000E+00   0.0000E+00  0.0000E+00   
1.00E+02  0.129  0.000   5.5698E-06  3.3006E-05   1.0987E-02  2.9049E-02   0.0000E+00  0.0000E+00   0.0000E+00  0.0000E+00   
1.00E+02  0.172  0.000   2.4873E-05  1.4976E-04   1.0988E-02  2.9046E-02   0.0000E+00  0.0000E+00   0.0000E+00  0.0000E+00   
1.00E+02  0.259  0.000   1.4969E-04  9.3423E-04   1.1007E-02  2.9074E-02   0.0000E+00  0.0000E+00   0.0000E+00  0.0000E+00   
1.00E+02  0.431  0.000   1.1149E-03  7.5322E-03   1.1170E-02  2.9438E-02   0.0000E+00  0.0000E+00   0.0000E+00  0.0000E+00   
1.00E+02  0.862  0.000   1.7231E-02  1.4193E-01   1.2759E-02  3.5658E-02   0.0000E+00  0.0000E+00   0.0000E+00  0.0000E+00   
1.00E+02  2.585  0.000   2.4190E+00  3.9834E+01   6.5145E-02  3.4257E-01   0.0000E+00  0.0000E+00   0.0000E+00  0.0000E+00   
1.00E+01  0.001  0.509   5.7279E-08  3.2785E-07   1.0988E-02  2.9052E-02   0.0000E+00  0.0000E+00   0.0000E+00  0.0000E+00   
1.00E+01  0.009  0.453   1.0910E-08  6.2528E-08   1.0988E-02  2.9052E-02   0.0000E+00  0.0000E+00   0.0000E+00  0.0000E+00   
1.00E+01  0.017  0.377   7.7523E-09  4.4503E-08   1.0988E-02  2.9052E-02   0.0000E+00  0.0000E+00   0.0000E+00  0.0000E+00   
1.00E+01  0.034  0.205   5.8874E-09  3.3923E-08   1.0988E-02  2.9052E-02   0.0000E+00  0.0000E+00   0.0000E+00  0.0000E+00   
1.00E+01  0.060  0.008   2.1300E-08  1.2353E-07   1.0988E-02  2.9052E-02   0.0000E+00  0.0000E+00   0.0000E+00  0.0000E+00   
1.00E+01  0.086  0.000   4.0216E-07  2.3497E-06   1.0988E-02  2.9052E-02   0.0000E+00  0.0000E+00   0.0000E+00  0.0000E+00   
1.00E+01  0.129  0.000   5.5513E-06  3.2897E-05   1.0987E-02  2.9049E-02   0.0000E+00  0.0000E+00   0.0000E+00  0.0000E+00   
1.00E+01  0.172  0.000   2.4855E-05  1.4965E-04   1.0988E-02  2.9046E-02   0.0000E+00  0.0000E+00   0.0000E+00  0.0000E+00   
1.00E+01  0.259  0.000   1.4968E-04  9.3411E-04   1.1007E-02  2.9074E-02   0.0000E+00  0.0000E+00   0.0000E+00  0.0000E+00   
1.00E+01  0.431  0.000   1.1149E-03  7.5320E-03   1.1170E-02  2.9438E-02   0.0000E+00  0.0000E+00   0.0000E+00  0.0000E+00   
1.00E+01  0.862  0.000   1.7231E-02  1.4193E-01   1.2759E-02  3.5658E-02   0.0000E+00  0.0000E+00   0.0000E+00  0.0000E+00   
1.00E+01  2.585  0.000   2.4190E+00  3.9834E+01   6.5145E-02  3.4257E-01   0.0000E+00  0.0000E+00   0.0000E+00  0.0000E+00   
1.00E+02  0.001  0.511   5.8354E-07  3.3401E-06   1.0988E-02  2.9052E-02   0.0000E+00  0.0000E+00   0.0000E+00  0.0000E+00   
1.00E+02  0.009  0.473   1.0899E-07  6.2464E-07   1.0988E-02  2.9052E-02   0.0000E+00  0.0000E+00   0.0000E+00  0.0000E+00   
1.00E+02  0.017  0.416   7.7484E-08  4.4481E-07   1.0988E-02  2.9052E-02   0.0000E+00  0.0000E+00   0.0000E+00  0.0000E+00   
1.00E+02  0.034  0.284   5.8865E-08  3.3919E-07   1.0988E-02  2.9052E-02   0.0000E+00  0.0000E+00   0.0000E+00  0.0000E+00   
1.00E+02  0.060  0.065   5.5140E-08  3.1979E-07   1.0988E-02  2.9052E-02   0.0000E+00  0.0000E+00   0.0000E+00  0.0000E+00   
1.00E+02  0.086  0.005   4.2272E-07  2.4699E-06   1.0988E-02  2.9052E-02   0.0000E+00  0.0000E+00   0.0000E+00  0.0000E+00   
1.00E+02  0.129  0.000   5.5698E-06  3.3006E-05   1.0987E-02  2.9049E-02   0.0000E+00  0.0000E+00   0.0000E+00  0.0000E+00   
1.00E+02  0.172  0.000   2.4873E-05  1.4976E-04   1.0988E-02  2.9046E-02   0.0000E+00  0.0000E+00   0.0000E+00  0.0000E+00   
1.00E+02  0.259  0.000   1.4969E-04  9.3423E-04   1.1007E-02  2.9074E-02   0.0000E+00  0.0000E+00   0.0000E+00  0.0000E+00   
1.00E+02  0.431  0.000   1.1149E-03  7.5322E-03   1.1170E-02  2.9438E-02   0.0000E+00  0.0000E+00   0.0000E+00  0.0000E+00   
1.00E+02  0.862  0.000   1.7231E-02  1.4193E-01   1.2759E-02  3.5658E-02   0.0000E+00  0.0000E+00   0.0000E+00  0.0000E+00   
1.00E+02  2.585  0.000   2.4190E+00  3.9834E+01   6.5145E-02  3.4257E-01   0.0000E+00  0.0000E+00   0.0000E+00  0.0000E+00   
1.00E+03  0.001  0.513   2.2005E-06  1.2597E-05   1.0988E-02  2.9052E-02   0.0000E+00  0.0000E+00   0.0000E+00  0.0000E+00   
1.00E+03  0.009  0.493   1.0790E-06  6.1844E-06 1.00E+01  0.001  0.509   5.7279E-08  3.2785E-07   1.0988E-02  2.9052E-02   0.0000E+00  0.0000E+00   0.0000E+00  0.0000E+00   
1.00E+01  0.009  0.453   1.0910E-08  6.2528E-08   1.0988E-02  2.9052E-02   0.0000E+00  0.0000E+00   0.0000E+00  0.0000E+00   
1.00E+01  0.017  0.377   7.7523E-09  4.4503E-08   1.0988E-02  2.9052E-02   0.0000E+00  0.0000E+00   0.0000E+00  0.0000E+00   
1.00E+01  0.034  0.205   5.8874E-09  3.3923E-08   1.0988E-02  2.9052E-02   0.0000E+00  0.0000E+00   0.0000E+00  0.0000E+00   
1.00E+01  0.060  0.008   2.1300E-08  1.2353E-07   1.0988E-02  2.9052E-02   0.0000E+00  0.0000E+00   0.0000E+00  0.0000E+00   
1.00E+01  0.086  0.000   4.0216E-07  2.3497E-06   1.0988E-02  2.9052E-02   0.0000E+00  0.0000E+00   0.0000E+00  0.0000E+00   
1.00E+01  0.129  0.000   5.5513E-06  3.2897E-05   1.0987E-02  2.9049E-02   0.0000E+00  0.0000E+00   0.0000E+00  0.0000E+00   
1.00E+01  0.172  0.000   2.4855E-05  1.4965E-04   1.0988E-02  2.9046E-02   0.0000E+00  0.0000E+00   0.0000E+00  0.0000E+00   
1.00E+01  0.259  0.000   1.4968E-04  9.3411E-04   1.1007E-02  2.9074E-02   0.0000E+00  0.0000E+00   0.0000E+00  0.0000E+00   
1.00E+01  0.431  0.000   1.1149E-03  7.5320E-03   1.1170E-02  2.9438E-02   0.0000E+00  0.0000E+00   0.0000E+00  0.0000E+00   
1.00E+01  0.862  0.000   1.7231E-02  1.4193E-01   1.2759E-02  3.5658E-02   0.0000E+00  0.0000E+00   0.0000E+00  0.0000E+00   
1.00E+01  2.585  0.000   2.4190E+00  3.9834E+01   6.5145E-02  3.4257E-01   0.0000E+00  0.0000E+00   0.0000E+00  0.0000E+00   
1.00E+02  0.001  0.511   5.8354E-07  3.3401E-06   1.0988E-02  2.9052E-02   0.0000E+00  0.0000E+00   0.0000E+00  0.0000E+00   
1.00E+02  0.009  0.473   1.0899E-07  6.2464E-07   1.0988E-02  2.9052E-02   0.0000E+00  0.0000E+00   0.0000E+00  0.0000E+00   
1.00E+02  0.017  0.416   7.7484E-08  4.4481E-07   1.0988E-02  2.9052E-02   0.0000E+00  0.0000E+00   0.0000E+00  0.0000E+00   
1.00E+02  0.034  0.284   5.8865E-08  3.3919E-07   1.0988E-02  2.9052E-02   0.0000E+00  0.0000E+00   0.0000E+00  0.0000E+00   
1.00E+02  0.060  0.065   5.5140E-08  3.1979E-07   1.0988E-02  2.9052E-02   0.0000E+00  0.0000E+00   0.0000E+00  0.0000E+00   
1.00E+02  0.086  0.005   4.2272E-07  2.4699E-06   1.0988E-02  2.9052E-02   0.0000E+00  0.0000E+00   0.0000E+00  0.0000E+00   
1.00E+02  0.129  0.000   5.5698E-06  3.3006E-05   1.0987E-02  2.9049E-02   0.0000E+00  0.0000E+00   0.0000E+00  0.0000E+00   
1.00E+02  0.172  0.000   2.4873E-05  1.4976E-04   1.0988E-02  2.9046E-02   0.0000E+00  0.0000E+00   0.0000E+00  0.0000E+00   
1.00E+02  0.259  0.000   1.4969E-04  9.3423E-04   1.1007E-02  2.9074E-02   0.0000E+00  0.0000E+00   0.0000E+00  0.0000E+00   
1.00E+02  0.431  0.000   1.1149E-03  7.5322E-03   1.1170E-02  2.9438E-02   0.0000E+00  0.0000E+00   0.0000E+00  0.0000E+00   
1.00E+02  0.862  0.000   1.7231E-02  1.4193E-01   1.2759E-02  3.5658E-02   0.0000E+00  0.0000E+00   0.0000E+00  0.0000E+00   
1.00E+02  2.585  0.000   2.4190E+00  3.9834E+01   6.5145E-02  3.4257E-01   0.0000E+00  0.0000E+00   0.0000E+00  0.0000E+00   
1.00E+03  0.001  0.513   2.2005E-06  1.2597E-05   1.0988E-02  2.9052E-02   0.0000E+00  0.0000E+00   0.0000E+00  0.0000E+00   
1.00E+03  0.009  0.493   1.0790E-06  6.1844E-06 1.00E+01  0.001  0.509   5.7279E-08  3.2785E-07   1.0988E-02  2.9052E-02   0.0000E+00  0.0000E+00   0.0000E+00  0.0000E+00   
1.00E+03  0.009  0.493   1.0790E-06  6.1844E-06   1.0988E-02  2.9052E-02   0.0000E+00  0.0000E+00   0.0000E+00  0.0000E+00   
1.00E+03  0.017  0.456   7.7097E-07  4.4260E-06   1.0988E-02  2.9052E-02   0.0000E+00  0.0000E+00   0.0000E+00  0.0000E+00   
1.00E+03  0.034  0.364   5.8788E-07  3.3875E-06   1.0988E-02  2.9052E-02   0.0000E+00  0.0000E+00   0.0000E+00  0.0000E+00   
1.00E+03  0.060  0.197   4.8850E-07  2.8331E-06   1.0988E-02  2.9052E-02   0.0000E+00  0.0000E+00   0.0000E+00  0.0000E+00   
1.00E+03  0.086  0.046   6.7899E-07  3.9673E-06   1.0988E-02  2.9052E-02   0.0000E+00  0.0000E+00   0.0000E+00  0.0000E+00   
1.00E+03  0.129  0.005   5.7578E-06  3.4120E-05   1.0987E-02  2.9049E-02   0.0000E+00  0.0000E+00   0.0000E+00  0.0000E+00   
1.00E+03  0.172  0.001   2.5052E-05  1.5084E-04   1.0988E-02  2.9046E-02   0.0000E+00  0.0000E+00   0.0000E+00  0.0000E+00   
1.00E+03  0.259  0.000   1.4987E-04  9.3535E-04   1.1008E-02  2.9074E-02   0.0000E+00  0.0000E+00   0.0000E+00  0.0000E+00   
1.00E+03  0.431  0.000   1.1151E-03  7.5336E-03   1.1170E-02  2.9438E-02   0.0000E+00  0.0000E+00   0.0000E+00  0.0000E+00   
1.00E+03  0.862  0.000   1.7231E-02  1.4193E-01   1.2759E-02  3.5658E-02   0.0000E+00  0.0000E+00   0.0000E+00  0.0000E+00   
1.00E+03  2.585  0.000   2.4190E+00  3.9834E+01   6.5145E-02  3.4257E-01   0.0000E+00  0.0000E+00   0.0000E+00  0.0000E+00   
1.00E+04  0.001  0.523   1.2317E-05  7.0561E-05   1.0988E-02  2.9052E-02   0.0000E+00  0.0000E+00   0.0000E+00  0.0000E+00   
1.00E+04  0.009  0.516   9.1757E-06  5.2610E-05   1.0988E-02  2.9052E-02   0.0000E+00  0.0000E+00   0.0000E+00  0.0000E+00   
1.00E+04  0.017  0.498   7.3523E-06  4.2220E-05   1.0988E-02  2.9052E-02   0.0000E+00  0.0000E+00   0.0000E+00  0.0000E+00   
1.00E+04  0.034  0.444   5.8051E-06  3.3457E-05   1.0988E-02  2.9052E-02   0.0000E+00  0.0000E+00   0.0000E+00  0.0000E+00   
1.00E+04  0.060  0.337   4.8577E-06  2.8177E-05   1.0988E-02  2.9052E-02   0.0000E+00  0.0000E+00   0.0000E+00  0.0000E+00   
1.00E+04  0.086  0.209   4.4631E-06  2.6081E-05   1.0988E-02  2.9052E-02   0.0000E+00  0.0000E+00   0.0000E+00  0.0000E+00   
1.00E+04  0.129  0.047   7.9597E-06  4.7171E-05   1.0988E-02  2.9050E-02   0.0000E+00  0.0000E+00   0.0000E+00  0.0000E+00   
1.00E+04  0.172  0.014   2.6912E-05  1.6205E-04   1.0988E-02  2.9047E-02   0.0000E+00  0.0000E+00   0.0000E+00  0.0000E+00   
1.00E+04  0.259  0.004   1.5167E-04  9.4661E-04   1.1008E-02  2.9076E-02   0.0000E+00  0.0000E+00   0.0000E+00  0.0000E+00   
1.00E+04  0.431  0.001   1.1172E-03  7.5473E-03   1.1170E-02  2.9439E-02   0.0000E+00  0.0000E+00   0.0000E+00  0.0000E+00   
1.00E+04  0.862  0.000   1.7234E-02  1.4196E-01   1.2759E-02  3.5658E-02   0.0000E+00  0.0000E+00   0.0000E+00  0.0000E+00   
1.00E+04  2.585  0.000   2.4190E+00  3.9834E+01   6.5145E-02  3.4257E-01   0.0000E+00  0.0000E+00   0.0000E+00  0.0000E+00   
1.00E+05  0.001  0.565   6.2762E-05  3.6082E-04   1.0988E-02  2.9052E-02   0.0000E+00  0.0000E+00   0.0000E+00  0.0000E+00   
1.00E+05  0.009  0.563   6.0989E-05  3.5073E-04   1.0988E-02  2.9052E-02   0.0000E+00  0.0000E+00   0.0000E+00  0.0000E+00   
1.00E+05  0.017  0.558   5.8396E-05  3.3616E-04   1.0988E-02  2.9052E-02   0.0000E+00  0.0000E+00   0.0000E+00  0.0000E+00   
1.00E+05  0.034  0.537   5.2667E-05  3.0411E-04   1.0988E-02  2.9052E-02   0.0000E+00  0.0000E+00   0.0000E+00  0.0000E+00   
1.00E+05  0.060  0.485   4.6852E-05  2.7216E-04   1.0988E-02  2.9052E-02   0.0000E+00  0.0000E+00   0.0000E+00  0.0000E+00   
1.00E+05  0.086  0.413   4.3551E-05  2.5478E-04   1.0988E-02  2.9052E-02   0.0000E+00  0.0000E+00   0.0000E+00  0.0000E+00   
1.00E+05  0.129  0.265   4.1466E-05  2.4593E-04   1.0988E-02  2.9052E-02   0.0000E+00  0.0000E+00   0.0000E+00  0.0000E+00   
1.00E+05  0.172  0.128   5.1495E-05  3.1021E-04   1.0990E-02  2.9055E-02   0.0000E+00  0.0000E+00   0.0000E+00  0.0000E+00   
1.00E+05  0.259  0.035   1.7082E-04  1.0663E-03   1.1010E-02  2.9086E-02   0.0000E+00  0.0000E+00   0.0000E+00  0.0000E+00   
1.00E+05  0.431  0.009   1.1377E-03  7.6866E-03   1.1172E-02  2.9448E-02   0.0000E+00  0.0000E+00   0.0000E+00  0.0000E+00   
1.00E+05  0.862  0.002   1.7268E-02  1.4224E-01   1.2761E-02  3.5663E-02   0.0000E+00  0.0000E+00   0.0000E+00  0.0000E+00   
1.00E+05  2.585  0.000   2.4192E+00  3.9837E+01   6.5145E-02  3.4257E-01   0.0000E+00  0.0000E+00   0.0000E+00  0.0000E+00   
1.00E+06  0.001  0.726   4.1325E-04  2.4127E-03   1.0988E-02  2.9052E-02   0.0000E+00  0.0000E+00   0.0000E+00  0.0000E+00   
1.00E+06  0.009  0.725   4.1030E-04  2.3955E-03   1.0988E-02  2.9052E-02   0.0000E+00  0.0000E+00   0.0000E+00  0.0000E+00   
1.00E+06  0.017  0.724   4.1104E-04  2.4009E-03   1.0988E-02  2.9052E-02   0.0000E+00  0.0000E+00   0.0000E+00  0.0000E+00   
1.00E+06  0.034  0.718   4.0930E-04  2.3945E-03   1.0988E-02  2.9052E-02   0.0000E+00  0.0000E+00   0.0000E+00  0.0000E+00   
1.00E+06  0.060  0.700   4.0483E-04  2.3778E-03   1.0988E-02  2.9052E-02   0.0000E+00  0.0000E+00   0.0000E+00  0.0000E+00   
1.00E+06  0.086  0.672   3.9956E-04  2.3598E-03   1.0988E-02  2.9052E-02   0.0000E+00  0.0000E+00   0.0000E+00  0.0000E+00   
1.00E+06  0.129  0.604   3.9288E-04  2.3475E-03   1.0988E-02  2.9053E-02   0.0000E+00  0.0000E+00   0.0000E+00  0.0000E+00   
1.00E+06  0.172  0.512   3.9161E-04  2.3726E-03   1.0992E-02  2.9062E-02   0.0000E+00  0.0000E+00   0.0000E+00  0.0000E+00   
1.00E+06  0.259  0.299   4.4557E-04  2.7895E-03   1.1023E-02  2.9139E-02   0.0000E+00  0.0000E+00   0.0000E+00  0.0000E+00   
1.00E+06  0.431  0.091   1.3620E-03  9.2111E-03   1.1193E-02  2.9530E-02   0.0000E+00  0.0000E+00   0.0000E+00  0.0000E+00   
1.00E+06  0.862  0.020   1.7607E-02  1.4506E-01   1.2775E-02  3.5714E-02   0.0000E+00  0.0000E+00   0.0000E+00  0.0000E+00   
1.00E+06  2.585  0.002   2.4209E+00  3.9865E+01   6.5152E-02  3.4261E-01   0.0000E+00  0.0000E+00   0.0000E+00  0.0000E+00   
1.00E+07  0.001  1.223   3.7609E-03  2.3136E-02   1.0988E-02  2.9052E-02   0.0000E+00  0.0000E+00   0.0000E+00  0.0000E+00   
1.00E+07  0.009  1.222   3.7529E-03  2.3086E-02   1.0988E-02  2.9052E-02   0.0000E+00  0.0000E+00   0.0000E+00  0.0000E+00   
1.00E+07  0.017  1.222   3.7536E-03  2.3094E-02   1.0988E-02  2.9052E-02   0.0000E+00  0.0000E+00   0.0000E+00  0.0000E+00   
1.00E+07  0.034  1.219   3.7598E-03  2.3149E-02   1.0988E-02  2.9052E-02   0.0000E+00  0.0000E+00   0.0000E+00  0.0000E+00   
1.00E+07  0.060  1.212   3.7708E-03  2.3260E-02   1.0988E-02  2.9052E-02   0.0000E+00  0.0000E+00   0.0000E+00  0.0000E+00   
1.00E+07  0.086  1.200   3.7878E-03  2.3432E-02   1.0988E-02  2.9052E-02   0.0000E+00  0.0000E+00   0.0000E+00  0.0000E+00   
1.00E+07  0.129  1.173   3.8280E-03  2.3841E-02   1.0988E-02  2.9053E-02   0.0000E+00  0.0000E+00   0.0000E+00  0.0000E+00   
1.00E+07  0.172  1.133   3.8826E-03  2.4400E-02   1.0992E-02  2.9063E-02   0.0000E+00  0.0000E+00   0.0000E+00  0.0000E+00   
1.00E+07  0.259  1.021   4.0423E-03  2.6009E-02   1.1029E-02  2.9168E-02   0.0000E+00  0.0000E+00   0.0000E+00  0.0000E+00   
1.00E+07  0.431  0.698   4.8097E-03  3.2931E-02   1.1271E-02  2.9845E-02   0.0000E+00  0.0000E+00   0.0000E+00  0.0000E+00   
1.00E+07  0.862  0.196   2.1343E-02  1.7619E-01   1.2904E-02  3.6176E-02   0.0000E+00  0.0000E+00   0.0000E+00  0.0000E+00   
1.00E+07  2.585  0.021   2.4378E+00  4.0147E+01   6.5216E-02  3.4296E-01   0.0000E+00  0.0000E+00   0.0000E+00  0.0000E+00   
1.00E+08  0.001  2.447   4.6588E-02  3.2507E-01   1.0988E-02  2.9052E-02   0.0000E+00  0.0000E+00   0.0000E+00  0.0000E+00   
1.00E+08  0.009  2.447   4.6552E-02  3.2481E-01   1.0988E-02  2.9052E-02   0.0000E+00  0.0000E+00   0.0000E+00  0.0000E+00   
1.00E+08  0.017  2.446   4.6540E-02  3.2474E-01   1.0988E-02  2.9052E-02   0.0000E+00  0.0000E+00   0.0000E+00  0.0000E+00   
1.00E+08  0.034  2.445   4.6587E-02  3.2518E-01   1.0988E-02  2.9052E-02   0.0000E+00  0.0000E+00   0.0000E+00  0.0000E+00   
1.00E+08  0.060  2.442   4.6662E-02  3.2597E-01   1.0988E-02  2.9052E-02   0.0000E+00  0.0000E+00   0.0000E+00  0.0000E+00   
1.00E+08  0.086  2.437   4.6782E-02  3.2722E-01   1.0988E-02  2.9052E-02   0.0000E+00  0.0000E+00   0.0000E+00  0.0000E+00   
1.00E+08  0.129  2.424   4.7074E-02  3.3029E-01   1.0988E-02  2.9053E-02   0.0000E+00  0.0000E+00   0.0000E+00  0.0000E+00   
1.00E+08  0.172  2.406   4.7493E-02  3.3466E-01   1.0992E-02  2.9063E-02   0.0000E+00  0.0000E+00   0.0000E+00  0.0000E+00   
1.00E+08  0.259  2.355   4.8784E-02  3.4792E-01   1.1030E-02  2.9170E-02   0.0000E+00  0.0000E+00   0.0000E+00  0.0000E+00   
1.00E+08  0.431  2.192   5.3489E-02  3.9533E-01   1.1297E-02  2.9951E-02   0.0000E+00  0.0000E+00   0.0000E+00  0.0000E+00   
1.00E+08  0.862  1.493   8.1766E-02  6.9159E-01   1.3397E-02  3.7961E-02   0.0000E+00  0.0000E+00   0.0000E+00  0.0000E+00   
1.00E+08  2.585  0.209   2.6133E+00  4.3080E+01   6.5843E-02  3.4642E-01   0.0000E+00  0.0000E+00   0.0000E+00  0.0000E+00   
1.00E+09  0.001  5.181   8.2062E-01  7.1379E+00   1.0988E-02  2.9052E-02   0.0000E+00  0.0000E+00   0.0000E+00  0.0000E+00   
1.00E+09  0.009  5.180   8.2027E-01  7.1346E+00   1.0988E-02  2.9052E-02   0.0000E+00  0.0000E+00   0.0000E+00  0.0000E+00   
1.00E+09  0.017  5.180   8.2010E-01  7.1332E+00   1.0988E-02  2.9052E-02   0.0000E+00  0.0000E+00   0.0000E+00  0.0000E+00   
1.00E+09  0.034  5.180   8.2053E-01  7.1378E+00   1.0988E-02  2.9052E-02   0.0000E+00  0.0000E+00   0.0000E+00  0.0000E+00   
1.00E+09  0.060  5.178   8.2117E-01  7.1453E+00   1.0988E-02  2.9052E-02   0.0000E+00  0.0000E+00   0.0000E+00  0.0000E+00   
1.00E+09  0.086  5.176   8.2218E-01  7.1573E+00   1.0988E-02  2.9052E-02   0.0000E+00  0.0000E+00   0.0000E+00  0.0000E+00   
1.00E+09  0.129  5.170   8.2470E-01  7.1869E+00   1.0988E-02  2.9053E-02   0.0000E+00  0.0000E+00   0.0000E+00  0.0000E+00   
1.00E+09  0.172  5.161   8.2839E-01  7.2300E+00   1.0992E-02  2.9063E-02   0.0000E+00  0.0000E+00   0.0000E+00  0.0000E+00   
1.00E+09  0.259  5.138   8.4065E-01  7.3696E+00   1.1030E-02  2.9170E-02   0.0000E+00  0.0000E+00   0.0000E+00  0.0000E+00   
1.00E+09  0.431  5.062   8.8939E-01  7.9122E+00   1.1298E-02  2.9954E-02   0.0000E+00  0.0000E+00   0.0000E+00  0.0000E+00   
1.00E+09  0.862  4.708   1.1411E+00  1.0924E+01   1.3551E-02  3.8527E-02   0.0000E+00  0.0000E+00   0.0000E+00  0.0000E+00   
1.00E+09  2.585  1.972   4.9705E+00  8.2916E+01   7.0481E-02  3.7207E-01   0.0000E+00  0.0000E+00   0.0000E+00  0.0000E+00   
1.00E+10  0.001  11.119  2.4476E+01  2.8978E+02   1.0988E-02  2.9052E-02   0.0000E+00  0.0000E+00   0.0000E+00  0.0000E+00   
1.00E+10  0.009  11.118  2.4468E+01  2.8966E+02   1.0988E-02  2.9052E-02   0.0000E+00  0.0000E+00   0.0000E+00  0.0000E+00   
1.00E+10  0.017  11.118  2.4464E+01  2.8962E+02   1.0988E-02  2.9052E-02   0.0000E+00  0.0000E+00   0.0000E+00  0.0000E+00   
1.00E+10  0.034  11.118  2.4470E+01  2.8970E+02   1.0988E-02  2.9052E-02   0.0000E+00  0.0000E+00   0.0000E+00  0.0000E+00   
1.00E+10  0.060  11.117  2.4477E+01  2.8982E+02   1.0988E-02  2.9052E-02   0.0000E+00  0.0000E+00   0.0000E+00  0.0000E+00   
1.00E+10  0.086  11.116  2.4488E+01  2.9002E+02   1.0988E-02  2.9052E-02   0.0000E+00  0.0000E+00   0.0000E+00  0.0000E+00   
1.00E+10  0.129  11.113  2.4515E+01  2.9050E+02   1.0988E-02  2.9053E-02   0.0000E+00  0.0000E+00   0.0000E+00  0.0000E+00   
1.00E+10  0.172  11.109  2.4557E+01  2.9123E+02   1.0992E-02  2.9063E-02   0.0000E+00  0.0000E+00   0.0000E+00  0.0000E+00   
1.00E+10  0.259  11.098  2.4706E+01  2.9380E+02   1.1030E-02  2.9170E-02   0.0000E+00  0.0000E+00   0.0000E+00  0.0000E+00   
1.00E+10  0.431  11.063  2.5333E+01  3.0463E+02   1.1298E-02  2.9954E-02   0.0000E+00  0.0000E+00   0.0000E+00  0.0000E+00   
1.00E+10  0.862  10.898  2.8255E+01  3.5962E+02   1.3555E-02  3.8542E-02   0.0000E+00  0.0000E+00   0.0000E+00  0.0000E+00   
1.00E+10  2.585  9.163   5.1954E+01  9.6731E+02   7.6092E-02  4.0316E-01   0.0000E+00  0.0000E+00   0.0000E+00  0.0000E+00   
1.00E+11  0.001  23.934  1.0483E+03  2.1746E+04   1.0988E-02  2.9052E-02   0.0000E+00  0.0000E+00   0.0000E+00  0.0000E+00   
1.00E+11  0.009  23.934  1.0481E+03  2.1742E+04   1.0988E-02  2.9052E-02   0.0000E+00  0.0000E+00   0.0000E+00  0.0000E+00   
1.00E+11  0.017  23.933  1.0481E+03  2.1741E+04   1.0988E-02  2.9052E-02   0.0000E+00  0.0000E+00   0.0000E+00  0.0000E+00   
1.00E+11  0.034  23.934  1.0482E+03  2.1744E+04   1.0988E-02  2.9052E-02   0.0000E+00  0.0000E+00   0.0000E+00  0.0000E+00   
1.00E+11  0.060  23.933  1.0483E+03  2.1746E+04   1.0988E-02  2.9052E-02   0.0000E+00  0.0000E+00   0.0000E+00  0.0000E+00   
1.00E+11  0.086  23.933  1.0484E+03  2.1750E+04   1.0988E-02  2.9052E-02   0.0000E+00  0.0000E+00   0.0000E+00  0.0000E+00   
1.00E+11  0.129  23.931  1.0487E+03  2.1761E+04   1.0988E-02  2.9053E-02   0.0000E+00  0.0000E+00   0.0000E+00  0.0000E+00   
1.00E+11  0.172  23.930  1.0491E+03  2.1776E+04   1.0992E-02  2.9063E-02   0.0000E+00  0.0000E+00   0.0000E+00  0.0000E+00   
1.00E+11  0.259  23.924  1.0507E+03  2.1837E+04   1.1030E-02  2.9170E-02   0.0000E+00  0.0000E+00   0.0000E+00  0.0000E+00   
1.00E+11  0.431  23.908  1.0562E+03  2.2090E+04   1.1298E-02  2.9954E-02   0.0000E+00  0.0000E+00   0.0000E+00  0.0000E+00   
1.00E+11  0.862  23.832  1.0673E+03  2.3098E+04   1.3555E-02  3.8542E-02   0.0000E+00  0.0000E+00   0.0000E+00  0.0000E+00   
1.00E+11  2.585  23.015  1.2223E+03  3.2313E+04   7.6516E-02  4.0551E-01   0.0000E+00  0.0000E+00   0.0000E+00  0.0000E+00   
