rhoYe is density times electron fraction [g/cm^3], T is temperature [MeV], mu_e is electron chemical potential [MeV]
e-(+) cap is electron (positron) capture, e-(+) dec is electron (positron) decay
For each process, first column is neutrino production [neutrinos/baryon second] and second column is energy loss [MeV/baryon second].
rhoYe     T      mu_e    e- cap                   e+ dec                   e+ cap                   e- dec                   
1.00E+01  0.001  0.509   1.2201E-07  6.1497E-07   1.9451E-02  4.7640E-02   0.0000E+00  0.0000E+00   0.0000E+00  0.0000E+00   
1.00E+01  0.009  0.453   2.3434E-08  1.1828E-07   1.9451E-02  4.7640E-02   0.0000E+00  0.0000E+00   0.0000E+00  0.0000E+00   
1.00E+01  0.017  0.377   1.6813E-08  8.5008E-08   1.9451E-02  4.7640E-02   0.0000E+00  0.0000E+00   0.0000E+00  0.0000E+00   
1.00E+01  0.034  0.205   1.2954E-08  6.5757E-08   1.9451E-02  4.7640E-02   0.0000E+00  0.0000E+00   0.0000E+00  0.0000E+00   
1.00E+01  0.060  0.008   4.7582E-08  2.4320E-07   1.9451E-02  4.7640E-02   0.0000E+00  0.0000E+00   0.0000E+00  0.0000E+00   
1.00E+01  0.086  0.000   9.0864E-07  4.6808E-06   1.9451E-02  4.7640E-02   0.0000E+00  0.0000E+00   0.0000E+00  0.0000E+00   
1.00E+01  0.129  0.000   1.2732E-05  6.6573E-05   1.9449E-02  4.7633E-02   0.0000E+00  0.0000E+00   0.0000E+00  0.0000E+00   
1.00E+01  0.172  0.000   5.7706E-05  3.0689E-04   1.9443E-02  4.7606E-02   0.0000E+00  0.0000E+00   0.0000E+00  0.0000E+00   
1.00E+01  0.259  0.000   3.5403E-04  1.9565E-03   1.9403E-02  4.7456E-02   0.0000E+00  0.0000E+00   0.0000E+00  0.0000E+00   
1.00E+01  0.431  0.000   2.6745E-03  1.6146E-02   1.9291E-02  4.7103E-02   0.0000E+00  0.0000E+00   0.0000E+00  0.0000E+00   
1.00E+01  0.862  0.000   3.8490E-02  3.0031E-01   2.4003E-02  7.0421E-02   0.0000E+00  0.0000E+00   0.0000E+00  0.0000E+00   
1.00E+01  2.585  0.000   2.5536E+00  4.3621E+01   1.1612E-01  6.5837E-01   0.0000E+00  0.0000E+00   0.0000E+00  0.0000E+00   
1.00E+01  0.001  0.509   1.2201E-07  6.1497E-07   1.9451E-02  4.7640E-02   0.0000E+00  0.0000E+00   0.0000E+00  0.0000E+00   
1.00E+01  0.009  0.453   2.3434E-08  1.1828E-07   1.9451E-02  4.7640E-02   0.0000E+00  0.0000E+00   0.0000E+00  0.0000E+00   
1.00E+01  0.017  0.377   1.6813E-08  8.5008E-08   1.9451E-02  4.7640E-02   0.0000E+00  0.0000E+00   0.0000E+00  0.0000E+00   
1.00E+01  0.034  0.205   1.2954E-08  6.5757E-08   1.9451E-02  4.7640E-02   0.0000E+00  0.0000E+00   0.0000E+00  0.0000E+00   
1.00E+01  0.060  0.008   4.7582E-08  2.4320E-07   1.9451E-02  4.7640E-02   0.0000E+00  0.0000E+00   0.0000E+00  0.0000E+00   
1.00E+01  0.086  0.000   9.0864E-07  4.6808E-06   1.9451E-02  4.7640E-02   0.0000E+00  0.0000E+00   0.0000E+00  0.0000E+00   
1.00E+01  0.129  0.000   1.2732E-05  6.6573E-05   1.9449E-02  4.7633E-02   0.0000E+00  0.0000E+00   0.0000E+00  0.0000E+00   
1.00E+01  0.172  0.000   5.7706E-05  3.0689E-04   1.9443E-02  4.7606E-02   0.0000E+00  0.0000E+00   0.0000E+00  0.0000E+00   
1.00E+01  0.259  0.000   3.5403E-04  1.9565E-03   1.9403E-02  4.7456E-02   0.0000E+00  0.0000E+00   0.0000E+00  0.0000E+00   
1.00E+01  0.431  0.000   2.6745E-03  1.6146E-02   1.9291E-02  4.7103E-02   0.0000E+00  0.0000E+00   0.0000E+00  0.0000E+00   
1.00E+01  0.862  0.000   3.8490E-02  3.0031E-01   2.4003E-02  7.0421E-02   0.0000E+00  0.0000E+00   0.0000E+00  0.0000E+00   
1.00E+01  2.585  0.000   2.5536E+00  4.3621E+01   1.1612E-01  6.5837E-01   0.0000E+00  0.0000E+00   0.0000E+00  0.0000E+00   
1.00E+02  0.001  0.511   1.2430E-06  6.2656E-06   1.9451E-02  4.7640E-02   0.0000E+00  0.0000E+00   0.0000E+00  0.0000E+00   
1.00E+02  0.009  0.473   2.3411E-07  1.1816E-06   1.9451E-02  4.7640E-02   0.0000E+00  0.0000E+00   0.0000E+00  0.0000E+00   
1.00E+02  0.017  0.416   1.6805E-07  8.4967E-07   1.9451E-02  4.7640E-02   0.0000E+00  0.0000E+00   0.0000E+00  0.0000E+00   
1.00E+02  0.034  0.284   1.2953E-07  6.5749E-07   1.9451E-02  4.7640E-02   0.0000E+00  0.0000E+00   0.0000E+00  0.0000E+00   
1.00E+02  0.060  0.065   1.2318E-07  6.2960E-07   1.9451E-02  4.7640E-02   0.0000E+00  0.0000E+00   0.0000E+00  0.0000E+00   
1.00E+02  0.086  0.005   9.5510E-07  4.9202E-06   1.9451E-02  4.7640E-02   0.0000E+00  0.0000E+00   0.0000E+00  0.0000E+00   
1.00E+02  0.129  0.000   1.2774E-05  6.6794E-05   1.9449E-02  4.7633E-02   0.0000E+00  0.0000E+00   0.0000E+00  0.0000E+00   
1.00E+02  0.172  0.000   5.7748E-05  3.0711E-04   1.9443E-02  4.7606E-02   0.0000E+00  0.0000E+00   0.0000E+00  0.0000E+00   
1.00E+02  0.259  0.000   3.5407E-04  1.9567E-03   1.9403E-02  4.7456E-02   0.0000E+00  0.0000E+00   0.0000E+00  0.0000E+00   
1.00E+02  0.431  0.000   2.6746E-03  1.6146E-02   1.9291E-02  4.7103E-02   0.0000E+00  0.0000E+00   0.0000E+00  0.0000E+00   
1.00E+02  0.862  0.000   3.8490E-02  3.0031E-01   2.4003E-02  7.0421E-02   0.0000E+00  0.0000E+00   0.0000E+00  0.0000E+00   
1.00E+02  2.585  0.000   2.5536E+00  4.3621E+01   1.1612E-01  6.5837E-01   0.0000E+00  0.0000E+00   0.0000E+00  0.0000E+00   
1.00E+01  0.001  0.509   1.2201E-07  6.1497E-07   1.9451E-02  4.7640E-02   0.0000E+00  0.0000E+00   0.0000E+00  0.0000E+00   
1.00E+01  0.009  0.453   2.3434E-08  1.1828E-07   1.9451E-02  4.7640E-02   0.0000E+00  0.0000E+00   0.0000E+00  0.0000E+00   
1.00E+01  0.017  0.377   1.6813E-08  8.5008E-08   1.9451E-02  4.7640E-02   0.0000E+00  0.0000E+00   0.0000E+00  0.0000E+00   
1.00E+01  0.034  0.205   1.2954E-08  6.5757E-08   1.9451E-02  4.7640E-02   0.0000E+00  0.0000E+00   0.0000E+00  0.0000E+00   
1.00E+01  0.060  0.008   4.7582E-08  2.4320E-07   1.9451E-02  4.7640E-02   0.0000E+00  0.0000E+00   0.0000E+00  0.0000E+00   
1.00E+01  0.086  0.000   9.0864E-07  4.6808E-06   1.9451E-02  4.7640E-02   0.0000E+00  0.0000E+00   0.0000E+00  0.0000E+00   
1.00E+01  0.129  0.000   1.2732E-05  6.6573E-05   1.9449E-02  4.7633E-02   0.0000E+00  0.0000E+00   0.0000E+00  0.0000E+00   
1.00E+01  0.172  0.000   5.7706E-05  3.0689E-04   1.9443E-02  4.7606E-02   0.0000E+00  0.0000E+00   0.0000E+00  0.0000E+00   
1.00E+01  0.259  0.000   3.5403E-04  1.9565E-03   1.9403E-02  4.7456E-02   0.0000E+00  0.0000E+00   0.0000E+00  0.0000E+00   
1.00E+01  0.431  0.000   2.6745E-03  1.6146E-02   1.9291E-02  4.7103E-02   0.0000E+00  0.0000E+00   0.0000E+00  0.0000E+00   
1.00E+01  0.862  0.000   3.8490E-02  3.0031E-01   2.4003E-02  7.0421E-02   0.0000E+00  0.0000E+00   0.0000E+00  0.0000E+00   
1.00E+01  2.585  0.000   2.5536E+00  4.3621E+01   1.1612E-01  6.5837E-01   0.0000E+00  0.0000E+00   0.0000E+00  0.0000E+00   
1.00E+02  0.001  0.511   1.2430E-06  6.2656E-06   1.9451E-02  4.7640E-02   0.0000E+00  0.0000E+00   0.0000E+00  0.0000E+00   
1.00E+02  0.009  0.473   2.3411E-07  1.1816E-06   1.9451E-02  4.7640E-02   0.0000E+00  0.0000E+00   0.0000E+00  0.0000E+00   
1.00E+02  0.017  0.416   1.6805E-07  8.4967E-07   1.9451E-02  4.7640E-02   0.0000E+00  0.0000E+00   0.0000E+00  0.0000E+00   
1.00E+02  0.034  0.284   1.2953E-07  6.5749E-07   1.9451E-02  4.7640E-02   0.0000E+00  0.0000E+00   0.0000E+00  0.0000E+00   
1.00E+02  0.060  0.065   1.2318E-07  6.2960E-07   1.9451E-02  4.7640E-02   0.0000E+00  0.0000E+00   0.0000E+00  0.0000E+00   
1.00E+02  0.086  0.005   9.5510E-07  4.9202E-06   1.9451E-02  4.7640E-02   0.0000E+00  0.0000E+00   0.0000E+00  0.0000E+00   
1.00E+02  0.129  0.000   1.2774E-05  6.6794E-05   1.9449E-02  4.7633E-02   0.0000E+00  0.0000E+00   0.0000E+00  0.0000E+00   
1.00E+02  0.172  0.000   5.7748E-05  3.0711E-04   1.9443E-02  4.7606E-02   0.0000E+00  0.0000E+00   0.0000E+00  0.0000E+00   
1.00E+02  0.259  0.000   3.5407E-04  1.9567E-03   1.9403E-02  4.7456E-02   0.0000E+00  0.0000E+00   0.0000E+00  0.0000E+00   
1.00E+02  0.431  0.000   2.6746E-03  1.6146E-02   1.9291E-02  4.7103E-02   0.0000E+00  0.0000E+00   0.0000E+00  0.0000E+00   
1.00E+02  0.862  0.000   3.8490E-02  3.0031E-01   2.4003E-02  7.0421E-02   0.0000E+00  0.0000E+00   0.0000E+00  0.0000E+00   
1.00E+02  2.585  0.000   2.5536E+00  4.3621E+01   1.1612E-01  6.5837E-01   0.0000E+00  0.0000E+00   0.0000E+00  0.0000E+00   
1.00E+03  0.001  0.513   4.6883E-06  2.3634E-05   1.9451E-02  4.7640E-02   0.0000E+00  0.0000E+00   0.0000E+00  0.0000E+00   
1.00E+03  0.009  0.493   2.3184E-06  1.1703E-05 1.00E+01  0.001  0.509   1.2201E-07  6.1497E-07   1.9451E-02  4.7640E-02   0.0000E+00  0.0000E+00   0.0000E+00  0.0000E+00   
1.00E+01  0.009  0.453   2.3434E-08  1.1828E-07   1.9451E-02  4.7640E-02   0.0000E+00  0.0000E+00   0.0000E+00  0.0000E+00   
1.00E+01  0.017  0.377   1.6813E-08  8.5008E-08   1.9451E-02  4.7640E-02   0.0000E+00  0.0000E+00   0.0000E+00  0.0000E+00   
1.00E+01  0.034  0.205   1.2954E-08  6.5757E-08   1.9451E-02  4.7640E-02   0.0000E+00  0.0000E+00   0.0000E+00  0.0000E+00   
1.00E+01  0.060  0.008   4.7582E-08  2.4320E-07   1.9451E-02  4.7640E-02   0.0000E+00  0.0000E+00   0.0000E+00  0.0000E+00   
1.00E+01  0.086  0.000   9.0864E-07  4.6808E-06   1.9451E-02  4.7640E-02   0.0000E+00  0.0000E+00   0.0000E+00  0.0000E+00   
1.00E+01  0.129  0.000   1.2732E-05  6.6573E-05   1.9449E-02  4.7633E-02   0.0000E+00  0.0000E+00   0.0000E+00  0.0000E+00   
1.00E+01  0.172  0.000   5.7706E-05  3.0689E-04   1.9443E-02  4.7606E-02   0.0000E+00  0.0000E+00   0.0000E+00  0.0000E+00   
1.00E+01  0.259  0.000   3.5403E-04  1.9565E-03   1.9403E-02  4.7456E-02   0.0000E+00  0.0000E+00   0.0000E+00  0.0000E+00   
1.00E+01  0.431  0.000   2.6745E-03  1.6146E-02   1.9291E-02  4.7103E-02   0.0000E+00  0.0000E+00   0.0000E+00  0.0000E+00   
1.00E+01  0.862  0.000   3.8490E-02  3.0031E-01   2.4003E-02  7.0421E-02   0.0000E+00  0.0000E+00   0.0000E+00  0.0000E+00   
1.00E+01  2.585  0.000   2.5536E+00  4.3621E+01   1.1612E-01  6.5837E-01   0.0000E+00  0.0000E+00   0.0000E+00  0.0000E+00   
1.00E+02  0.001  0.511   1.2430E-06  6.2656E-06   1.9451E-02  4.7640E-02   0.0000E+00  0.0000E+00   0.0000E+00  0.0000E+00   
1.00E+02  0.009  0.473   2.3411E-07  1.1816E-06   1.9451E-02  4.7640E-02   0.0000E+00  0.0000E+00   0.0000E+00  0.0000E+00   
1.00E+02  0.017  0.416   1.6805E-07  8.4967E-07   1.9451E-02  4.7640E-02   0.0000E+00  0.0000E+00   0.0000E+00  0.0000E+00   
1.00E+02  0.034  0.284   1.2953E-07  6.5749E-07   1.9451E-02  4.7640E-02   0.0000E+00  0.0000E+00   0.0000E+00  0.0000E+00   
1.00E+02  0.060  0.065   1.2318E-07  6.2960E-07   1.9451E-02  4.7640E-02   0.0000E+00  0.0000E+00   0.0000E+00  0.0000E+00   
1.00E+02  0.086  0.005   9.5510E-07  4.9202E-06   1.9451E-02  4.7640E-02   0.0000E+00  0.0000E+00   0.0000E+00  0.0000E+00   
1.00E+02  0.129  0.000   1.2774E-05  6.6794E-05   1.9449E-02  4.7633E-02   0.0000E+00  0.0000E+00   0.0000E+00  0.0000E+00   
1.00E+02  0.172  0.000   5.7748E-05  3.0711E-04   1.9443E-02  4.7606E-02   0.0000E+00  0.0000E+00   0.0000E+00  0.0000E+00   
1.00E+02  0.259  0.000   3.5407E-04  1.9567E-03   1.9403E-02  4.7456E-02   0.0000E+00  0.0000E+00   0.0000E+00  0.0000E+00   
1.00E+02  0.431  0.000   2.6746E-03  1.6146E-02   1.9291E-02  4.7103E-02   0.0000E+00  0.0000E+00   0.0000E+00  0.0000E+00   
1.00E+02  0.862  0.000   3.8490E-02  3.0031E-01   2.4003E-02  7.0421E-02   0.0000E+00  0.0000E+00   0.0000E+00  0.0000E+00   
1.00E+02  2.585  0.000   2.5536E+00  4.3621E+01   1.1612E-01  6.5837E-01   0.0000E+00  0.0000E+00   0.0000E+00  0.0000E+00   
1.00E+03  0.001  0.513   4.6883E-06  2.3634E-05   1.9451E-02  4.7640E-02   0.0000E+00  0.0000E+00   0.0000E+00  0.0000E+00   
1.00E+03  0.009  0.493   2.3184E-06  1.1703E-05 1.00E+01  0.001  0.509   1.2201E-07  6.1497E-07   1.9451E-02  4.7640E-02   0.0000E+00  0.0000E+00   0.0000E+00  0.0000E+00   
1.00E+03  0.009  0.493   2.3184E-06  1.1703E-05   1.9451E-02  4.7640E-02   0.0000E+00  0.0000E+00   0.0000E+00  0.0000E+00   
1.00E+03  0.017  0.456   1.6723E-06  8.4558E-06   1.9451E-02  4.7640E-02   0.0000E+00  0.0000E+00   0.0000E+00  0.0000E+00   
1.00E+03  0.034  0.364   1.2937E-06  6.5669E-06   1.9451E-02  4.7640E-02   0.0000E+00  0.0000E+00   0.0000E+00  0.0000E+00   
1.00E+03  0.060  0.197   1.0913E-06  5.5780E-06   1.9451E-02  4.7640E-02   0.0000E+00  0.0000E+00   0.0000E+00  0.0000E+00   
1.00E+03  0.086  0.046   1.5341E-06  7.9031E-06   1.9451E-02  4.7640E-02   0.0000E+00  0.0000E+00   0.0000E+00  0.0000E+00   
1.00E+03  0.129  0.005   1.3205E-05  6.9049E-05   1.9450E-02  4.7633E-02   0.0000E+00  0.0000E+00   0.0000E+00  0.0000E+00   
1.00E+03  0.172  0.001   5.8164E-05  3.0932E-04   1.9443E-02  4.7606E-02   0.0000E+00  0.0000E+00   0.0000E+00  0.0000E+00   
1.00E+03  0.259  0.000   3.5450E-04  1.9590E-03   1.9403E-02  4.7456E-02   0.0000E+00  0.0000E+00   0.0000E+00  0.0000E+00   
1.00E+03  0.431  0.000   2.6751E-03  1.6149E-02   1.9291E-02  4.7103E-02   0.0000E+00  0.0000E+00   0.0000E+00  0.0000E+00   
1.00E+03  0.862  0.000   3.8490E-02  3.0031E-01   2.4004E-02  7.0421E-02   0.0000E+00  0.0000E+00   0.0000E+00  0.0000E+00   
1.00E+03  2.585  0.000   2.5536E+00  4.3621E+01   1.1612E-01  6.5837E-01   0.0000E+00  0.0000E+00   0.0000E+00  0.0000E+00   
1.00E+04  0.001  0.523   2.6368E-05  1.3303E-04   1.9451E-02  4.7640E-02   0.0000E+00  0.0000E+00   0.0000E+00  0.0000E+00   
1.00E+04  0.009  0.516   1.9767E-05  9.9817E-05   1.9451E-02  4.7640E-02   0.0000E+00  0.0000E+00   0.0000E+00  0.0000E+00   
1.00E+04  0.017  0.498   1.5974E-05  8.0792E-05   1.9451E-02  4.7640E-02   0.0000E+00  0.0000E+00   0.0000E+00  0.0000E+00   
1.00E+04  0.034  0.444   1.2784E-05  6.4909E-05   1.9451E-02  4.7640E-02   0.0000E+00  0.0000E+00   0.0000E+00  0.0000E+00   
1.00E+04  0.060  0.337   1.0856E-05  5.5497E-05   1.9451E-02  4.7640E-02   0.0000E+00  0.0000E+00   0.0000E+00  0.0000E+00   
1.00E+04  0.086  0.209   1.0086E-05  5.1965E-05   1.9451E-02  4.7640E-02   0.0000E+00  0.0000E+00   0.0000E+00  0.0000E+00   
1.00E+04  0.129  0.047   1.8256E-05  9.5467E-05   1.9450E-02  4.7635E-02   0.0000E+00  0.0000E+00   0.0000E+00  0.0000E+00   
1.00E+04  0.172  0.014   6.2485E-05  3.3232E-04   1.9443E-02  4.7609E-02   0.0000E+00  0.0000E+00   0.0000E+00  0.0000E+00   
1.00E+04  0.259  0.004   3.5876E-04  1.9826E-03   1.9404E-02  4.7459E-02   0.0000E+00  0.0000E+00   0.0000E+00  0.0000E+00   
1.00E+04  0.431  0.001   2.6800E-03  1.6179E-02   1.9292E-02  4.7105E-02   0.0000E+00  0.0000E+00   0.0000E+00  0.0000E+00   
1.00E+04  0.862  0.000   3.8498E-02  3.0037E-01   2.4004E-02  7.0422E-02   0.0000E+00  0.0000E+00   0.0000E+00  0.0000E+00   
1.00E+04  2.585  0.000   2.5536E+00  4.3622E+01   1.1612E-01  6.5837E-01   0.0000E+00  0.0000E+00   0.0000E+00  0.0000E+00   
1.00E+05  0.001  0.565   1.3745E-04  6.9600E-04   1.9451E-02  4.7640E-02   0.0000E+00  0.0000E+00   0.0000E+00  0.0000E+00   
1.00E+05  0.009  0.563   1.3368E-04  6.7714E-04   1.9451E-02  4.7640E-02   0.0000E+00  0.0000E+00   0.0000E+00  0.0000E+00   
1.00E+05  0.017  0.558   1.2840E-04  6.5108E-04   1.9451E-02  4.7640E-02   0.0000E+00  0.0000E+00   0.0000E+00  0.0000E+00   
1.00E+05  0.034  0.537   1.1674E-04  5.9389E-04   1.9451E-02  4.7640E-02   0.0000E+00  0.0000E+00   0.0000E+00  0.0000E+00   
1.00E+05  0.060  0.485   1.0505E-04  5.3781E-04   1.9451E-02  4.7640E-02   0.0000E+00  0.0000E+00   0.0000E+00  0.0000E+00   
1.00E+05  0.086  0.413   9.8610E-05  5.0866E-04   1.9451E-02  4.7640E-02   0.0000E+00  0.0000E+00   0.0000E+00  0.0000E+00   
1.00E+05  0.129  0.265   9.5191E-05  4.9818E-04   1.9451E-02  4.7639E-02   0.0000E+00  0.0000E+00   0.0000E+00  0.0000E+00   
1.00E+05  0.172  0.128   1.1961E-04  6.3642E-04   1.9447E-02  4.7624E-02   0.0000E+00  0.0000E+00   0.0000E+00  0.0000E+00   
1.00E+05  0.259  0.035   4.0411E-04  2.2337E-03   1.9409E-02  4.7480E-02   0.0000E+00  0.0000E+00   0.0000E+00  0.0000E+00   
1.00E+05  0.431  0.009   2.7293E-03  1.6478E-02   1.9297E-02  4.7122E-02   0.0000E+00  0.0000E+00   0.0000E+00  0.0000E+00   
1.00E+05  0.862  0.002   3.8573E-02  3.0096E-01   2.4007E-02  7.0431E-02   0.0000E+00  0.0000E+00   0.0000E+00  0.0000E+00   
1.00E+05  2.585  0.000   2.5538E+00  4.3625E+01   1.1613E-01  6.5838E-01   0.0000E+00  0.0000E+00   0.0000E+00  0.0000E+00   
1.00E+06  0.001  0.726   9.3841E-04  4.8288E-03   1.9451E-02  4.7640E-02   0.0000E+00  0.0000E+00   0.0000E+00  0.0000E+00   
1.00E+06  0.009  0.725   9.3169E-04  4.7945E-03   1.9451E-02  4.7640E-02   0.0000E+00  0.0000E+00   0.0000E+00  0.0000E+00   
1.00E+06  0.017  0.724   9.3373E-04  4.8072E-03   1.9451E-02  4.7640E-02   0.0000E+00  0.0000E+00   0.0000E+00  0.0000E+00   
1.00E+06  0.034  0.718   9.3101E-04  4.8012E-03   1.9451E-02  4.7640E-02   0.0000E+00  0.0000E+00   0.0000E+00  0.0000E+00   
1.00E+06  0.060  0.700   9.2409E-04  4.7858E-03   1.9451E-02  4.7640E-02   0.0000E+00  0.0000E+00   0.0000E+00  0.0000E+00   
1.00E+06  0.086  0.672   9.1627E-04  4.7730E-03   1.9451E-02  4.7640E-02   0.0000E+00  0.0000E+00   0.0000E+00  0.0000E+00   
1.00E+06  0.129  0.604   9.0886E-04  4.7932E-03   1.9451E-02  4.7640E-02   0.0000E+00  0.0000E+00   0.0000E+00  0.0000E+00   
1.00E+06  0.172  0.512   9.1403E-04  4.8922E-03   1.9451E-02  4.7639E-02   0.0000E+00  0.0000E+00   0.0000E+00  0.0000E+00   
1.00E+06  0.259  0.299   1.0560E-03  5.8549E-03   1.9437E-02  4.7586E-02   0.0000E+00  0.0000E+00   0.0000E+00  0.0000E+00   
1.00E+06  0.431  0.091   3.2689E-03  1.9756E-02   1.9341E-02  4.7277E-02   0.0000E+00  0.0000E+00   0.0000E+00  0.0000E+00   
1.00E+06  0.862  0.020   3.9332E-02  3.0695E-01   2.4034E-02  7.0524E-02   0.0000E+00  0.0000E+00   0.0000E+00  0.0000E+00   
1.00E+06  2.585  0.002   2.5556E+00  4.3655E+01   1.1614E-01  6.5844E-01   0.0000E+00  0.0000E+00   0.0000E+00  0.0000E+00   
1.00E+07  0.001  1.223   8.8990E-03  4.8344E-02   1.9451E-02  4.7640E-02   0.0000E+00  0.0000E+00   0.0000E+00  0.0000E+00   
1.00E+07  0.009  1.222   8.8798E-03  4.8239E-02   1.9451E-02  4.7640E-02   0.0000E+00  0.0000E+00   0.0000E+00  0.0000E+00   
1.00E+07  0.017  1.222   8.8822E-03  4.8261E-02   1.9451E-02  4.7640E-02   0.0000E+00  0.0000E+00   0.0000E+00  0.0000E+00   
1.00E+07  0.034  1.219   8.8998E-03  4.8393E-02   1.9451E-02  4.7640E-02   0.0000E+00  0.0000E+00   0.0000E+00  0.0000E+00   
1.00E+07  0.060  1.212   8.9336E-03  4.8675E-02   1.9451E-02  4.7640E-02   0.0000E+00  0.0000E+00   0.0000E+00  0.0000E+00   
1.00E+07  0.086  1.200   8.9858E-03  4.9111E-02   1.9451E-02  4.7640E-02   0.0000E+00  0.0000E+00   0.0000E+00  0.0000E+00   
1.00E+07  0.129  1.173   9.1094E-03  5.0152E-02   1.9451E-02  4.7640E-02   0.0000E+00  0.0000E+00   0.0000E+00  0.0000E+00   
1.00E+07  0.172  1.133   9.2748E-03  5.1565E-02   1.9451E-02  4.7640E-02   0.0000E+00  0.0000E+00   0.0000E+00  0.0000E+00   
1.00E+07  0.259  1.021   9.7276E-03  5.5493E-02   1.9452E-02  4.7643E-02   0.0000E+00  0.0000E+00   0.0000E+00  0.0000E+00   
1.00E+07  0.431  0.698   1.1607E-02  7.1073E-02   1.9508E-02  4.7872E-02   0.0000E+00  0.0000E+00   0.0000E+00  0.0000E+00   
1.00E+07  0.862  0.196   4.7691E-02  3.7299E-01   2.4284E-02  7.1374E-02   0.0000E+00  0.0000E+00   0.0000E+00  0.0000E+00   
1.00E+07  2.585  0.021   2.5734E+00  4.3964E+01   1.1624E-01  6.5907E-01   0.0000E+00  0.0000E+00   0.0000E+00  0.0000E+00   
1.00E+08  0.001  2.447   1.1666E-01  7.2456E-01   1.9451E-02  4.7640E-02   0.0000E+00  0.0000E+00   0.0000E+00  0.0000E+00   
1.00E+08  0.009  2.447   1.1657E-01  7.2397E-01   1.9451E-02  4.7640E-02   0.0000E+00  0.0000E+00   0.0000E+00  0.0000E+00   
1.00E+08  0.017  2.446   1.1654E-01  7.2383E-01   1.9451E-02  4.7640E-02   0.0000E+00  0.0000E+00   0.0000E+00  0.0000E+00   
1.00E+08  0.034  2.445   1.1667E-01  7.2492E-01   1.9451E-02  4.7640E-02   0.0000E+00  0.0000E+00   0.0000E+00  0.0000E+00   
1.00E+08  0.060  2.442   1.1689E-01  7.2697E-01   1.9451E-02  4.7640E-02   0.0000E+00  0.0000E+00   0.0000E+00  0.0000E+00   
1.00E+08  0.086  2.437   1.1723E-01  7.3021E-01   1.9451E-02  4.7640E-02   0.0000E+00  0.0000E+00   0.0000E+00  0.0000E+00   
1.00E+08  0.129  2.424   1.1808E-01  7.3815E-01   1.9451E-02  4.7640E-02   0.0000E+00  0.0000E+00   0.0000E+00  0.0000E+00   
1.00E+08  0.172  2.406   1.1926E-01  7.4926E-01   1.9451E-02  4.7641E-02   0.0000E+00  0.0000E+00   0.0000E+00  0.0000E+00   
1.00E+08  0.259  2.355   1.2259E-01  7.8105E-01   1.9453E-02  4.7647E-02   0.0000E+00  0.0000E+00   0.0000E+00  0.0000E+00   
1.00E+08  0.431  2.192   1.3280E-01  8.8386E-01   1.9564E-02  4.8072E-02   0.0000E+00  0.0000E+00   0.0000E+00  0.0000E+00   
1.00E+08  0.862  1.493   1.8323E-01  1.4731E+00   2.5245E-02  7.4668E-02   0.0000E+00  0.0000E+00   0.0000E+00  0.0000E+00   
1.00E+08  2.585  0.209   2.7582E+00  4.7169E+01   1.1723E-01  6.6522E-01   0.0000E+00  0.0000E+00   0.0000E+00  0.0000E+00   
1.00E+09  0.001  5.181   2.1598E+00  1.7466E+01   1.9451E-02  4.7640E-02   0.0000E+00  0.0000E+00   0.0000E+00  0.0000E+00   
1.00E+09  0.009  5.180   2.1589E+00  1.7458E+01   1.9451E-02  4.7640E-02   0.0000E+00  0.0000E+00   0.0000E+00  0.0000E+00   
1.00E+09  0.017  5.180   2.1584E+00  1.7454E+01   1.9451E-02  4.7640E-02   0.0000E+00  0.0000E+00   0.0000E+00  0.0000E+00   
1.00E+09  0.034  5.180   2.1595E+00  1.7467E+01   1.9451E-02  4.7640E-02   0.0000E+00  0.0000E+00   0.0000E+00  0.0000E+00   
1.00E+09  0.060  5.178   2.1610E+00  1.7486E+01   1.9451E-02  4.7640E-02   0.0000E+00  0.0000E+00   0.0000E+00  0.0000E+00   
1.00E+09  0.086  5.176   2.1635E+00  1.7518E+01   1.9451E-02  4.7640E-02   0.0000E+00  0.0000E+00   0.0000E+00  0.0000E+00   
1.00E+09  0.129  5.170   2.1695E+00  1.7595E+01   1.9451E-02  4.7640E-02   0.0000E+00  0.0000E+00   0.0000E+00  0.0000E+00   
1.00E+09  0.172  5.161   2.1779E+00  1.7703E+01   1.9451E-02  4.7641E-02   0.0000E+00  0.0000E+00   0.0000E+00  0.0000E+00   
1.00E+09  0.259  5.138   2.2018E+00  1.8014E+01   1.9453E-02  4.7647E-02   0.0000E+00  0.0000E+00   0.0000E+00  0.0000E+00   
1.00E+09  0.431  5.062   2.2737E+00  1.9003E+01   1.9566E-02  4.8078E-02   0.0000E+00  0.0000E+00   0.0000E+00  0.0000E+00   
1.00E+09  0.862  4.708   2.5461E+00  2.3803E+01   2.5547E-02  7.5717E-02   0.0000E+00  0.0000E+00   0.0000E+00  0.0000E+00   
1.00E+09  2.585  1.972   5.2336E+00  9.0625E+01   1.2452E-01  7.1044E-01   0.0000E+00  0.0000E+00   0.0000E+00  0.0000E+00   
1.00E+10  0.001  11.119  5.6719E+01  7.1112E+02   1.9451E-02  4.7640E-02   0.0000E+00  0.0000E+00   0.0000E+00  0.0000E+00   
1.00E+10  0.009  11.118  5.6699E+01  7.1083E+02   1.9451E-02  4.7640E-02   0.0000E+00  0.0000E+00   0.0000E+00  0.0000E+00   
1.00E+10  0.017  11.118  5.6691E+01  7.1073E+02   1.9451E-02  4.7640E-02   0.0000E+00  0.0000E+00   0.0000E+00  0.0000E+00   
1.00E+10  0.034  11.118  5.6703E+01  7.1093E+02   1.9451E-02  4.7640E-02   0.0000E+00  0.0000E+00   0.0000E+00  0.0000E+00   
1.00E+10  0.060  11.117  5.6715E+01  7.1119E+02   1.9451E-02  4.7640E-02   0.0000E+00  0.0000E+00   0.0000E+00  0.0000E+00   
1.00E+10  0.086  11.116  5.6735E+01  7.1161E+02   1.9451E-02  4.7640E-02   0.0000E+00  0.0000E+00   0.0000E+00  0.0000E+00   
1.00E+10  0.129  11.113  5.6784E+01  7.1265E+02   1.9451E-02  4.7640E-02   0.0000E+00  0.0000E+00   0.0000E+00  0.0000E+00   
1.00E+10  0.172  11.109  5.6852E+01  7.1410E+02   1.9451E-02  4.7641E-02   0.0000E+00  0.0000E+00   0.0000E+00  0.0000E+00   
1.00E+10  0.259  11.098  5.7042E+01  7.1821E+02   1.9453E-02  4.7647E-02   0.0000E+00  0.0000E+00   0.0000E+00  0.0000E+00   
1.00E+10  0.431  11.063  5.7489E+01  7.2989E+02   1.9566E-02  4.8078E-02   0.0000E+00  0.0000E+00   0.0000E+00  0.0000E+00   
1.00E+10  0.862  10.898  5.7312E+01  7.6683E+02   2.5554E-02  7.5743E-02   0.0000E+00  0.0000E+00   0.0000E+00  0.0000E+00   
1.00E+10  2.585  9.163   5.3556E+01  1.0393E+03   1.3320E-01  7.6459E-01   0.0000E+00  0.0000E+00   0.0000E+00  0.0000E+00   
1.00E+11  0.001  23.934  1.9387E+03  4.4220E+04   1.9451E-02  4.7640E-02   0.0000E+00  0.0000E+00   0.0000E+00  0.0000E+00   
1.00E+11  0.009  23.934  1.9384E+03  4.4212E+04   1.9451E-02  4.7640E-02   0.0000E+00  0.0000E+00   0.0000E+00  0.0000E+00   
1.00E+11  0.017  23.933  1.9383E+03  4.4211E+04   1.9451E-02  4.7640E-02   0.0000E+00  0.0000E+00   0.0000E+00  0.0000E+00   
1.00E+11  0.034  23.934  1.9385E+03  4.4215E+04   1.9451E-02  4.7640E-02   0.0000E+00  0.0000E+00   0.0000E+00  0.0000E+00   
1.00E+11  0.060  23.933  1.9386E+03  4.4219E+04   1.9451E-02  4.7640E-02   0.0000E+00  0.0000E+00   0.0000E+00  0.0000E+00   
1.00E+11  0.086  23.933  1.9388E+03  4.4227E+04   1.9451E-02  4.7640E-02   0.0000E+00  0.0000E+00   0.0000E+00  0.0000E+00   
1.00E+11  0.129  23.931  1.9392E+03  4.4244E+04   1.9451E-02  4.7640E-02   0.0000E+00  0.0000E+00   0.0000E+00  0.0000E+00   
1.00E+11  0.172  23.930  1.9398E+03  4.4268E+04   1.9451E-02  4.7641E-02   0.0000E+00  0.0000E+00   0.0000E+00  0.0000E+00   
1.00E+11  0.259  23.924  1.9413E+03  4.4334E+04   1.9453E-02  4.7647E-02   0.0000E+00  0.0000E+00   0.0000E+00  0.0000E+00   
1.00E+11  0.431  23.908  1.9394E+03  4.4404E+04   1.9566E-02  4.8078E-02   0.0000E+00  0.0000E+00   0.0000E+00  0.0000E+00   
1.00E+11  0.862  23.832  1.8299E+03  4.2770E+04   2.5554E-02  7.5743E-02   0.0000E+00  0.0000E+00   0.0000E+00  0.0000E+00   
1.00E+11  2.585  23.015  1.1923E+03  3.2891E+04   1.3385E-01  7.6865E-01   0.0000E+00  0.0000E+00   0.0000E+00  0.0000E+00   
