rhoYe is density times electron fraction [g/cm^3], T is temperature [MeV], mu_e is electron chemical potential [MeV]
e-(+) cap is electron (positron) capture, e-(+) dec is electron (positron) decay
For each process, first column is neutrino production [neutrinos/baryon second] and second column is energy loss [MeV/baryon second].
rhoYe     T      mu_e    e- cap                   e+ dec                   e+ cap                   e- dec                   
1.00E+01  0.001  0.509   4.5585E-07  3.1193E-06   2.0945E-01  8.4173E-01   0.0000E+00  0.0000E+00   0.0000E+00  0.0000E+00   
1.00E+01  0.009  0.453   8.6799E-08  5.9449E-07   2.0945E-01  8.4173E-01   0.0000E+00  0.0000E+00   0.0000E+00  0.0000E+00   
1.00E+01  0.017  0.377   6.1652E-08  4.2275E-07   2.0945E-01  8.4173E-01   0.0000E+00  0.0000E+00   0.0000E+00  0.0000E+00   
1.00E+01  0.034  0.205   4.6777E-08  3.2160E-07   2.0945E-01  8.4173E-01   0.0000E+00  0.0000E+00   0.0000E+00  0.0000E+00   
1.00E+01  0.060  0.008   1.6896E-07  1.1671E-06   2.0945E-01  8.4173E-01   0.0000E+00  0.0000E+00   0.0000E+00  0.0000E+00   
1.00E+01  0.086  0.000   3.1844E-06  2.2114E-05   2.0945E-01  8.4173E-01   0.0000E+00  0.0000E+00   0.0000E+00  0.0000E+00   
1.00E+01  0.129  0.000   4.3808E-05  3.0736E-04   2.0944E-01  8.4169E-01   0.0000E+00  0.0000E+00   0.0000E+00  0.0000E+00   
1.00E+01  0.172  0.000   1.9535E-04  1.3868E-03   2.0942E-01  8.4156E-01   0.0000E+00  0.0000E+00   0.0000E+00  0.0000E+00   
1.00E+01  0.259  0.000   1.1628E-03  8.4816E-03   2.0934E-01  8.4117E-01   0.0000E+00  0.0000E+00   0.0000E+00  0.0000E+00   
1.00E+01  0.431  0.000   8.2850E-03  6.4543E-02   2.1035E-01  8.4890E-01   0.0000E+00  0.0000E+00   0.0000E+00  0.0000E+00   
1.00E+01  0.862  0.000   1.0116E-01  9.6977E-01   2.5318E-01  1.1816E+00   0.0000E+00  0.0000E+00   0.0000E+00  0.0000E+00   
1.00E+01  2.585  0.000   3.3232E+00  7.1121E+01   1.3223E+00  1.0876E+01   0.0000E+00  0.0000E+00   0.0000E+00  0.0000E+00   
1.00E+01  0.001  0.509   4.5585E-07  3.1193E-06   2.0945E-01  8.4173E-01   0.0000E+00  0.0000E+00   0.0000E+00  0.0000E+00   
1.00E+01  0.009  0.453   8.6799E-08  5.9449E-07   2.0945E-01  8.4173E-01   0.0000E+00  0.0000E+00   0.0000E+00  0.0000E+00   
1.00E+01  0.017  0.377   6.1652E-08  4.2275E-07   2.0945E-01  8.4173E-01   0.0000E+00  0.0000E+00   0.0000E+00  0.0000E+00   
1.00E+01  0.034  0.205   4.6777E-08  3.2160E-07   2.0945E-01  8.4173E-01   0.0000E+00  0.0000E+00   0.0000E+00  0.0000E+00   
1.00E+01  0.060  0.008   1.6896E-07  1.1671E-06   2.0945E-01  8.4173E-01   0.0000E+00  0.0000E+00   0.0000E+00  0.0000E+00   
1.00E+01  0.086  0.000   3.1844E-06  2.2114E-05   2.0945E-01  8.4173E-01   0.0000E+00  0.0000E+00   0.0000E+00  0.0000E+00   
1.00E+01  0.129  0.000   4.3808E-05  3.0736E-04   2.0944E-01  8.4169E-01   0.0000E+00  0.0000E+00   0.0000E+00  0.0000E+00   
1.00E+01  0.172  0.000   1.9535E-04  1.3868E-03   2.0942E-01  8.4156E-01   0.0000E+00  0.0000E+00   0.0000E+00  0.0000E+00   
1.00E+01  0.259  0.000   1.1628E-03  8.4816E-03   2.0934E-01  8.4117E-01   0.0000E+00  0.0000E+00   0.0000E+00  0.0000E+00   
1.00E+01  0.431  0.000   8.2850E-03  6.4543E-02   2.1035E-01  8.4890E-01   0.0000E+00  0.0000E+00   0.0000E+00  0.0000E+00   
1.00E+01  0.862  0.000   1.0116E-01  9.6977E-01   2.5318E-01  1.1816E+00   0.0000E+00  0.0000E+00   0.0000E+00  0.0000E+00   
1.00E+01  2.585  0.000   3.3232E+00  7.1121E+01   1.3223E+00  1.0876E+01   0.0000E+00  0.0000E+00   0.0000E+00  0.0000E+00   
1.00E+02  0.001  0.511   4.6441E-06  3.1778E-05   2.0945E-01  8.4173E-01   0.0000E+00  0.0000E+00   0.0000E+00  0.0000E+00   
1.00E+02  0.009  0.473   8.6708E-07  5.9387E-06   2.0945E-01  8.4173E-01   0.0000E+00  0.0000E+00   0.0000E+00  0.0000E+00   
1.00E+02  0.017  0.416   6.1620E-07  4.2253E-06   2.0945E-01  8.4173E-01   0.0000E+00  0.0000E+00   0.0000E+00  0.0000E+00   
1.00E+02  0.034  0.284   4.6770E-07  3.2156E-06   2.0945E-01  8.4173E-01   0.0000E+00  0.0000E+00   0.0000E+00  0.0000E+00   
1.00E+02  0.060  0.065   4.3740E-07  3.0213E-06   2.0945E-01  8.4173E-01   0.0000E+00  0.0000E+00   0.0000E+00  0.0000E+00   
1.00E+02  0.086  0.005   3.3472E-06  2.3245E-05   2.0945E-01  8.4173E-01   0.0000E+00  0.0000E+00   0.0000E+00  0.0000E+00   
1.00E+02  0.129  0.000   4.3953E-05  3.0839E-04   2.0944E-01  8.4169E-01   0.0000E+00  0.0000E+00   0.0000E+00  0.0000E+00   
1.00E+02  0.172  0.000   1.9549E-04  1.3878E-03   2.0942E-01  8.4156E-01   0.0000E+00  0.0000E+00   0.0000E+00  0.0000E+00   
1.00E+02  0.259  0.000   1.1629E-03  8.4826E-03   2.0934E-01  8.4117E-01   0.0000E+00  0.0000E+00   0.0000E+00  0.0000E+00   
1.00E+02  0.431  0.000   8.2852E-03  6.4544E-02   2.1035E-01  8.4890E-01   0.0000E+00  0.0000E+00   0.0000E+00  0.0000E+00   
1.00E+02  0.862  0.000   1.0116E-01  9.6978E-01   2.5318E-01  1.1816E+00   0.0000E+00  0.0000E+00   0.0000E+00  0.0000E+00   
1.00E+02  2.585  0.000   3.3232E+00  7.1121E+01   1.3223E+00  1.0876E+01   0.0000E+00  0.0000E+00   0.0000E+00  0.0000E+00   
1.00E+01  0.001  0.509   4.5585E-07  3.1193E-06   2.0945E-01  8.4173E-01   0.0000E+00  0.0000E+00   0.0000E+00  0.0000E+00   
1.00E+01  0.009  0.453   8.6799E-08  5.9449E-07   2.0945E-01  8.4173E-01   0.0000E+00  0.0000E+00   0.0000E+00  0.0000E+00   
1.00E+01  0.017  0.377   6.1652E-08  4.2275E-07   2.0945E-01  8.4173E-01   0.0000E+00  0.0000E+00   0.0000E+00  0.0000E+00   
1.00E+01  0.034  0.205   4.6777E-08  3.2160E-07   2.0945E-01  8.4173E-01   0.0000E+00  0.0000E+00   0.0000E+00  0.0000E+00   
1.00E+01  0.060  0.008   1.6896E-07  1.1671E-06   2.0945E-01  8.4173E-01   0.0000E+00  0.0000E+00   0.0000E+00  0.0000E+00   
1.00E+01  0.086  0.000   3.1844E-06  2.2114E-05   2.0945E-01  8.4173E-01   0.0000E+00  0.0000E+00   0.0000E+00  0.0000E+00   
1.00E+01  0.129  0.000   4.3808E-05  3.0736E-04   2.0944E-01  8.4169E-01   0.0000E+00  0.0000E+00   0.0000E+00  0.0000E+00   
1.00E+01  0.172  0.000   1.9535E-04  1.3868E-03   2.0942E-01  8.4156E-01   0.0000E+00  0.0000E+00   0.0000E+00  0.0000E+00   
1.00E+01  0.259  0.000   1.1628E-03  8.4816E-03   2.0934E-01  8.4117E-01   0.0000E+00  0.0000E+00   0.0000E+00  0.0000E+00   
1.00E+01  0.431  0.000   8.2850E-03  6.4543E-02   2.1035E-01  8.4890E-01   0.0000E+00  0.0000E+00   0.0000E+00  0.0000E+00   
1.00E+01  0.862  0.000   1.0116E-01  9.6977E-01   2.5318E-01  1.1816E+00   0.0000E+00  0.0000E+00   0.0000E+00  0.0000E+00   
1.00E+01  2.585  0.000   3.3232E+00  7.1121E+01   1.3223E+00  1.0876E+01   0.0000E+00  0.0000E+00   0.0000E+00  0.0000E+00   
1.00E+02  0.001  0.511   4.6441E-06  3.1778E-05   2.0945E-01  8.4173E-01   0.0000E+00  0.0000E+00   0.0000E+00  0.0000E+00   
1.00E+02  0.009  0.473   8.6708E-07  5.9387E-06   2.0945E-01  8.4173E-01   0.0000E+00  0.0000E+00   0.0000E+00  0.0000E+00   
1.00E+02  0.017  0.416   6.1620E-07  4.2253E-06   2.0945E-01  8.4173E-01   0.0000E+00  0.0000E+00   0.0000E+00  0.0000E+00   
1.00E+02  0.034  0.284   4.6770E-07  3.2156E-06   2.0945E-01  8.4173E-01   0.0000E+00  0.0000E+00   0.0000E+00  0.0000E+00   
1.00E+02  0.060  0.065   4.3740E-07  3.0213E-06   2.0945E-01  8.4173E-01   0.0000E+00  0.0000E+00   0.0000E+00  0.0000E+00   
1.00E+02  0.086  0.005   3.3472E-06  2.3245E-05   2.0945E-01  8.4173E-01   0.0000E+00  0.0000E+00   0.0000E+00  0.0000E+00   
1.00E+02  0.129  0.000   4.3953E-05  3.0839E-04   2.0944E-01  8.4169E-01   0.0000E+00  0.0000E+00   0.0000E+00  0.0000E+00   
1.00E+02  0.172  0.000   1.9549E-04  1.3878E-03   2.0942E-01  8.4156E-01   0.0000E+00  0.0000E+00   0.0000E+00  0.0000E+00   
1.00E+02  0.259  0.000   1.1629E-03  8.4826E-03   2.0934E-01  8.4117E-01   0.0000E+00  0.0000E+00   0.0000E+00  0.0000E+00   
1.00E+02  0.431  0.000   8.2852E-03  6.4544E-02   2.1035E-01  8.4890E-01   0.0000E+00  0.0000E+00   0.0000E+00  0.0000E+00   
1.00E+02  0.862  0.000   1.0116E-01  9.6978E-01   2.5318E-01  1.1816E+00   0.0000E+00  0.0000E+00   0.0000E+00  0.0000E+00   
1.00E+02  2.585  0.000   3.3232E+00  7.1121E+01   1.3223E+00  1.0876E+01   0.0000E+00  0.0000E+00   0.0000E+00  0.0000E+00   
1.00E+03  0.001  0.513   1.7512E-05  1.1984E-04   2.0945E-01  8.4173E-01   0.0000E+00  0.0000E+00   0.0000E+00  0.0000E+00   
1.00E+03  0.009  0.493   8.5845E-06  5.8797E-05 1.00E+01  0.001  0.509   4.5585E-07  3.1193E-06   2.0945E-01  8.4173E-01   0.0000E+00  0.0000E+00   0.0000E+00  0.0000E+00   
1.00E+01  0.009  0.453   8.6799E-08  5.9449E-07   2.0945E-01  8.4173E-01   0.0000E+00  0.0000E+00   0.0000E+00  0.0000E+00   
1.00E+01  0.017  0.377   6.1652E-08  4.2275E-07   2.0945E-01  8.4173E-01   0.0000E+00  0.0000E+00   0.0000E+00  0.0000E+00   
1.00E+01  0.034  0.205   4.6777E-08  3.2160E-07   2.0945E-01  8.4173E-01   0.0000E+00  0.0000E+00   0.0000E+00  0.0000E+00   
1.00E+01  0.060  0.008   1.6896E-07  1.1671E-06   2.0945E-01  8.4173E-01   0.0000E+00  0.0000E+00   0.0000E+00  0.0000E+00   
1.00E+01  0.086  0.000   3.1844E-06  2.2114E-05   2.0945E-01  8.4173E-01   0.0000E+00  0.0000E+00   0.0000E+00  0.0000E+00   
1.00E+01  0.129  0.000   4.3808E-05  3.0736E-04   2.0944E-01  8.4169E-01   0.0000E+00  0.0000E+00   0.0000E+00  0.0000E+00   
1.00E+01  0.172  0.000   1.9535E-04  1.3868E-03   2.0942E-01  8.4156E-01   0.0000E+00  0.0000E+00   0.0000E+00  0.0000E+00   
1.00E+01  0.259  0.000   1.1628E-03  8.4816E-03   2.0934E-01  8.4117E-01   0.0000E+00  0.0000E+00   0.0000E+00  0.0000E+00   
1.00E+01  0.431  0.000   8.2850E-03  6.4543E-02   2.1035E-01  8.4890E-01   0.0000E+00  0.0000E+00   0.0000E+00  0.0000E+00   
1.00E+01  0.862  0.000   1.0116E-01  9.6977E-01   2.5318E-01  1.1816E+00   0.0000E+00  0.0000E+00   0.0000E+00  0.0000E+00   
1.00E+01  2.585  0.000   3.3232E+00  7.1121E+01   1.3223E+00  1.0876E+01   0.0000E+00  0.0000E+00   0.0000E+00  0.0000E+00   
1.00E+02  0.001  0.511   4.6441E-06  3.1778E-05   2.0945E-01  8.4173E-01   0.0000E+00  0.0000E+00   0.0000E+00  0.0000E+00   
1.00E+02  0.009  0.473   8.6708E-07  5.9387E-06   2.0945E-01  8.4173E-01   0.0000E+00  0.0000E+00   0.0000E+00  0.0000E+00   
1.00E+02  0.017  0.416   6.1620E-07  4.2253E-06   2.0945E-01  8.4173E-01   0.0000E+00  0.0000E+00   0.0000E+00  0.0000E+00   
1.00E+02  0.034  0.284   4.6770E-07  3.2156E-06   2.0945E-01  8.4173E-01   0.0000E+00  0.0000E+00   0.0000E+00  0.0000E+00   
1.00E+02  0.060  0.065   4.3740E-07  3.0213E-06   2.0945E-01  8.4173E-01   0.0000E+00  0.0000E+00   0.0000E+00  0.0000E+00   
1.00E+02  0.086  0.005   3.3472E-06  2.3245E-05   2.0945E-01  8.4173E-01   0.0000E+00  0.0000E+00   0.0000E+00  0.0000E+00   
1.00E+02  0.129  0.000   4.3953E-05  3.0839E-04   2.0944E-01  8.4169E-01   0.0000E+00  0.0000E+00   0.0000E+00  0.0000E+00   
1.00E+02  0.172  0.000   1.9549E-04  1.3878E-03   2.0942E-01  8.4156E-01   0.0000E+00  0.0000E+00   0.0000E+00  0.0000E+00   
1.00E+02  0.259  0.000   1.1629E-03  8.4826E-03   2.0934E-01  8.4117E-01   0.0000E+00  0.0000E+00   0.0000E+00  0.0000E+00   
1.00E+02  0.431  0.000   8.2852E-03  6.4544E-02   2.1035E-01  8.4890E-01   0.0000E+00  0.0000E+00   0.0000E+00  0.0000E+00   
1.00E+02  0.862  0.000   1.0116E-01  9.6978E-01   2.5318E-01  1.1816E+00   0.0000E+00  0.0000E+00   0.0000E+00  0.0000E+00   
1.00E+02  2.585  0.000   3.3232E+00  7.1121E+01   1.3223E+00  1.0876E+01   0.0000E+00  0.0000E+00   0.0000E+00  0.0000E+00   
1.00E+03  0.001  0.513   1.7512E-05  1.1984E-04   2.0945E-01  8.4173E-01   0.0000E+00  0.0000E+00   0.0000E+00  0.0000E+00   
1.00E+03  0.009  0.493   8.5845E-06  5.8797E-05   2.0945E-01  8.4173E-01   0.0000E+00  0.0000E+00   0.0000E+00  0.0000E+00   
1.00E+03  0.009  0.493   8.5845E-06  5.8797E-05 1.00E+01  0.001  0.509   4.5585E-07  3.1193E-06   2.0945E-01  8.4173E-01   0.0000E+00  0.0000E+00   0.0000E+00  0.0000E+00   
1.00E+03  0.017  0.456   6.1312E-06  4.2043E-05   2.0945E-01  8.4173E-01   0.0000E+00  0.0000E+00   0.0000E+00  0.0000E+00   
1.00E+03  0.034  0.364   4.6709E-06  3.2114E-05   2.0945E-01  8.4173E-01   0.0000E+00  0.0000E+00   0.0000E+00  0.0000E+00   
1.00E+03  0.060  0.197   3.8750E-06  2.6767E-05   2.0945E-01  8.4173E-01   0.0000E+00  0.0000E+00   0.0000E+00  0.0000E+00   
1.00E+03  0.086  0.046   5.3764E-06  3.7337E-05   2.0945E-01  8.4173E-01   0.0000E+00  0.0000E+00   0.0000E+00  0.0000E+00   
1.00E+03  0.129  0.005   4.5437E-05  3.1879E-04   2.0944E-01  8.4170E-01   0.0000E+00  0.0000E+00   0.0000E+00  0.0000E+00   
1.00E+03  0.172  0.001   1.9689E-04  1.3978E-03   2.0942E-01  8.4156E-01   0.0000E+00  0.0000E+00   0.0000E+00  0.0000E+00   
1.00E+03  0.259  0.000   1.1643E-03  8.4928E-03   2.0934E-01  8.4117E-01   0.0000E+00  0.0000E+00   0.0000E+00  0.0000E+00   
1.00E+03  0.431  0.000   8.2867E-03  6.4556E-02   2.1035E-01  8.4891E-01   0.0000E+00  0.0000E+00   0.0000E+00  0.0000E+00   
1.00E+03  0.862  0.000   1.0116E-01  9.6980E-01   2.5318E-01  1.1816E+00   0.0000E+00  0.0000E+00   0.0000E+00  0.0000E+00   
1.00E+03  2.585  0.000   3.3232E+00  7.1121E+01   1.3223E+00  1.0876E+01   0.0000E+00  0.0000E+00   0.0000E+00  0.0000E+00   
1.00E+04  0.001  0.523   9.8004E-05  6.7102E-04   2.0945E-01  8.4173E-01   0.0000E+00  0.0000E+00   0.0000E+00  0.0000E+00   
1.00E+04  0.009  0.516   7.2993E-05  5.0008E-04   2.0945E-01  8.4173E-01   0.0000E+00  0.0000E+00   0.0000E+00  0.0000E+00   
1.00E+04  0.017  0.498   5.8466E-05  4.0099E-04   2.0945E-01  8.4173E-01   0.0000E+00  0.0000E+00   0.0000E+00  0.0000E+00   
1.00E+04  0.034  0.444   4.6121E-05  3.1714E-04   2.0945E-01  8.4173E-01   0.0000E+00  0.0000E+00   0.0000E+00  0.0000E+00   
1.00E+04  0.060  0.337   3.8532E-05  2.6619E-04   2.0945E-01  8.4173E-01   0.0000E+00  0.0000E+00   0.0000E+00  0.0000E+00   
1.00E+04  0.086  0.209   3.5339E-05  2.4544E-04   2.0945E-01  8.4173E-01   0.0000E+00  0.0000E+00   0.0000E+00  0.0000E+00   
1.00E+04  0.129  0.047   6.2813E-05  4.4072E-04   2.0944E-01  8.4171E-01   0.0000E+00  0.0000E+00   0.0000E+00  0.0000E+00   
1.00E+04  0.172  0.014   2.1151E-04  1.5016E-03   2.0942E-01  8.4157E-01   0.0000E+00  0.0000E+00   0.0000E+00  0.0000E+00   
1.00E+04  0.259  0.004   1.1783E-03  8.5950E-03   2.0934E-01  8.4118E-01   0.0000E+00  0.0000E+00   0.0000E+00  0.0000E+00   
1.00E+04  0.431  0.001   8.3018E-03  6.4674E-02   2.1035E-01  8.4892E-01   0.0000E+00  0.0000E+00   0.0000E+00  0.0000E+00   
1.00E+04  0.862  0.000   1.0118E-01  9.6999E-01   2.5318E-01  1.1816E+00   0.0000E+00  0.0000E+00   0.0000E+00  0.0000E+00   
1.00E+04  2.585  0.000   3.3232E+00  7.1121E+01   1.3223E+00  1.0876E+01   0.0000E+00  0.0000E+00   0.0000E+00  0.0000E+00   
1.00E+05  0.001  0.565   4.9894E-04  3.4248E-03   2.0945E-01  8.4173E-01   0.0000E+00  0.0000E+00   0.0000E+00  0.0000E+00   
1.00E+05  0.009  0.563   4.8481E-04  3.3285E-03   2.0945E-01  8.4173E-01   0.0000E+00  0.0000E+00   0.0000E+00  0.0000E+00   
1.00E+05  0.017  0.558   4.6408E-04  3.1885E-03   2.0945E-01  8.4173E-01   0.0000E+00  0.0000E+00   0.0000E+00  0.0000E+00   
1.00E+05  0.034  0.537   4.1823E-04  2.8798E-03   2.0945E-01  8.4173E-01   0.0000E+00  0.0000E+00   0.0000E+00  0.0000E+00   
1.00E+05  0.060  0.485   3.7151E-04  2.5691E-03   2.0945E-01  8.4173E-01   0.0000E+00  0.0000E+00   0.0000E+00  0.0000E+00   
1.00E+05  0.086  0.413   3.4474E-04  2.3963E-03   2.0945E-01  8.4173E-01   0.0000E+00  0.0000E+00   0.0000E+00  0.0000E+00   
1.00E+05  0.129  0.265   3.2716E-04  2.2968E-03   2.0945E-01  8.4173E-01   0.0000E+00  0.0000E+00   0.0000E+00  0.0000E+00   
1.00E+05  0.172  0.128   4.0468E-04  2.8739E-03   2.0944E-01  8.4165E-01   0.0000E+00  0.0000E+00   0.0000E+00  0.0000E+00   
1.00E+05  0.259  0.035   1.3270E-03  9.6811E-03   2.0936E-01  8.4130E-01   0.0000E+00  0.0000E+00   0.0000E+00  0.0000E+00   
1.00E+05  0.431  0.009   8.4540E-03  6.5864E-02   2.1037E-01  8.4903E-01   0.0000E+00  0.0000E+00   0.0000E+00  0.0000E+00   
1.00E+05  0.862  0.002   1.0138E-01  9.7188E-01   2.5319E-01  1.1817E+00   0.0000E+00  0.0000E+00   0.0000E+00  0.0000E+00   
1.00E+05  2.585  0.000   3.3234E+00  7.1126E+01   1.3223E+00  1.0877E+01   0.0000E+00  0.0000E+00   0.0000E+00  0.0000E+00   
1.00E+06  0.001  0.726   3.2727E-03  2.2714E-02   2.0945E-01  8.4173E-01   0.0000E+00  0.0000E+00   0.0000E+00  0.0000E+00   
1.00E+06  0.009  0.725   3.2493E-03  2.2552E-02   2.0945E-01  8.4173E-01   0.0000E+00  0.0000E+00   0.0000E+00  0.0000E+00   
1.00E+06  0.017  0.724   3.2548E-03  2.2598E-02   2.0945E-01  8.4173E-01   0.0000E+00  0.0000E+00   0.0000E+00  0.0000E+00   
1.00E+06  0.034  0.718   3.2398E-03  2.2519E-02   2.0945E-01  8.4173E-01   0.0000E+00  0.0000E+00   0.0000E+00  0.0000E+00   
1.00E+06  0.060  0.700   3.2013E-03  2.2317E-02   2.0945E-01  8.4173E-01   0.0000E+00  0.0000E+00   0.0000E+00  0.0000E+00   
1.00E+06  0.086  0.672   3.1555E-03  2.2085E-02   2.0945E-01  8.4173E-01   0.0000E+00  0.0000E+00   0.0000E+00  0.0000E+00   
1.00E+06  0.129  0.604   3.0941E-03  2.1841E-02   2.0945E-01  8.4173E-01   0.0000E+00  0.0000E+00   0.0000E+00  0.0000E+00   
1.00E+06  0.172  0.512   3.0732E-03  2.1918E-02   2.0945E-01  8.4173E-01   0.0000E+00  0.0000E+00   0.0000E+00  0.0000E+00   
1.00E+06  0.259  0.299   3.4587E-03  2.5290E-02   2.0947E-01  8.4191E-01   0.0000E+00  0.0000E+00   0.0000E+00  0.0000E+00   
1.00E+06  0.431  0.091   1.0119E-02  7.8893E-02   2.1055E-01  8.5002E-01   0.0000E+00  0.0000E+00   0.0000E+00  0.0000E+00   
1.00E+06  0.862  0.020   1.0336E-01  9.9106E-01   2.5332E-01  1.1824E+00   0.0000E+00  0.0000E+00   0.0000E+00  0.0000E+00   
1.00E+06  2.585  0.002   3.3257E+00  7.1176E+01   1.3223E+00  1.0877E+01   0.0000E+00  0.0000E+00   0.0000E+00  0.0000E+00   
1.00E+07  0.001  1.223   2.9412E-02  2.1215E-01   2.0945E-01  8.4173E-01   0.0000E+00  0.0000E+00   0.0000E+00  0.0000E+00   
1.00E+07  0.009  1.222   2.9349E-02  2.1170E-01   2.0945E-01  8.4173E-01   0.0000E+00  0.0000E+00   0.0000E+00  0.0000E+00   
1.00E+07  0.017  1.222   2.9353E-02  2.1176E-01   2.0945E-01  8.4173E-01   0.0000E+00  0.0000E+00   0.0000E+00  0.0000E+00   
1.00E+07  0.034  1.219   2.9397E-02  2.1219E-01   2.0945E-01  8.4173E-01   0.0000E+00  0.0000E+00   0.0000E+00  0.0000E+00   
1.00E+07  0.060  1.212   2.9469E-02  2.1301E-01   2.0945E-01  8.4173E-01   0.0000E+00  0.0000E+00   0.0000E+00  0.0000E+00   
1.00E+07  0.086  1.200   2.9582E-02  2.1429E-01   2.0945E-01  8.4173E-01   0.0000E+00  0.0000E+00   0.0000E+00  0.0000E+00   
1.00E+07  0.129  1.173   2.9847E-02  2.1733E-01   2.0945E-01  8.4173E-01   0.0000E+00  0.0000E+00   0.0000E+00  0.0000E+00   
1.00E+07  0.172  1.133   3.0198E-02  2.2142E-01   2.0945E-01  8.4174E-01   0.0000E+00  0.0000E+00   0.0000E+00  0.0000E+00   
1.00E+07  0.259  1.021   3.1164E-02  2.3276E-01   2.0953E-01  8.4224E-01   0.0000E+00  0.0000E+00   0.0000E+00  0.0000E+00   
1.00E+07  0.431  0.698   3.5604E-02  2.8046E-01   2.1124E-01  8.5381E-01   0.0000E+00  0.0000E+00   0.0000E+00  0.0000E+00   
1.00E+07  0.862  0.196   1.2516E-01  1.2024E+00   2.5448E-01  1.1887E+00   0.0000E+00  0.0000E+00   0.0000E+00  0.0000E+00   
1.00E+07  2.585  0.021   3.3487E+00  7.1673E+01   1.3229E+00  1.0883E+01   0.0000E+00  0.0000E+00   0.0000E+00  0.0000E+00   
1.00E+08  0.001  2.447   3.5267E-01  2.8138E+00   2.0945E-01  8.4173E-01   0.0000E+00  0.0000E+00   0.0000E+00  0.0000E+00   
1.00E+08  0.009  2.447   3.5241E-01  2.8116E+00   2.0945E-01  8.4173E-01   0.0000E+00  0.0000E+00   0.0000E+00  0.0000E+00   
1.00E+08  0.017  2.446   3.5231E-01  2.8109E+00   2.0945E-01  8.4173E-01   0.0000E+00  0.0000E+00   0.0000E+00  0.0000E+00   
1.00E+08  0.034  2.445   3.5263E-01  2.8143E+00   2.0945E-01  8.4173E-01   0.0000E+00  0.0000E+00   0.0000E+00  0.0000E+00   
1.00E+08  0.060  2.442   3.5311E-01  2.8201E+00   2.0945E-01  8.4173E-01   0.0000E+00  0.0000E+00   0.0000E+00  0.0000E+00   
1.00E+08  0.086  2.437   3.5388E-01  2.8294E+00   2.0945E-01  8.4173E-01   0.0000E+00  0.0000E+00   0.0000E+00  0.0000E+00   
1.00E+08  0.129  2.424   3.5575E-01  2.8519E+00   2.0945E-01  8.4173E-01   0.0000E+00  0.0000E+00   0.0000E+00  0.0000E+00   
1.00E+08  0.172  2.406   3.5835E-01  2.8835E+00   2.0945E-01  8.4174E-01   0.0000E+00  0.0000E+00   0.0000E+00  0.0000E+00   
1.00E+08  0.259  2.355   3.6560E-01  2.9730E+00   2.0953E-01  8.4227E-01   0.0000E+00  0.0000E+00   0.0000E+00  0.0000E+00   
1.00E+08  0.431  2.192   3.8650E-01  3.2526E+00   2.1147E-01  8.5507E-01   0.0000E+00  0.0000E+00   0.0000E+00  0.0000E+00   
1.00E+08  0.862  1.493   4.7311E-01  4.6540E+00   2.5887E-01  1.2129E+00   0.0000E+00  0.0000E+00   0.0000E+00  0.0000E+00   
1.00E+08  2.585  0.209   3.5866E+00  7.6832E+01   1.3290E+00  1.0945E+01   0.0000E+00  0.0000E+00   0.0000E+00  0.0000E+00   
1.00E+09  0.001  5.181   5.6517E+00  5.5875E+01   2.0945E-01  8.4173E-01   0.0000E+00  0.0000E+00   0.0000E+00  0.0000E+00   
1.00E+09  0.009  5.180   5.6494E+00  5.5850E+01   2.0945E-01  8.4173E-01   0.0000E+00  0.0000E+00   0.0000E+00  0.0000E+00   
1.00E+09  0.017  5.180   5.6482E+00  5.5839E+01   2.0945E-01  8.4173E-01   0.0000E+00  0.0000E+00   0.0000E+00  0.0000E+00   
1.00E+09  0.034  5.180   5.6506E+00  5.5871E+01   2.0945E-01  8.4173E-01   0.0000E+00  0.0000E+00   0.0000E+00  0.0000E+00   
1.00E+09  0.060  5.178   5.6536E+00  5.5919E+01   2.0945E-01  8.4173E-01   0.0000E+00  0.0000E+00   0.0000E+00  0.0000E+00   
1.00E+09  0.086  5.176   5.6585E+00  5.5997E+01   2.0945E-01  8.4173E-01   0.0000E+00  0.0000E+00   0.0000E+00  0.0000E+00   
1.00E+09  0.129  5.170   5.6706E+00  5.6187E+01   2.0945E-01  8.4173E-01   0.0000E+00  0.0000E+00   0.0000E+00  0.0000E+00   
1.00E+09  0.172  5.161   5.6873E+00  5.6453E+01   2.0945E-01  8.4174E-01   0.0000E+00  0.0000E+00   0.0000E+00  0.0000E+00   
1.00E+09  0.259  5.138   5.7339E+00  5.7207E+01   2.0953E-01  8.4227E-01   0.0000E+00  0.0000E+00   0.0000E+00  0.0000E+00   
1.00E+09  0.431  5.062   5.8522E+00  5.9466E+01   2.1148E-01  8.5511E-01   0.0000E+00  0.0000E+00   0.0000E+00  0.0000E+00   
1.00E+09  0.862  4.708   6.0791E+00  6.8083E+01   2.6022E-01  1.2204E+00   0.0000E+00  0.0000E+00   0.0000E+00  0.0000E+00   
1.00E+09  2.585  1.972   6.7495E+00  1.4608E+02   1.3718E+00  1.1387E+01   0.0000E+00  0.0000E+00   0.0000E+00  0.0000E+00   
1.00E+10  0.001  11.119  1.2436E+02  1.7942E+03   2.0945E-01  8.4173E-01   0.0000E+00  0.0000E+00   0.0000E+00  0.0000E+00   
1.00E+10  0.009  11.118  1.2432E+02  1.7935E+03   2.0945E-01  8.4173E-01   0.0000E+00  0.0000E+00   0.0000E+00  0.0000E+00   
1.00E+10  0.017  11.118  1.2431E+02  1.7932E+03   2.0945E-01  8.4173E-01   0.0000E+00  0.0000E+00   0.0000E+00  0.0000E+00   
1.00E+10  0.034  11.118  1.2433E+02  1.7937E+03   2.0945E-01  8.4173E-01   0.0000E+00  0.0000E+00   0.0000E+00  0.0000E+00   
1.00E+10  0.060  11.117  1.2435E+02  1.7942E+03   2.0945E-01  8.4173E-01   0.0000E+00  0.0000E+00   0.0000E+00  0.0000E+00   
1.00E+10  0.086  11.116  1.2439E+02  1.7951E+03   2.0945E-01  8.4173E-01   0.0000E+00  0.0000E+00   0.0000E+00  0.0000E+00   
1.00E+10  0.129  11.113  1.2447E+02  1.7972E+03   2.0945E-01  8.4173E-01   0.0000E+00  0.0000E+00   0.0000E+00  0.0000E+00   
1.00E+10  0.172  11.109  1.2460E+02  1.8002E+03   2.0945E-01  8.4174E-01   0.0000E+00  0.0000E+00   0.0000E+00  0.0000E+00   
1.00E+10  0.259  11.098  1.2491E+02  1.8084E+03   2.0953E-01  8.4227E-01   0.0000E+00  0.0000E+00   0.0000E+00  0.0000E+00   
1.00E+10  0.431  11.063  1.2504E+02  1.8252E+03   2.1148E-01  8.5511E-01   0.0000E+00  0.0000E+00   0.0000E+00  0.0000E+00   
1.00E+10  0.862  10.898  1.1883E+02  1.8213E+03   2.6026E-01  1.2206E+00   0.0000E+00  0.0000E+00   0.0000E+00  0.0000E+00   
1.00E+10  2.585  9.163   6.4809E+01  1.5385E+03   1.4201E+00  1.1892E+01   0.0000E+00  0.0000E+00   0.0000E+00  0.0000E+00   
1.00E+11  0.001  23.934  3.6581E+03  9.0630E+04   2.0945E-01  8.4173E-01   0.0000E+00  0.0000E+00   0.0000E+00  0.0000E+00   
1.00E+11  0.009  23.934  3.6575E+03  9.0612E+04   2.0945E-01  8.4173E-01   0.0000E+00  0.0000E+00   0.0000E+00  0.0000E+00   
1.00E+11  0.017  23.933  3.6575E+03  9.0610E+04   2.0945E-01  8.4173E-01   0.0000E+00  0.0000E+00   0.0000E+00  0.0000E+00   
1.00E+11  0.034  23.934  3.6577E+03  9.0619E+04   2.0945E-01  8.4173E-01   0.0000E+00  0.0000E+00   0.0000E+00  0.0000E+00   
1.00E+11  0.060  23.933  3.6579E+03  9.0627E+04   2.0945E-01  8.4173E-01   0.0000E+00  0.0000E+00   0.0000E+00  0.0000E+00   
1.00E+11  0.086  23.933  3.6582E+03  9.0640E+04   2.0945E-01  8.4173E-01   0.0000E+00  0.0000E+00   0.0000E+00  0.0000E+00   
1.00E+11  0.129  23.931  3.6589E+03  9.0671E+04   2.0945E-01  8.4173E-01   0.0000E+00  0.0000E+00   0.0000E+00  0.0000E+00   
1.00E+11  0.172  23.930  3.6599E+03  9.0715E+04   2.0945E-01  8.4174E-01   0.0000E+00  0.0000E+00   0.0000E+00  0.0000E+00   
1.00E+11  0.259  23.924  3.6613E+03  9.0808E+04   2.0953E-01  8.4227E-01   0.0000E+00  0.0000E+00   0.0000E+00  0.0000E+00   
1.00E+11  0.431  23.908  3.6349E+03  9.0433E+04   2.1148E-01  8.5511E-01   0.0000E+00  0.0000E+00   0.0000E+00  0.0000E+00   
1.00E+11  0.862  23.832  3.2966E+03  8.3741E+04   2.6026E-01  1.2206E+00   0.0000E+00  0.0000E+00   0.0000E+00  0.0000E+00   
1.00E+11  2.585  23.015  1.2626E+03  4.0080E+04   1.4236E+00  1.1929E+01   0.0000E+00  0.0000E+00   0.0000E+00  0.0000E+00   
