rhoYe is density times electron fraction [g/cm^3], T is temperature [MeV], mu_e is electron chemical potential [MeV]
e-(+) cap is electron (positron) capture, e-(+) dec is electron (positron) decay
For each process, first column is neutrino production [neutrinos/baryon second] and second column is energy loss [MeV/baryon second].
rhoYe     T      mu_e    e- cap                   e+ dec                   e+ cap                   e- dec                   
1.00E+01  0.001  0.509   0.0000E+00  0.0000E+00   0.0000E+00  0.0000E+00   0.0000E+00  0.0000E+00   3.2506E+00  2.4856E+01   
1.00E+01  0.009  0.453   0.0000E+00  0.0000E+00   0.0000E+00  0.0000E+00   9.4123E-55  1.2275E-53   3.2506E+00  2.4856E+01   
1.00E+01  0.017  0.377   0.0000E+00  0.0000E+00   0.0000E+00  0.0000E+00   6.6472E-28  8.6776E-27   3.2506E+00  2.4856E+01   
1.00E+01  0.034  0.205   0.0000E+00  0.0000E+00   0.0000E+00  0.0000E+00   5.7888E-14  7.5705E-13   3.2424E+00  2.4790E+01   
1.00E+01  0.060  0.008   0.0000E+00  0.0000E+00   0.0000E+00  0.0000E+00   3.1558E-08  4.1264E-07   3.1148E+00  2.3754E+01   
1.00E+01  0.086  0.000   0.0000E+00  0.0000E+00   0.0000E+00  0.0000E+00   8.5799E-07  1.1180E-05   2.8711E+00  2.1776E+01   
1.00E+01  0.129  0.000   0.0000E+00  0.0000E+00   0.0000E+00  0.0000E+00   1.2713E-05  1.6480E-04   2.5056E+00  1.8814E+01   
1.00E+01  0.172  0.000   0.0000E+00  0.0000E+00   0.0000E+00  0.0000E+00   5.7848E-05  7.4916E-04   2.2755E+00  1.6954E+01   
1.00E+01  0.259  0.000   0.0000E+00  0.0000E+00   0.0000E+00  0.0000E+00   3.4726E-04  4.5360E-03   2.0547E+00  1.5179E+01   
1.00E+01  0.431  0.000   0.0000E+00  0.0000E+00   0.0000E+00  0.0000E+00   2.4364E-03  3.3028E-02   1.9585E+00  1.4420E+01   
1.00E+01  0.862  0.000   0.0000E+00  0.0000E+00   0.0000E+00  0.0000E+00   2.9077E-02  4.4561E-01   2.1428E+00  1.5892E+01   
1.00E+01  2.585  0.000   0.0000E+00  0.0000E+00   0.0000E+00  0.0000E+00   1.4507E+00  3.4483E+01   2.6264E+00  1.9993E+01   
1.00E+01  0.001  0.509   0.0000E+00  0.0000E+00   0.0000E+00  0.0000E+00   0.0000E+00  0.0000E+00   3.2506E+00  2.4856E+01   
1.00E+01  0.009  0.453   0.0000E+00  0.0000E+00   0.0000E+00  0.0000E+00   9.4123E-55  1.2275E-53   3.2506E+00  2.4856E+01   
1.00E+01  0.017  0.377   0.0000E+00  0.0000E+00   0.0000E+00  0.0000E+00   6.6472E-28  8.6776E-27   3.2506E+00  2.4856E+01   
1.00E+01  0.034  0.205   0.0000E+00  0.0000E+00   0.0000E+00  0.0000E+00   5.7888E-14  7.5705E-13   3.2424E+00  2.4790E+01   
1.00E+01  0.060  0.008   0.0000E+00  0.0000E+00   0.0000E+00  0.0000E+00   3.1558E-08  4.1264E-07   3.1148E+00  2.3754E+01   
1.00E+01  0.086  0.000   0.0000E+00  0.0000E+00   0.0000E+00  0.0000E+00   8.5799E-07  1.1180E-05   2.8711E+00  2.1776E+01   
1.00E+01  0.129  0.000   0.0000E+00  0.0000E+00   0.0000E+00  0.0000E+00   1.2713E-05  1.6480E-04   2.5056E+00  1.8814E+01   
1.00E+01  0.172  0.000   0.0000E+00  0.0000E+00   0.0000E+00  0.0000E+00   5.7848E-05  7.4916E-04   2.2755E+00  1.6954E+01   
1.00E+01  0.259  0.000   0.0000E+00  0.0000E+00   0.0000E+00  0.0000E+00   3.4726E-04  4.5360E-03   2.0547E+00  1.5179E+01   
1.00E+01  0.431  0.000   0.0000E+00  0.0000E+00   0.0000E+00  0.0000E+00   2.4364E-03  3.3028E-02   1.9585E+00  1.4420E+01   
1.00E+01  0.862  0.000   0.0000E+00  0.0000E+00   0.0000E+00  0.0000E+00   2.9077E-02  4.4561E-01   2.1428E+00  1.5892E+01   
1.00E+01  2.585  0.000   0.0000E+00  0.0000E+00   0.0000E+00  0.0000E+00   1.4507E+00  3.4483E+01   2.6264E+00  1.9993E+01   
1.00E+02  0.001  0.511   0.0000E+00  0.0000E+00   0.0000E+00  0.0000E+00   0.0000E+00  0.0000E+00   3.2506E+00  2.4856E+01   
1.00E+02  0.009  0.473   0.0000E+00  0.0000E+00   0.0000E+00  0.0000E+00   9.3712E-56  1.2222E-54   3.2506E+00  2.4856E+01   
1.00E+02  0.017  0.416   0.0000E+00  0.0000E+00   0.0000E+00  0.0000E+00   6.6389E-29  8.6669E-28   3.2506E+00  2.4856E+01   
1.00E+02  0.034  0.284   0.0000E+00  0.0000E+00   0.0000E+00  0.0000E+00   5.7864E-15  7.5674E-14   3.2424E+00  2.4790E+01   
1.00E+02  0.060  0.065   0.0000E+00  0.0000E+00   0.0000E+00  0.0000E+00   1.2189E-08  1.5938E-07   3.1148E+00  2.3754E+01   
1.00E+02  0.086  0.005   0.0000E+00  0.0000E+00   0.0000E+00  0.0000E+00   8.1623E-07  1.0636E-05   2.8711E+00  2.1776E+01   
1.00E+02  0.129  0.000   0.0000E+00  0.0000E+00   0.0000E+00  0.0000E+00   1.2671E-05  1.6425E-04   2.5056E+00  1.8814E+01   
1.00E+02  0.172  0.000   0.0000E+00  0.0000E+00   0.0000E+00  0.0000E+00   5.7806E-05  7.4862E-04   2.2755E+00  1.6954E+01   
1.00E+02  0.259  0.000   0.0000E+00  0.0000E+00   0.0000E+00  0.0000E+00   3.4722E-04  4.5355E-03   2.0547E+00  1.5179E+01   
1.00E+02  0.431  0.000   0.0000E+00  0.0000E+00   0.0000E+00  0.0000E+00   2.4363E-03  3.3027E-02   1.9585E+00  1.4420E+01   
1.00E+02  0.862  0.000   0.0000E+00  0.0000E+00   0.0000E+00  0.0000E+00   2.9077E-02  4.4561E-01   2.1428E+00  1.5892E+01   
1.00E+02  2.585  0.000   0.0000E+00  0.0000E+00   0.0000E+00  0.0000E+00   1.4507E+00  3.4483E+01   2.6264E+00  1.9993E+01   
1.00E+01  0.001  0.509   0.0000E+00  0.0000E+00   0.0000E+00  0.0000E+00   0.0000E+00  0.0000E+00   3.2506E+00  2.4856E+01   
1.00E+01  0.009  0.453   0.0000E+00  0.0000E+00   0.0000E+00  0.0000E+00   9.4123E-55  1.2275E-53   3.2506E+00  2.4856E+01   
1.00E+01  0.017  0.377   0.0000E+00  0.0000E+00   0.0000E+00  0.0000E+00   6.6472E-28  8.6776E-27   3.2506E+00  2.4856E+01   
1.00E+01  0.034  0.205   0.0000E+00  0.0000E+00   0.0000E+00  0.0000E+00   5.7888E-14  7.5705E-13   3.2424E+00  2.4790E+01   
1.00E+01  0.060  0.008   0.0000E+00  0.0000E+00   0.0000E+00  0.0000E+00   3.1558E-08  4.1264E-07   3.1148E+00  2.3754E+01   
1.00E+01  0.086  0.000   0.0000E+00  0.0000E+00   0.0000E+00  0.0000E+00   8.5799E-07  1.1180E-05   2.8711E+00  2.1776E+01   
1.00E+01  0.129  0.000   0.0000E+00  0.0000E+00   0.0000E+00  0.0000E+00   1.2713E-05  1.6480E-04   2.5056E+00  1.8814E+01   
1.00E+01  0.172  0.000   0.0000E+00  0.0000E+00   0.0000E+00  0.0000E+00   5.7848E-05  7.4916E-04   2.2755E+00  1.6954E+01   
1.00E+01  0.259  0.000   0.0000E+00  0.0000E+00   0.0000E+00  0.0000E+00   3.4726E-04  4.5360E-03   2.0547E+00  1.5179E+01   
1.00E+01  0.431  0.000   0.0000E+00  0.0000E+00   0.0000E+00  0.0000E+00   2.4364E-03  3.3028E-02   1.9585E+00  1.4420E+01   
1.00E+01  0.862  0.000   0.0000E+00  0.0000E+00   0.0000E+00  0.0000E+00   2.9077E-02  4.4561E-01   2.1428E+00  1.5892E+01   
1.00E+01  2.585  0.000   0.0000E+00  0.0000E+00   0.0000E+00  0.0000E+00   1.4507E+00  3.4483E+01   2.6264E+00  1.9993E+01   
1.00E+02  0.001  0.511   0.0000E+00  0.0000E+00   0.0000E+00  0.0000E+00   0.0000E+00  0.0000E+00   3.2506E+00  2.4856E+01   
1.00E+02  0.009  0.473   0.0000E+00  0.0000E+00   0.0000E+00  0.0000E+00   9.3712E-56  1.2222E-54   3.2506E+00  2.4856E+01   
1.00E+02  0.017  0.416   0.0000E+00  0.0000E+00   0.0000E+00  0.0000E+00   6.6389E-29  8.6669E-28   3.2506E+00  2.4856E+01   
1.00E+02  0.034  0.284   0.0000E+00  0.0000E+00   0.0000E+00  0.0000E+00   5.7864E-15  7.5674E-14   3.2424E+00  2.4790E+01   
1.00E+02  0.060  0.065   0.0000E+00  0.0000E+00   0.0000E+00  0.0000E+00   1.2189E-08  1.5938E-07   3.1148E+00  2.3754E+01   
1.00E+02  0.086  0.005   0.0000E+00  0.0000E+00   0.0000E+00  0.0000E+00   8.1623E-07  1.0636E-05   2.8711E+00  2.1776E+01   
1.00E+02  0.129  0.000   0.0000E+00  0.0000E+00   0.0000E+00  0.0000E+00   1.2671E-05  1.6425E-04   2.5056E+00  1.8814E+01   
1.00E+02  0.172  0.000   0.0000E+00  0.0000E+00   0.0000E+00  0.0000E+00   5.7806E-05  7.4862E-04   2.2755E+00  1.6954E+01   
1.00E+02  0.259  0.000   0.0000E+00  0.0000E+00   0.0000E+00  0.0000E+00   3.4722E-04  4.5355E-03   2.0547E+00  1.5179E+01   
1.00E+02  0.431  0.000   0.0000E+00  0.0000E+00   0.0000E+00  0.0000E+00   2.4363E-03  3.3027E-02   1.9585E+00  1.4420E+01   
1.00E+02  0.862  0.000   0.0000E+00  0.0000E+00   0.0000E+00  0.0000E+00   2.9077E-02  4.4561E-01   2.1428E+00  1.5892E+01   
1.00E+02  2.585  0.000   0.0000E+00  0.0000E+00   0.0000E+00  0.0000E+00   1.4507E+00  3.4483E+01   2.6264E+00  1.9993E+01   
1.00E+03  0.001  0.513   0.0000E+00  0.0000E+00   0.0000E+00  0.0000E+00   0.0000E+00  0.0000E+00   3.2506E+00  2.4856E+01   
1.00E+03  0.009  0.493   0.0000E+00  0.0000E+00 1.00E+01  0.001  0.509   0.0000E+00  0.0000E+00   0.0000E+00  0.0000E+00   0.0000E+00  0.0000E+00   3.2506E+00  2.4856E+01   
1.00E+01  0.009  0.453   0.0000E+00  0.0000E+00   0.0000E+00  0.0000E+00   9.4123E-55  1.2275E-53   3.2506E+00  2.4856E+01   
1.00E+01  0.017  0.377   0.0000E+00  0.0000E+00   0.0000E+00  0.0000E+00   6.6472E-28  8.6776E-27   3.2506E+00  2.4856E+01   
1.00E+01  0.034  0.205   0.0000E+00  0.0000E+00   0.0000E+00  0.0000E+00   5.7888E-14  7.5705E-13   3.2424E+00  2.4790E+01   
1.00E+01  0.060  0.008   0.0000E+00  0.0000E+00   0.0000E+00  0.0000E+00   3.1558E-08  4.1264E-07   3.1148E+00  2.3754E+01   
1.00E+01  0.086  0.000   0.0000E+00  0.0000E+00   0.0000E+00  0.0000E+00   8.5799E-07  1.1180E-05   2.8711E+00  2.1776E+01   
1.00E+01  0.129  0.000   0.0000E+00  0.0000E+00   0.0000E+00  0.0000E+00   1.2713E-05  1.6480E-04   2.5056E+00  1.8814E+01   
1.00E+01  0.172  0.000   0.0000E+00  0.0000E+00   0.0000E+00  0.0000E+00   5.7848E-05  7.4916E-04   2.2755E+00  1.6954E+01   
1.00E+01  0.259  0.000   0.0000E+00  0.0000E+00   0.0000E+00  0.0000E+00   3.4726E-04  4.5360E-03   2.0547E+00  1.5179E+01   
1.00E+01  0.431  0.000   0.0000E+00  0.0000E+00   0.0000E+00  0.0000E+00   2.4364E-03  3.3028E-02   1.9585E+00  1.4420E+01   
1.00E+01  0.862  0.000   0.0000E+00  0.0000E+00   0.0000E+00  0.0000E+00   2.9077E-02  4.4561E-01   2.1428E+00  1.5892E+01   
1.00E+01  2.585  0.000   0.0000E+00  0.0000E+00   0.0000E+00  0.0000E+00   1.4507E+00  3.4483E+01   2.6264E+00  1.9993E+01   
1.00E+02  0.001  0.511   0.0000E+00  0.0000E+00   0.0000E+00  0.0000E+00   0.0000E+00  0.0000E+00   3.2506E+00  2.4856E+01   
1.00E+02  0.009  0.473   0.0000E+00  0.0000E+00   0.0000E+00  0.0000E+00   9.3712E-56  1.2222E-54   3.2506E+00  2.4856E+01   
1.00E+02  0.017  0.416   0.0000E+00  0.0000E+00   0.0000E+00  0.0000E+00   6.6389E-29  8.6669E-28   3.2506E+00  2.4856E+01   
1.00E+02  0.034  0.284   0.0000E+00  0.0000E+00   0.0000E+00  0.0000E+00   5.7864E-15  7.5674E-14   3.2424E+00  2.4790E+01   
1.00E+02  0.060  0.065   0.0000E+00  0.0000E+00   0.0000E+00  0.0000E+00   1.2189E-08  1.5938E-07   3.1148E+00  2.3754E+01   
1.00E+02  0.086  0.005   0.0000E+00  0.0000E+00   0.0000E+00  0.0000E+00   8.1623E-07  1.0636E-05   2.8711E+00  2.1776E+01   
1.00E+02  0.129  0.000   0.0000E+00  0.0000E+00   0.0000E+00  0.0000E+00   1.2671E-05  1.6425E-04   2.5056E+00  1.8814E+01   
1.00E+02  0.172  0.000   0.0000E+00  0.0000E+00   0.0000E+00  0.0000E+00   5.7806E-05  7.4862E-04   2.2755E+00  1.6954E+01   
1.00E+02  0.259  0.000   0.0000E+00  0.0000E+00   0.0000E+00  0.0000E+00   3.4722E-04  4.5355E-03   2.0547E+00  1.5179E+01   
1.00E+02  0.431  0.000   0.0000E+00  0.0000E+00   0.0000E+00  0.0000E+00   2.4363E-03  3.3027E-02   1.9585E+00  1.4420E+01   
1.00E+02  0.862  0.000   0.0000E+00  0.0000E+00   0.0000E+00  0.0000E+00   2.9077E-02  4.4561E-01   2.1428E+00  1.5892E+01   
1.00E+02  2.585  0.000   0.0000E+00  0.0000E+00   0.0000E+00  0.0000E+00   1.4507E+00  3.4483E+01   2.6264E+00  1.9993E+01   
1.00E+03  0.001  0.513   0.0000E+00  0.0000E+00   0.0000E+00  0.0000E+00   0.0000E+00  0.0000E+00   3.2506E+00  2.4856E+01   
1.00E+03  0.009  0.493   0.0000E+00  0.0000E+00   0.0000E+00  0.0000E+00   8.9682E-57  1.1696E-55   3.2506E+00  2.4856E+01   
1.00E+03  0.009  0.493   0.0000E+00  0.0000E+00 1.00E+01  0.001  0.509   0.0000E+00  0.0000E+00   0.0000E+00  0.0000E+00   0.0000E+00  0.0000E+00   3.2506E+00  2.4856E+01   
1.00E+03  0.017  0.456   0.0000E+00  0.0000E+00   0.0000E+00  0.0000E+00   6.5575E-30  8.5606E-29   3.2506E+00  2.4856E+01   
1.00E+03  0.034  0.364   0.0000E+00  0.0000E+00   0.0000E+00  0.0000E+00   5.7624E-16  7.5360E-15   3.2424E+00  2.4790E+01   
1.00E+03  0.060  0.197   0.0000E+00  0.0000E+00   0.0000E+00  0.0000E+00   1.3732E-09  1.7955E-08   3.1148E+00  2.3754E+01   
1.00E+03  0.086  0.046   0.0000E+00  0.0000E+00   0.0000E+00  0.0000E+00   5.0797E-07  6.6192E-06   2.8711E+00  2.1776E+01   
1.00E+03  0.129  0.005   0.0000E+00  0.0000E+00   0.0000E+00  0.0000E+00   1.2257E-05  1.5888E-04   2.5056E+00  1.8814E+01   
1.00E+03  0.172  0.001   0.0000E+00  0.0000E+00   0.0000E+00  0.0000E+00   5.7392E-05  7.4325E-04   2.2755E+00  1.6954E+01   
1.00E+03  0.259  0.000   0.0000E+00  0.0000E+00   0.0000E+00  0.0000E+00   3.4680E-04  4.5300E-03   2.0547E+00  1.5179E+01   
1.00E+03  0.431  0.000   0.0000E+00  0.0000E+00   0.0000E+00  0.0000E+00   2.4359E-03  3.3021E-02   1.9585E+00  1.4420E+01   
1.00E+03  0.862  0.000   0.0000E+00  0.0000E+00   0.0000E+00  0.0000E+00   2.9076E-02  4.4560E-01   2.1428E+00  1.5892E+01   
1.00E+03  2.585  0.000   0.0000E+00  0.0000E+00   0.0000E+00  0.0000E+00   1.4507E+00  3.4483E+01   2.6264E+00  1.9993E+01   
1.00E+04  0.001  0.523   0.0000E+00  0.0000E+00   0.0000E+00  0.0000E+00   0.0000E+00  0.0000E+00   3.2505E+00  2.4855E+01   
1.00E+04  0.009  0.516   0.0000E+00  0.0000E+00   0.0000E+00  0.0000E+00   6.5337E-58  8.5212E-57   3.2505E+00  2.4856E+01   
1.00E+04  0.017  0.498   0.0000E+00  0.0000E+00   0.0000E+00  0.0000E+00   5.8145E-31  7.5906E-30   3.2505E+00  2.4856E+01   
1.00E+04  0.034  0.444   0.0000E+00  0.0000E+00   0.0000E+00  0.0000E+00   5.5290E-17  7.2308E-16   3.2424E+00  2.4790E+01   
1.00E+04  0.060  0.337   0.0000E+00  0.0000E+00   0.0000E+00  0.0000E+00   1.3538E-10  1.7702E-09   3.1147E+00  2.3753E+01   
1.00E+04  0.086  0.209   0.0000E+00  0.0000E+00   0.0000E+00  0.0000E+00   7.6577E-08  9.9786E-07   2.8711E+00  2.1776E+01   
1.00E+04  0.129  0.047   0.0000E+00  0.0000E+00   0.0000E+00  0.0000E+00   8.8548E-06  1.1478E-04   2.5056E+00  1.8814E+01   
1.00E+04  0.172  0.014   0.0000E+00  0.0000E+00   0.0000E+00  0.0000E+00   5.3407E-05  6.9164E-04   2.2755E+00  1.6954E+01   
1.00E+04  0.259  0.004   0.0000E+00  0.0000E+00   0.0000E+00  0.0000E+00   3.4266E-04  4.4759E-03   2.0547E+00  1.5179E+01   
1.00E+04  0.431  0.001   0.0000E+00  0.0000E+00   0.0000E+00  0.0000E+00   2.4315E-03  3.2961E-02   1.9585E+00  1.4420E+01   
1.00E+04  0.862  0.000   0.0000E+00  0.0000E+00   0.0000E+00  0.0000E+00   2.9071E-02  4.4551E-01   2.1428E+00  1.5892E+01   
1.00E+04  2.585  0.000   0.0000E+00  0.0000E+00   0.0000E+00  0.0000E+00   1.4507E+00  3.4483E+01   2.6264E+00  1.9993E+01   
1.00E+05  0.001  0.565   0.0000E+00  0.0000E+00   0.0000E+00  0.0000E+00   0.0000E+00  0.0000E+00   3.2503E+00  2.4853E+01   
1.00E+05  0.009  0.563   0.0000E+00  0.0000E+00   0.0000E+00  0.0000E+00   2.8714E-60  3.7449E-59   3.2503E+00  2.4853E+01   
1.00E+05  0.017  0.558   0.0000E+00  0.0000E+00   0.0000E+00  0.0000E+00   1.8099E-32  2.3627E-31   3.2503E+00  2.4853E+01   
1.00E+05  0.034  0.537   0.0000E+00  0.0000E+00   0.0000E+00  0.0000E+00   3.7319E-18  4.8805E-17   3.2422E+00  2.4787E+01   
1.00E+05  0.060  0.485   0.0000E+00  0.0000E+00   0.0000E+00  0.0000E+00   1.1621E-11  1.5195E-10   3.1146E+00  2.3751E+01   
1.00E+05  0.086  0.413   0.0000E+00  0.0000E+00   0.0000E+00  0.0000E+00   7.1254E-09  9.2849E-08   2.8709E+00  2.1774E+01   
1.00E+05  0.129  0.265   0.0000E+00  0.0000E+00   0.0000E+00  0.0000E+00   1.6400E-06  2.1257E-05   2.5055E+00  1.8812E+01   
1.00E+05  0.172  0.128   0.0000E+00  0.0000E+00   0.0000E+00  0.0000E+00   2.7640E-05  3.5792E-04   2.2754E+00  1.6953E+01   
1.00E+05  0.259  0.035   0.0000E+00  0.0000E+00   0.0000E+00  0.0000E+00   3.0393E-04  3.9697E-03   2.0547E+00  1.5178E+01   
1.00E+05  0.431  0.009   0.0000E+00  0.0000E+00   0.0000E+00  0.0000E+00   2.3875E-03  3.2364E-02   1.9585E+00  1.4420E+01   
1.00E+05  0.862  0.002   0.0000E+00  0.0000E+00   0.0000E+00  0.0000E+00   2.9015E-02  4.4465E-01   2.1428E+00  1.5892E+01   
1.00E+05  2.585  0.000   0.0000E+00  0.0000E+00   0.0000E+00  0.0000E+00   1.4506E+00  3.4480E+01   2.6264E+00  1.9993E+01   
1.00E+06  0.001  0.726   0.0000E+00  0.0000E+00   0.0000E+00  0.0000E+00   0.0000E+00  0.0000E+00   3.2487E+00  2.4833E+01   
1.00E+06  0.009  0.725   0.0000E+00  0.0000E+00   0.0000E+00  0.0000E+00   1.9089E-68  2.4896E-67   3.2487E+00  2.4833E+01   
1.00E+06  0.017  0.724   0.0000E+00  0.0000E+00   0.0000E+00  0.0000E+00   1.1862E-36  1.5485E-35   3.2487E+00  2.4833E+01   
1.00E+06  0.034  0.718   0.0000E+00  0.0000E+00   0.0000E+00  0.0000E+00   1.9871E-20  2.5987E-19   3.2405E+00  2.4767E+01   
1.00E+06  0.060  0.700   0.0000E+00  0.0000E+00   0.0000E+00  0.0000E+00   3.2765E-13  4.2843E-12   3.1130E+00  2.3732E+01   
1.00E+06  0.086  0.672   0.0000E+00  0.0000E+00   0.0000E+00  0.0000E+00   3.5418E-10  4.6153E-09   2.8695E+00  2.1757E+01   
1.00E+06  0.129  0.604   0.0000E+00  0.0000E+00   0.0000E+00  0.0000E+00   1.1967E-07  1.5511E-06   2.5042E+00  1.8797E+01   
1.00E+06  0.172  0.512   0.0000E+00  0.0000E+00   0.0000E+00  0.0000E+00   2.9991E-06  3.8834E-05   2.2743E+00  1.6940E+01   
1.00E+06  0.259  0.299   0.0000E+00  0.0000E+00   0.0000E+00  0.0000E+00   1.1153E-04  1.4563E-03   2.0539E+00  1.5169E+01   
1.00E+06  0.431  0.091   0.0000E+00  0.0000E+00   0.0000E+00  0.0000E+00   1.9901E-03  2.6968E-02   1.9580E+00  1.4415E+01   
1.00E+06  0.862  0.020   0.0000E+00  0.0000E+00   0.0000E+00  0.0000E+00   2.8461E-02  4.3611E-01   2.1425E+00  1.5888E+01   
1.00E+06  2.585  0.002   0.0000E+00  0.0000E+00   0.0000E+00  0.0000E+00   1.4496E+00  3.4457E+01   2.6262E+00  1.9991E+01   
1.00E+07  0.001  1.223   0.0000E+00  0.0000E+00   0.0000E+00  0.0000E+00   0.0000E+00  0.0000E+00   3.2349E+00  2.4669E+01   
1.00E+07  0.009  1.222   0.0000E+00  0.0000E+00   0.0000E+00  0.0000E+00   1.6721E-93  2.1807E-92   3.2349E+00  2.4670E+01   
1.00E+07  0.017  1.222   0.0000E+00  0.0000E+00   0.0000E+00  0.0000E+00   3.4207E-49  4.4655E-48   3.2349E+00  2.4670E+01   
1.00E+07  0.034  1.219   0.0000E+00  0.0000E+00   0.0000E+00  0.0000E+00   9.5797E-27  1.2528E-25   3.2268E+00  2.4604E+01   
1.00E+07  0.060  1.212   0.0000E+00  0.0000E+00   0.0000E+00  0.0000E+00   6.7864E-17  8.8736E-16   3.0996E+00  2.3575E+01   
1.00E+07  0.086  1.200   0.0000E+00  0.0000E+00   0.0000E+00  0.0000E+00   7.6989E-13  1.0032E-11   2.8570E+00  2.1610E+01   
1.00E+07  0.129  1.173   0.0000E+00  0.0000E+00   0.0000E+00  0.0000E+00   1.4690E-09  1.9041E-08   2.4930E+00  1.8668E+01   
1.00E+07  0.172  1.133   0.0000E+00  0.0000E+00   0.0000E+00  0.0000E+00   8.1641E-08  1.0571E-06   2.2640E+00  1.6823E+01   
1.00E+07  0.259  1.021   0.0000E+00  0.0000E+00   0.0000E+00  0.0000E+00   6.8755E-06  8.9755E-05   2.0447E+00  1.5067E+01   
1.00E+07  0.431  0.698   0.0000E+00  0.0000E+00   0.0000E+00  0.0000E+00   5.0319E-04  6.8101E-03   1.9513E+00  1.4340E+01   
1.00E+07  0.862  0.196   0.0000E+00  0.0000E+00   0.0000E+00  0.0000E+00   2.3470E-02  3.5929E-01   2.1389E+00  1.5850E+01   
1.00E+07  2.585  0.021   0.0000E+00  0.0000E+00   0.0000E+00  0.0000E+00   1.4397E+00  3.4218E+01   2.6249E+00  1.9978E+01   
1.00E+08  0.001  2.447   0.0000E+00  0.0000E+00   0.0000E+00  0.0000E+00   0.0000E+00  0.0000E+00   3.1238E+00  2.3429E+01   
1.00E+08  0.009  2.447   0.0000E+00  0.0000E+00   0.0000E+00  0.0000E+00   3.2459E-155 4.2332E-154  3.1238E+00  2.3430E+01   
1.00E+08  0.017  2.446   0.0000E+00  0.0000E+00   0.0000E+00  0.0000E+00   4.7367E-80  6.1835E-79   3.1239E+00  2.3430E+01   
1.00E+08  0.034  2.445   0.0000E+00  0.0000E+00   0.0000E+00  0.0000E+00   3.4104E-42  4.4600E-41   3.1160E+00  2.3367E+01   
1.00E+08  0.060  2.442   0.0000E+00  0.0000E+00   0.0000E+00  0.0000E+00   9.4551E-26  1.2363E-24   2.9924E+00  2.2383E+01   
1.00E+08  0.086  2.437   0.0000E+00  0.0000E+00   0.0000E+00  0.0000E+00   4.5336E-19  5.9077E-18   2.7565E+00  2.0503E+01   
1.00E+08  0.129  2.424   0.0000E+00  0.0000E+00   0.0000E+00  0.0000E+00   9.1815E-14  1.1901E-12   2.4027E+00  1.7688E+01   
1.00E+08  0.172  2.406   0.0000E+00  0.0000E+00   0.0000E+00  0.0000E+00   5.0699E-11  6.5647E-10   2.1805E+00  1.5926E+01   
1.00E+08  0.259  2.355   0.0000E+00  0.0000E+00   0.0000E+00  0.0000E+00   3.9587E-08  5.1678E-07   1.9686E+00  1.4259E+01   
1.00E+08  0.431  2.192   0.0000E+00  0.0000E+00   0.0000E+00  0.0000E+00   1.5878E-05  2.1480E-04   1.8820E+00  1.3609E+01   
1.00E+08  0.862  1.493   0.0000E+00  0.0000E+00   0.0000E+00  0.0000E+00   5.4478E-03  8.3092E-02   2.0879E+00  1.5314E+01   
1.00E+08  2.585  0.209   0.0000E+00  0.0000E+00   0.0000E+00  0.0000E+00   1.3442E+00  3.1923E+01   2.6110E+00  1.9842E+01   
1.00E+09  0.001  5.181   0.0000E+00  0.0000E+00   0.0000E+00  0.0000E+00   0.0000E+00  0.0000E+00   2.4438E+00  1.6721E+01   
1.00E+09  0.009  5.180   0.0000E+00  0.0000E+00   0.0000E+00  0.0000E+00   5.4357E-293 7.0891E-292  2.4439E+00  1.6721E+01   
1.00E+09  0.017  5.180   0.0000E+00  0.0000E+00   0.0000E+00  0.0000E+00   6.0974E-149 7.9600E-148  2.4440E+00  1.6723E+01   
1.00E+09  0.034  5.180   0.0000E+00  0.0000E+00   0.0000E+00  0.0000E+00   1.1996E-76  1.5689E-75   2.4376E+00  1.6676E+01   
1.00E+09  0.060  5.178   0.0000E+00  0.0000E+00   0.0000E+00  0.0000E+00   1.8829E-45  2.4620E-44   2.3367E+00  1.5944E+01   
1.00E+09  0.086  5.176   0.0000E+00  0.0000E+00   0.0000E+00  0.0000E+00   7.1086E-33  9.2631E-32   2.1442E+00  1.4546E+01   
1.00E+09  0.129  5.170   0.0000E+00  0.0000E+00   0.0000E+00  0.0000E+00   5.4551E-23  7.0708E-22   1.8561E+00  1.2457E+01   
1.00E+09  0.172  5.161   0.0000E+00  0.0000E+00   0.0000E+00  0.0000E+00   5.7711E-18  7.4727E-17   1.6761E+00  1.1156E+01   
1.00E+09  0.259  5.138   0.0000E+00  0.0000E+00   0.0000E+00  0.0000E+00   8.3632E-13  1.0917E-11   1.5074E+00  9.9456E+00   
1.00E+09  0.431  5.062   0.0000E+00  0.0000E+00   0.0000E+00  0.0000E+00   2.0321E-08  2.7489E-07   1.4484E+00  9.5533E+00   
1.00E+09  0.862  4.708   0.0000E+00  0.0000E+00   0.0000E+00  0.0000E+00   1.3249E-04  2.0184E-03   1.6648E+00  1.1253E+01   
1.00E+09  2.585  1.972   0.0000E+00  0.0000E+00   0.0000E+00  0.0000E+00   6.9923E-01  1.6509E+01   2.4429E+00  1.8226E+01   
1.00E+10  0.001  11.119  0.0000E+00  0.0000E+00   0.0000E+00  0.0000E+00   0.0000E+00  0.0000E+00   5.2025E-01  2.1454E+00   
1.00E+10  0.009  11.118  0.0000E+00  0.0000E+00   0.0000E+00  0.0000E+00   0.0000E+00  0.0000E+00   5.2044E-01  2.1464E+00   
1.00E+10  0.017  11.118  0.0000E+00  0.0000E+00   0.0000E+00  0.0000E+00   1.4344E-298 1.8725E-297  5.2056E-01  2.1471E+00   
1.00E+10  0.034  11.118  0.0000E+00  0.0000E+00   0.0000E+00  0.0000E+00   1.8235E-151 2.3847E-150  5.1900E-01  2.1406E+00   
1.00E+10  0.060  11.117  0.0000E+00  0.0000E+00   0.0000E+00  0.0000E+00   3.2777E-88  4.2858E-87   4.9377E-01  2.0320E+00   
1.00E+10  0.086  11.116  0.0000E+00  0.0000E+00   0.0000E+00  0.0000E+00   8.1993E-63  1.0684E-61   4.4546E-01  1.8230E+00   
1.00E+10  0.129  11.113  0.0000E+00  0.0000E+00   0.0000E+00  0.0000E+00   5.8542E-43  7.5880E-42   3.7346E-01  1.5117E+00   
1.00E+10  0.172  11.109  0.0000E+00  0.0000E+00   0.0000E+00  0.0000E+00   5.9300E-33  7.6785E-32   3.2907E-01  1.3204E+00   
1.00E+10  0.259  11.098  0.0000E+00  0.0000E+00   0.0000E+00  0.0000E+00   8.1079E-23  1.0584E-21   2.8916E-01  1.1515E+00   
1.00E+10  0.431  11.063  0.0000E+00  0.0000E+00   0.0000E+00  0.0000E+00   1.8151E-14  2.4555E-13   2.8160E-01  1.1356E+00   
1.00E+10  0.862  10.898  0.0000E+00  0.0000E+00   0.0000E+00  0.0000E+00   1.0056E-07  1.5320E-06   3.7267E-01  1.6545E+00   
1.00E+10  2.585  9.163   0.0000E+00  0.0000E+00   0.0000E+00  0.0000E+00   4.4711E-02  1.0486E+00   1.1296E+00  7.1995E+00   
1.00E+11  0.001  23.934  0.0000E+00  0.0000E+00   0.0000E+00  0.0000E+00   0.0000E+00  0.0000E+00   0.0000E+00  0.0000E+00   
1.00E+11  0.009  23.934  0.0000E+00  0.0000E+00   0.0000E+00  0.0000E+00   0.0000E+00  0.0000E+00   2.0437E-308 6.5507E-309  
1.00E+11  0.017  23.933  0.0000E+00  0.0000E+00   0.0000E+00  0.0000E+00   0.0000E+00  0.0000E+00   1.3531E-157 4.3898E-158  
1.00E+11  0.034  23.934  0.0000E+00  0.0000E+00   0.0000E+00  0.0000E+00   9.7438E-314 1.2703E-312  3.6026E-82  1.2211E-82   
1.00E+11  0.060  23.933  0.0000E+00  0.0000E+00   0.0000E+00  0.0000E+00   1.7553E-180 2.2951E-179  7.9709E-50  3.0140E-50   
1.00E+11  0.086  23.933  0.0000E+00  0.0000E+00   0.0000E+00  0.0000E+00   2.0936E-127 2.7281E-126  7.3184E-37  3.2553E-37   
1.00E+11  0.129  23.931  0.0000E+00  0.0000E+00   0.0000E+00  0.0000E+00   5.0188E-86  6.5052E-85   1.1464E-26  7.0469E-27   
1.00E+11  0.172  23.930  0.0000E+00  0.0000E+00   0.0000E+00  0.0000E+00   2.9357E-65  3.8012E-64   1.9546E-21  1.5717E-21   
1.00E+11  0.259  23.924  0.0000E+00  0.0000E+00   0.0000E+00  0.0000E+00   2.3020E-44  3.0051E-43   5.1407E-16  5.7608E-16   
1.00E+11  0.431  23.908  0.0000E+00  0.0000E+00   0.0000E+00  0.0000E+00   2.0503E-27  2.7737E-26   1.8992E-11  3.1155E-11   
1.00E+11  0.862  23.832  0.0000E+00  0.0000E+00   0.0000E+00  0.0000E+00   3.0503E-14  4.6470E-13   1.6144E-07  4.7897E-07   
1.00E+11  2.585  23.015  0.0000E+00  0.0000E+00   0.0000E+00  0.0000E+00   2.1099E-04  4.9460E-03   5.1055E-04  3.3900E-03   
