rhoYe is density times electron fraction [g/cm^3], T is temperature [MeV], mu_e is electron chemical potential [MeV]
e-(+) cap is electron (positron) capture, e-(+) dec is electron (positron) decay
For each process, first column is neutrino production [neutrinos/baryon second] and second column is energy loss [MeV/baryon second].
rhoYe     T      mu_e    e- cap                   e+ dec                   e+ cap                   e- dec                   
1.00E+01  0.001  0.509   1.7315E-07  9.0068E-07   7.7736E-02  3.6287E-01   0.0000E+00  0.0000E+00   0.0000E+00  0.0000E+00   
1.00E+01  0.009  0.453   3.3935E-08  1.7673E-07   7.7736E-02  3.6287E-01   0.0000E+00  0.0000E+00   0.0000E+00  0.0000E+00   
1.00E+01  0.017  0.377   2.4815E-08  1.2944E-07   7.7736E-02  3.6287E-01   0.0000E+00  0.0000E+00   0.0000E+00  0.0000E+00   
1.00E+01  0.034  0.205   1.9607E-08  1.0264E-07   7.7736E-02  3.6287E-01   0.0000E+00  0.0000E+00   0.0000E+00  0.0000E+00   
1.00E+01  0.060  0.008   7.3669E-08  3.8805E-07   7.7736E-02  3.6287E-01   0.0000E+00  0.0000E+00   0.0000E+00  0.0000E+00   
1.00E+01  0.086  0.000   1.4272E-06  7.5713E-06   7.7736E-02  3.6287E-01   0.0000E+00  0.0000E+00   0.0000E+00  0.0000E+00   
1.00E+01  0.129  0.000   2.0306E-05  1.0922E-04   7.7750E-02  3.6296E-01   0.0000E+00  0.0000E+00   0.0000E+00  0.0000E+00   
1.00E+01  0.172  0.000   9.2954E-05  5.0798E-04   7.7861E-02  3.6367E-01   0.0000E+00  0.0000E+00   0.0000E+00  0.0000E+00   
1.00E+01  0.259  0.000   5.7753E-04  3.2783E-03   7.8891E-02  3.7014E-01   0.0000E+00  0.0000E+00   0.0000E+00  0.0000E+00   
1.00E+01  0.431  0.000   4.4348E-03  2.7692E-02   8.6637E-02  4.1915E-01   0.0000E+00  0.0000E+00   0.0000E+00  0.0000E+00   
1.00E+01  0.862  0.000   6.2889E-02  5.2138E-01   1.4987E-01  8.4362E-01   0.0000E+00  0.0000E+00   0.0000E+00  0.0000E+00   
1.00E+01  2.585  0.000   3.2130E+00  5.8125E+01   4.4181E-01  3.0021E+00   0.0000E+00  0.0000E+00   0.0000E+00  0.0000E+00   
1.00E+01  0.001  0.509   1.7315E-07  9.0068E-07   7.7736E-02  3.6287E-01   0.0000E+00  0.0000E+00   0.0000E+00  0.0000E+00   
1.00E+01  0.009  0.453   3.3935E-08  1.7673E-07   7.7736E-02  3.6287E-01   0.0000E+00  0.0000E+00   0.0000E+00  0.0000E+00   
1.00E+01  0.017  0.377   2.4815E-08  1.2944E-07   7.7736E-02  3.6287E-01   0.0000E+00  0.0000E+00   0.0000E+00  0.0000E+00   
1.00E+01  0.034  0.205   1.9607E-08  1.0264E-07   7.7736E-02  3.6287E-01   0.0000E+00  0.0000E+00   0.0000E+00  0.0000E+00   
1.00E+01  0.060  0.008   7.3669E-08  3.8805E-07   7.7736E-02  3.6287E-01   0.0000E+00  0.0000E+00   0.0000E+00  0.0000E+00   
1.00E+01  0.086  0.000   1.4272E-06  7.5713E-06   7.7736E-02  3.6287E-01   0.0000E+00  0.0000E+00   0.0000E+00  0.0000E+00   
1.00E+01  0.129  0.000   2.0306E-05  1.0922E-04   7.7750E-02  3.6296E-01   0.0000E+00  0.0000E+00   0.0000E+00  0.0000E+00   
1.00E+01  0.172  0.000   9.2954E-05  5.0798E-04   7.7861E-02  3.6367E-01   0.0000E+00  0.0000E+00   0.0000E+00  0.0000E+00   
1.00E+01  0.259  0.000   5.7753E-04  3.2783E-03   7.8891E-02  3.7014E-01   0.0000E+00  0.0000E+00   0.0000E+00  0.0000E+00   
1.00E+01  0.431  0.000   4.4348E-03  2.7692E-02   8.6637E-02  4.1915E-01   0.0000E+00  0.0000E+00   0.0000E+00  0.0000E+00   
1.00E+01  0.862  0.000   6.2889E-02  5.2138E-01   1.4987E-01  8.4362E-01   0.0000E+00  0.0000E+00   0.0000E+00  0.0000E+00   
1.00E+01  2.585  0.000   3.2130E+00  5.8125E+01   4.4181E-01  3.0021E+00   0.0000E+00  0.0000E+00   0.0000E+00  0.0000E+00   
1.00E+02  0.001  0.511   1.7643E-06  9.1778E-06   7.7736E-02  3.6287E-01   0.0000E+00  0.0000E+00   0.0000E+00  0.0000E+00   
1.00E+02  0.009  0.473   3.3902E-07  1.7657E-06   7.7736E-02  3.6287E-01   0.0000E+00  0.0000E+00   0.0000E+00  0.0000E+00   
1.00E+02  0.017  0.416   2.4804E-07  1.2938E-06   7.7736E-02  3.6287E-01   0.0000E+00  0.0000E+00   0.0000E+00  0.0000E+00   
1.00E+02  0.034  0.284   1.9605E-07  1.0263E-06   7.7736E-02  3.6287E-01   0.0000E+00  0.0000E+00   0.0000E+00  0.0000E+00   
1.00E+02  0.060  0.065   1.9071E-07  1.0046E-06   7.7736E-02  3.6287E-01   0.0000E+00  0.0000E+00   0.0000E+00  0.0000E+00   
1.00E+02  0.086  0.005   1.5001E-06  7.9585E-06   7.7736E-02  3.6287E-01   0.0000E+00  0.0000E+00   0.0000E+00  0.0000E+00   
1.00E+02  0.129  0.000   2.0374E-05  1.0958E-04   7.7750E-02  3.6296E-01   0.0000E+00  0.0000E+00   0.0000E+00  0.0000E+00   
1.00E+02  0.172  0.000   9.3020E-05  5.0835E-04   7.7862E-02  3.6367E-01   0.0000E+00  0.0000E+00   0.0000E+00  0.0000E+00   
1.00E+02  0.259  0.000   5.7760E-04  3.2787E-03   7.8891E-02  3.7014E-01   0.0000E+00  0.0000E+00   0.0000E+00  0.0000E+00   
1.00E+02  0.431  0.000   4.4349E-03  2.7693E-02   8.6637E-02  4.1915E-01   0.0000E+00  0.0000E+00   0.0000E+00  0.0000E+00   
1.00E+02  0.862  0.000   6.2890E-02  5.2138E-01   1.4987E-01  8.4362E-01   0.0000E+00  0.0000E+00   0.0000E+00  0.0000E+00   
1.00E+02  2.585  0.000   3.2130E+00  5.8125E+01   4.4181E-01  3.0021E+00   0.0000E+00  0.0000E+00   0.0000E+00  0.0000E+00   
1.00E+01  0.001  0.509   1.7315E-07  9.0068E-07   7.7736E-02  3.6287E-01   0.0000E+00  0.0000E+00   0.0000E+00  0.0000E+00   
1.00E+01  0.009  0.453   3.3935E-08  1.7673E-07   7.7736E-02  3.6287E-01   0.0000E+00  0.0000E+00   0.0000E+00  0.0000E+00   
1.00E+01  0.017  0.377   2.4815E-08  1.2944E-07   7.7736E-02  3.6287E-01   0.0000E+00  0.0000E+00   0.0000E+00  0.0000E+00   
1.00E+01  0.034  0.205   1.9607E-08  1.0264E-07   7.7736E-02  3.6287E-01   0.0000E+00  0.0000E+00   0.0000E+00  0.0000E+00   
1.00E+01  0.060  0.008   7.3669E-08  3.8805E-07   7.7736E-02  3.6287E-01   0.0000E+00  0.0000E+00   0.0000E+00  0.0000E+00   
1.00E+01  0.086  0.000   1.4272E-06  7.5713E-06   7.7736E-02  3.6287E-01   0.0000E+00  0.0000E+00   0.0000E+00  0.0000E+00   
1.00E+01  0.129  0.000   2.0306E-05  1.0922E-04   7.7750E-02  3.6296E-01   0.0000E+00  0.0000E+00   0.0000E+00  0.0000E+00   
1.00E+01  0.172  0.000   9.2954E-05  5.0798E-04   7.7861E-02  3.6367E-01   0.0000E+00  0.0000E+00   0.0000E+00  0.0000E+00   
1.00E+01  0.259  0.000   5.7753E-04  3.2783E-03   7.8891E-02  3.7014E-01   0.0000E+00  0.0000E+00   0.0000E+00  0.0000E+00   
1.00E+01  0.431  0.000   4.4348E-03  2.7692E-02   8.6637E-02  4.1915E-01   0.0000E+00  0.0000E+00   0.0000E+00  0.0000E+00   
1.00E+01  0.862  0.000   6.2889E-02  5.2138E-01   1.4987E-01  8.4362E-01   0.0000E+00  0.0000E+00   0.0000E+00  0.0000E+00   
1.00E+01  2.585  0.000   3.2130E+00  5.8125E+01   4.4181E-01  3.0021E+00   0.0000E+00  0.0000E+00   0.0000E+00  0.0000E+00   
1.00E+02  0.001  0.511   1.7643E-06  9.1778E-06   7.7736E-02  3.6287E-01   0.0000E+00  0.0000E+00   0.0000E+00  0.0000E+00   
1.00E+02  0.009  0.473   3.3902E-07  1.7657E-06   7.7736E-02  3.6287E-01   0.0000E+00  0.0000E+00   0.0000E+00  0.0000E+00   
1.00E+02  0.017  0.416   2.4804E-07  1.2938E-06   7.7736E-02  3.6287E-01   0.0000E+00  0.0000E+00   0.0000E+00  0.0000E+00   
1.00E+02  0.034  0.284   1.9605E-07  1.0263E-06   7.7736E-02  3.6287E-01   0.0000E+00  0.0000E+00   0.0000E+00  0.0000E+00   
1.00E+02  0.060  0.065   1.9071E-07  1.0046E-06   7.7736E-02  3.6287E-01   0.0000E+00  0.0000E+00   0.0000E+00  0.0000E+00   
1.00E+02  0.086  0.005   1.5001E-06  7.9585E-06   7.7736E-02  3.6287E-01   0.0000E+00  0.0000E+00   0.0000E+00  0.0000E+00   
1.00E+02  0.129  0.000   2.0374E-05  1.0958E-04   7.7750E-02  3.6296E-01   0.0000E+00  0.0000E+00   0.0000E+00  0.0000E+00   
1.00E+02  0.172  0.000   9.3020E-05  5.0835E-04   7.7862E-02  3.6367E-01   0.0000E+00  0.0000E+00   0.0000E+00  0.0000E+00   
1.00E+02  0.259  0.000   5.7760E-04  3.2787E-03   7.8891E-02  3.7014E-01   0.0000E+00  0.0000E+00   0.0000E+00  0.0000E+00   
1.00E+02  0.431  0.000   4.4349E-03  2.7693E-02   8.6637E-02  4.1915E-01   0.0000E+00  0.0000E+00   0.0000E+00  0.0000E+00   
1.00E+02  0.862  0.000   6.2890E-02  5.2138E-01   1.4987E-01  8.4362E-01   0.0000E+00  0.0000E+00   0.0000E+00  0.0000E+00   
1.00E+02  2.585  0.000   3.2130E+00  5.8125E+01   4.4181E-01  3.0021E+00   0.0000E+00  0.0000E+00   0.0000E+00  0.0000E+00   
1.00E+03  0.001  0.513   6.6587E-06  3.4640E-05   7.7736E-02  3.6287E-01   0.0000E+00  0.0000E+00   0.0000E+00  0.0000E+00   
1.00E+03  0.009  0.493   3.3596E-06  1.7498E-05 1.00E+01  0.001  0.509   1.7315E-07  9.0068E-07   7.7736E-02  3.6287E-01   0.0000E+00  0.0000E+00   0.0000E+00  0.0000E+00   
1.00E+01  0.009  0.453   3.3935E-08  1.7673E-07   7.7736E-02  3.6287E-01   0.0000E+00  0.0000E+00   0.0000E+00  0.0000E+00   
1.00E+01  0.017  0.377   2.4815E-08  1.2944E-07   7.7736E-02  3.6287E-01   0.0000E+00  0.0000E+00   0.0000E+00  0.0000E+00   
1.00E+01  0.034  0.205   1.9607E-08  1.0264E-07   7.7736E-02  3.6287E-01   0.0000E+00  0.0000E+00   0.0000E+00  0.0000E+00   
1.00E+01  0.060  0.008   7.3669E-08  3.8805E-07   7.7736E-02  3.6287E-01   0.0000E+00  0.0000E+00   0.0000E+00  0.0000E+00   
1.00E+01  0.086  0.000   1.4272E-06  7.5713E-06   7.7736E-02  3.6287E-01   0.0000E+00  0.0000E+00   0.0000E+00  0.0000E+00   
1.00E+01  0.129  0.000   2.0306E-05  1.0922E-04   7.7750E-02  3.6296E-01   0.0000E+00  0.0000E+00   0.0000E+00  0.0000E+00   
1.00E+01  0.172  0.000   9.2954E-05  5.0798E-04   7.7861E-02  3.6367E-01   0.0000E+00  0.0000E+00   0.0000E+00  0.0000E+00   
1.00E+01  0.259  0.000   5.7753E-04  3.2783E-03   7.8891E-02  3.7014E-01   0.0000E+00  0.0000E+00   0.0000E+00  0.0000E+00   
1.00E+01  0.431  0.000   4.4348E-03  2.7692E-02   8.6637E-02  4.1915E-01   0.0000E+00  0.0000E+00   0.0000E+00  0.0000E+00   
1.00E+01  0.862  0.000   6.2889E-02  5.2138E-01   1.4987E-01  8.4362E-01   0.0000E+00  0.0000E+00   0.0000E+00  0.0000E+00   
1.00E+01  2.585  0.000   3.2130E+00  5.8125E+01   4.4181E-01  3.0021E+00   0.0000E+00  0.0000E+00   0.0000E+00  0.0000E+00   
1.00E+02  0.001  0.511   1.7643E-06  9.1778E-06   7.7736E-02  3.6287E-01   0.0000E+00  0.0000E+00   0.0000E+00  0.0000E+00   
1.00E+02  0.009  0.473   3.3902E-07  1.7657E-06   7.7736E-02  3.6287E-01   0.0000E+00  0.0000E+00   0.0000E+00  0.0000E+00   
1.00E+02  0.017  0.416   2.4804E-07  1.2938E-06   7.7736E-02  3.6287E-01   0.0000E+00  0.0000E+00   0.0000E+00  0.0000E+00   
1.00E+02  0.034  0.284   1.9605E-07  1.0263E-06   7.7736E-02  3.6287E-01   0.0000E+00  0.0000E+00   0.0000E+00  0.0000E+00   
1.00E+02  0.060  0.065   1.9071E-07  1.0046E-06   7.7736E-02  3.6287E-01   0.0000E+00  0.0000E+00   0.0000E+00  0.0000E+00   
1.00E+02  0.086  0.005   1.5001E-06  7.9585E-06   7.7736E-02  3.6287E-01   0.0000E+00  0.0000E+00   0.0000E+00  0.0000E+00   
1.00E+02  0.129  0.000   2.0374E-05  1.0958E-04   7.7750E-02  3.6296E-01   0.0000E+00  0.0000E+00   0.0000E+00  0.0000E+00   
1.00E+02  0.172  0.000   9.3020E-05  5.0835E-04   7.7862E-02  3.6367E-01   0.0000E+00  0.0000E+00   0.0000E+00  0.0000E+00   
1.00E+02  0.259  0.000   5.7760E-04  3.2787E-03   7.8891E-02  3.7014E-01   0.0000E+00  0.0000E+00   0.0000E+00  0.0000E+00   
1.00E+02  0.431  0.000   4.4349E-03  2.7693E-02   8.6637E-02  4.1915E-01   0.0000E+00  0.0000E+00   0.0000E+00  0.0000E+00   
1.00E+02  0.862  0.000   6.2890E-02  5.2138E-01   1.4987E-01  8.4362E-01   0.0000E+00  0.0000E+00   0.0000E+00  0.0000E+00   
1.00E+02  2.585  0.000   3.2130E+00  5.8125E+01   4.4181E-01  3.0021E+00   0.0000E+00  0.0000E+00   0.0000E+00  0.0000E+00   
1.00E+03  0.001  0.513   6.6587E-06  3.4640E-05   7.7736E-02  3.6287E-01   0.0000E+00  0.0000E+00   0.0000E+00  0.0000E+00   
1.00E+03  0.009  0.493   3.3596E-06  1.7498E-05   7.7736E-02  3.6287E-01   0.0000E+00  0.0000E+00   0.0000E+00  0.0000E+00   
1.00E+03  0.009  0.493   3.3596E-06  1.7498E-05 1.00E+01  0.001  0.509   1.7315E-07  9.0068E-07   7.7736E-02  3.6287E-01   0.0000E+00  0.0000E+00   0.0000E+00  0.0000E+00   
1.00E+03  0.017  0.456   2.4692E-06  1.2880E-05   7.7736E-02  3.6287E-01   0.0000E+00  0.0000E+00   0.0000E+00  0.0000E+00   
1.00E+03  0.034  0.364   1.9584E-06  1.0252E-05   7.7736E-02  3.6287E-01   0.0000E+00  0.0000E+00   0.0000E+00  0.0000E+00   
1.00E+03  0.060  0.197   1.6897E-06  8.9006E-06   7.7736E-02  3.6287E-01   0.0000E+00  0.0000E+00   0.0000E+00  0.0000E+00   
1.00E+03  0.086  0.046   2.4096E-06  1.2784E-05   7.7736E-02  3.6287E-01   0.0000E+00  0.0000E+00   0.0000E+00  0.0000E+00   
1.00E+03  0.129  0.005   2.1062E-05  1.1328E-04   7.7750E-02  3.6296E-01   0.0000E+00  0.0000E+00   0.0000E+00  0.0000E+00   
1.00E+03  0.172  0.001   9.3691E-05  5.1201E-04   7.7862E-02  3.6367E-01   0.0000E+00  0.0000E+00   0.0000E+00  0.0000E+00   
1.00E+03  0.259  0.000   5.7829E-04  3.2826E-03   7.8891E-02  3.7014E-01   0.0000E+00  0.0000E+00   0.0000E+00  0.0000E+00   
1.00E+03  0.431  0.000   4.4357E-03  2.7698E-02   8.6637E-02  4.1915E-01   0.0000E+00  0.0000E+00   0.0000E+00  0.0000E+00   
1.00E+03  0.862  0.000   6.2891E-02  5.2139E-01   1.4987E-01  8.4362E-01   0.0000E+00  0.0000E+00   0.0000E+00  0.0000E+00   
1.00E+03  2.585  0.000   3.2130E+00  5.8125E+01   4.4181E-01  3.0021E+00   0.0000E+00  0.0000E+00   0.0000E+00  0.0000E+00   
1.00E+04  0.001  0.523   3.7931E-05  1.9746E-04   7.7736E-02  3.6287E-01   0.0000E+00  0.0000E+00   0.0000E+00  0.0000E+00   
1.00E+04  0.009  0.516   2.8807E-05  1.5009E-04   7.7736E-02  3.6287E-01   0.0000E+00  0.0000E+00   0.0000E+00  0.0000E+00   
1.00E+04  0.017  0.498   2.3658E-05  1.2344E-04   7.7736E-02  3.6287E-01   0.0000E+00  0.0000E+00   0.0000E+00  0.0000E+00   
1.00E+04  0.034  0.444   1.9378E-05  1.0146E-04   7.7736E-02  3.6287E-01   0.0000E+00  0.0000E+00   0.0000E+00  0.0000E+00   
1.00E+04  0.060  0.337   1.6818E-05  8.8600E-05   7.7736E-02  3.6287E-01   0.0000E+00  0.0000E+00   0.0000E+00  0.0000E+00   
1.00E+04  0.086  0.209   1.5846E-05  8.4077E-05   7.7736E-02  3.6287E-01   0.0000E+00  0.0000E+00   0.0000E+00  0.0000E+00   
1.00E+04  0.129  0.047   2.9120E-05  1.5663E-04   7.7751E-02  3.6297E-01   0.0000E+00  0.0000E+00   0.0000E+00  0.0000E+00   
1.00E+04  0.172  0.014   1.0065E-04  5.5008E-04   7.7863E-02  3.6367E-01   0.0000E+00  0.0000E+00   0.0000E+00  0.0000E+00   
1.00E+04  0.259  0.004   5.8526E-04  3.3222E-03   7.8892E-02  3.7014E-01   0.0000E+00  0.0000E+00   0.0000E+00  0.0000E+00   
1.00E+04  0.431  0.001   4.4438E-03  2.7749E-02   8.6638E-02  4.1915E-01   0.0000E+00  0.0000E+00   0.0000E+00  0.0000E+00   
1.00E+04  0.862  0.000   6.2903E-02  5.2150E-01   1.4988E-01  8.4362E-01   0.0000E+00  0.0000E+00   0.0000E+00  0.0000E+00   
1.00E+04  2.585  0.000   3.2130E+00  5.8126E+01   4.4182E-01  3.0021E+00   0.0000E+00  0.0000E+00   0.0000E+00  0.0000E+00   
1.00E+05  0.001  0.565   2.0671E-04  1.0796E-03   7.7736E-02  3.6287E-01   0.0000E+00  0.0000E+00   0.0000E+00  0.0000E+00   
1.00E+05  0.009  0.563   2.0130E-04  1.0516E-03   7.7736E-02  3.6287E-01   0.0000E+00  0.0000E+00   0.0000E+00  0.0000E+00   
1.00E+05  0.017  0.558   1.9429E-04  1.0160E-03   7.7736E-02  3.6287E-01   0.0000E+00  0.0000E+00   0.0000E+00  0.0000E+00   
1.00E+05  0.034  0.537   1.7884E-04  9.3800E-04   7.7736E-02  3.6287E-01   0.0000E+00  0.0000E+00   0.0000E+00  0.0000E+00   
1.00E+05  0.060  0.485   1.6351E-04  8.6252E-04   7.7736E-02  3.6287E-01   0.0000E+00  0.0000E+00   0.0000E+00  0.0000E+00   
1.00E+05  0.086  0.413   1.5531E-04  8.2492E-04   7.7736E-02  3.6287E-01   0.0000E+00  0.0000E+00   0.0000E+00  0.0000E+00   
1.00E+05  0.129  0.265   1.5198E-04  8.1807E-04   7.7753E-02  3.6298E-01   0.0000E+00  0.0000E+00   0.0000E+00  0.0000E+00   
1.00E+05  0.172  0.128   1.9274E-04  1.0538E-03   7.7870E-02  3.6371E-01   0.0000E+00  0.0000E+00   0.0000E+00  0.0000E+00   
1.00E+05  0.259  0.035   6.5929E-04  3.7432E-03   7.8903E-02  3.7019E-01   0.0000E+00  0.0000E+00   0.0000E+00  0.0000E+00   
1.00E+05  0.431  0.009   4.5256E-03  2.8262E-02   8.6647E-02  4.1919E-01   0.0000E+00  0.0000E+00   0.0000E+00  0.0000E+00   
1.00E+05  0.862  0.002   6.3026E-02  5.2252E-01   1.4988E-01  8.4366E-01   0.0000E+00  0.0000E+00   0.0000E+00  0.0000E+00   
1.00E+05  2.585  0.000   3.2133E+00  5.8130E+01   4.4182E-01  3.0021E+00   0.0000E+00  0.0000E+00   0.0000E+00  0.0000E+00   
1.00E+06  0.001  0.726   1.4876E-03  7.8809E-03   7.7736E-02  3.6287E-01   0.0000E+00  0.0000E+00   0.0000E+00  0.0000E+00   
1.00E+06  0.009  0.725   1.4768E-03  7.8243E-03   7.7736E-02  3.6287E-01   0.0000E+00  0.0000E+00   0.0000E+00  0.0000E+00   
1.00E+06  0.017  0.724   1.4806E-03  7.8475E-03   7.7736E-02  3.6287E-01   0.0000E+00  0.0000E+00   0.0000E+00  0.0000E+00   
1.00E+06  0.034  0.718   1.4780E-03  7.8457E-03   7.7736E-02  3.6287E-01   0.0000E+00  0.0000E+00   0.0000E+00  0.0000E+00   
1.00E+06  0.060  0.700   1.4714E-03  7.8415E-03   7.7736E-02  3.6287E-01   0.0000E+00  0.0000E+00   0.0000E+00  0.0000E+00   
1.00E+06  0.086  0.672   1.4645E-03  7.8471E-03   7.7736E-02  3.6287E-01   0.0000E+00  0.0000E+00   0.0000E+00  0.0000E+00   
1.00E+06  0.129  0.604   1.4621E-03  7.9244E-03   7.7754E-02  3.6298E-01   0.0000E+00  0.0000E+00   0.0000E+00  0.0000E+00   
1.00E+06  0.172  0.512   1.4787E-03  8.1283E-03   7.7878E-02  3.6374E-01   0.0000E+00  0.0000E+00   0.0000E+00  0.0000E+00   
1.00E+06  0.259  0.299   1.7246E-03  9.8188E-03   7.8956E-02  3.7042E-01   0.0000E+00  0.0000E+00   0.0000E+00  0.0000E+00   
1.00E+06  0.431  0.091   5.4208E-03  3.3884E-02   8.6732E-02  4.1957E-01   0.0000E+00  0.0000E+00   0.0000E+00  0.0000E+00   
1.00E+06  0.862  0.020   6.4265E-02  5.3289E-01   1.4994E-01  8.4400E-01   0.0000E+00  0.0000E+00   0.0000E+00  0.0000E+00   
1.00E+06  2.585  0.002   3.2155E+00  5.8170E+01   4.4185E-01  3.0024E+00   0.0000E+00  0.0000E+00   0.0000E+00  0.0000E+00   
1.00E+07  0.001  1.223   1.4551E-02  8.1008E-02   7.7736E-02  3.6287E-01   0.0000E+00  0.0000E+00   0.0000E+00  0.0000E+00   
1.00E+07  0.009  1.222   1.4519E-02  8.0832E-02   7.7736E-02  3.6287E-01   0.0000E+00  0.0000E+00   0.0000E+00  0.0000E+00   
1.00E+07  0.017  1.222   1.4523E-02  8.0869E-02   7.7736E-02  3.6287E-01   0.0000E+00  0.0000E+00   0.0000E+00  0.0000E+00   
1.00E+07  0.034  1.219   1.4553E-02  8.1093E-02   7.7736E-02  3.6287E-01   0.0000E+00  0.0000E+00   0.0000E+00  0.0000E+00   
1.00E+07  0.060  1.212   1.4610E-02  8.1571E-02   7.7736E-02  3.6287E-01   0.0000E+00  0.0000E+00   0.0000E+00  0.0000E+00   
1.00E+07  0.086  1.200   1.4699E-02  8.2309E-02   7.7736E-02  3.6287E-01   0.0000E+00  0.0000E+00   0.0000E+00  0.0000E+00   
1.00E+07  0.129  1.173   1.4909E-02  8.4079E-02   7.7754E-02  3.6298E-01   0.0000E+00  0.0000E+00   0.0000E+00  0.0000E+00   
1.00E+07  0.172  1.133   1.5191E-02  8.6506E-02   7.7879E-02  3.6374E-01   0.0000E+00  0.0000E+00   0.0000E+00  0.0000E+00   
1.00E+07  0.259  1.021   1.5978E-02  9.3443E-02   7.8986E-02  3.7055E-01   0.0000E+00  0.0000E+00   0.0000E+00  0.0000E+00   
1.00E+07  0.431  0.698   1.9260E-02  1.2189E-01   8.7056E-02  4.2099E-01   0.0000E+00  0.0000E+00   0.0000E+00  0.0000E+00   
1.00E+07  0.862  0.196   7.7904E-02  6.4729E-01   1.5050E-01  8.4712E-01   0.0000E+00  0.0000E+00   0.0000E+00  0.0000E+00   
1.00E+07  2.585  0.021   3.2379E+00  5.8581E+01   4.4214E-01  3.0047E+00   0.0000E+00  0.0000E+00   0.0000E+00  0.0000E+00   
1.00E+08  0.001  2.447   1.9189E-01  1.2172E+00   7.7736E-02  3.6287E-01   0.0000E+00  0.0000E+00   0.0000E+00  0.0000E+00   
1.00E+08  0.009  2.447   1.9174E-01  1.2162E+00   7.7736E-02  3.6287E-01   0.0000E+00  0.0000E+00   0.0000E+00  0.0000E+00   
1.00E+08  0.017  2.446   1.9169E-01  1.2159E+00   7.7736E-02  3.6287E-01   0.0000E+00  0.0000E+00   0.0000E+00  0.0000E+00   
1.00E+08  0.034  2.445   1.9190E-01  1.2178E+00   7.7736E-02  3.6287E-01   0.0000E+00  0.0000E+00   0.0000E+00  0.0000E+00   
1.00E+08  0.060  2.442   1.9225E-01  1.2211E+00   7.7736E-02  3.6287E-01   0.0000E+00  0.0000E+00   0.0000E+00  0.0000E+00   
1.00E+08  0.086  2.437   1.9280E-01  1.2265E+00   7.7736E-02  3.6287E-01   0.0000E+00  0.0000E+00   0.0000E+00  0.0000E+00   
1.00E+08  0.129  2.424   1.9415E-01  1.2396E+00   7.7754E-02  3.6298E-01   0.0000E+00  0.0000E+00   0.0000E+00  0.0000E+00   
1.00E+08  0.172  2.406   1.9606E-01  1.2584E+00   7.7879E-02  3.6374E-01   0.0000E+00  0.0000E+00   0.0000E+00  0.0000E+00   
1.00E+08  0.259  2.355   2.0165E-01  1.3144E+00   7.8987E-02  3.7055E-01   0.0000E+00  0.0000E+00   0.0000E+00  0.0000E+00   
1.00E+08  0.431  2.192   2.1978E-01  1.5087E+00   8.7164E-02  4.2146E-01   0.0000E+00  0.0000E+00   0.0000E+00  0.0000E+00   
1.00E+08  0.862  1.493   2.9831E-01  2.5431E+00   1.5262E-01  8.5894E-01   0.0000E+00  0.0000E+00   0.0000E+00  0.0000E+00   
1.00E+08  2.585  0.209   3.4699E+00  6.2837E+01   4.4495E-01  3.0270E+00   0.0000E+00  0.0000E+00   0.0000E+00  0.0000E+00   
1.00E+09  0.001  5.181   3.4703E+00  2.8853E+01   7.7736E-02  3.6287E-01   0.0000E+00  0.0000E+00   0.0000E+00  0.0000E+00   
1.00E+09  0.009  5.180   3.4689E+00  2.8840E+01   7.7736E-02  3.6287E-01   0.0000E+00  0.0000E+00   0.0000E+00  0.0000E+00   
1.00E+09  0.017  5.180   3.4681E+00  2.8834E+01   7.7736E-02  3.6287E-01   0.0000E+00  0.0000E+00   0.0000E+00  0.0000E+00   
1.00E+09  0.034  5.180   3.4698E+00  2.8853E+01   7.7736E-02  3.6287E-01   0.0000E+00  0.0000E+00   0.0000E+00  0.0000E+00   
1.00E+09  0.060  5.178   3.4721E+00  2.8885E+01   7.7736E-02  3.6287E-01   0.0000E+00  0.0000E+00   0.0000E+00  0.0000E+00   
1.00E+09  0.086  5.176   3.4758E+00  2.8935E+01   7.7736E-02  3.6287E-01   0.0000E+00  0.0000E+00   0.0000E+00  0.0000E+00   
1.00E+09  0.129  5.170   3.4849E+00  2.9058E+01   7.7754E-02  3.6298E-01   0.0000E+00  0.0000E+00   0.0000E+00  0.0000E+00   
1.00E+09  0.172  5.161   3.4980E+00  2.9238E+01   7.7879E-02  3.6374E-01   0.0000E+00  0.0000E+00   0.0000E+00  0.0000E+00   
1.00E+09  0.259  5.138   3.5384E+00  2.9790E+01   7.8987E-02  3.7055E-01   0.0000E+00  0.0000E+00   0.0000E+00  0.0000E+00   
1.00E+09  0.431  5.062   3.6725E+00  3.1743E+01   8.7168E-02  4.2148E-01   0.0000E+00  0.0000E+00   0.0000E+00  0.0000E+00   
1.00E+09  0.862  4.708   4.0612E+00  3.9988E+01   1.5328E-01  8.6262E-01   0.0000E+00  0.0000E+00   0.0000E+00  0.0000E+00   
1.00E+09  2.585  1.972   6.5725E+00  1.2040E+02   4.6524E-01  3.1896E+00   0.0000E+00  0.0000E+00   0.0000E+00  0.0000E+00   
1.00E+10  0.001  11.119  8.6491E+01  1.1227E+03   7.7736E-02  3.6287E-01   0.0000E+00  0.0000E+00   0.0000E+00  0.0000E+00   
1.00E+10  0.009  11.118  8.6461E+01  1.1223E+03   7.7736E-02  3.6287E-01   0.0000E+00  0.0000E+00   0.0000E+00  0.0000E+00   
1.00E+10  0.017  11.118  8.6449E+01  1.1221E+03   7.7736E-02  3.6287E-01   0.0000E+00  0.0000E+00   0.0000E+00  0.0000E+00   
1.00E+10  0.034  11.118  8.6466E+01  1.1224E+03   7.7736E-02  3.6287E-01   0.0000E+00  0.0000E+00   0.0000E+00  0.0000E+00   
1.00E+10  0.060  11.117  8.6483E+01  1.1228E+03   7.7736E-02  3.6287E-01   0.0000E+00  0.0000E+00   0.0000E+00  0.0000E+00   
1.00E+10  0.086  11.116  8.6512E+01  1.1235E+03   7.7736E-02  3.6287E-01   0.0000E+00  0.0000E+00   0.0000E+00  0.0000E+00   
1.00E+10  0.129  11.113  8.6583E+01  1.1250E+03   7.7754E-02  3.6298E-01   0.0000E+00  0.0000E+00   0.0000E+00  0.0000E+00   
1.00E+10  0.172  11.109  8.6691E+01  1.1274E+03   7.7879E-02  3.6374E-01   0.0000E+00  0.0000E+00   0.0000E+00  0.0000E+00   
1.00E+10  0.259  11.098  8.7048E+01  1.1351E+03   7.8987E-02  3.7055E-01   0.0000E+00  0.0000E+00   0.0000E+00  0.0000E+00   
1.00E+10  0.431  11.063  8.8140E+01  1.1613E+03   8.7168E-02  4.2148E-01   0.0000E+00  0.0000E+00   0.0000E+00  0.0000E+00   
1.00E+10  0.862  10.898  8.7284E+01  1.2192E+03   1.5330E-01  8.6271E-01   0.0000E+00  0.0000E+00   0.0000E+00  0.0000E+00   
1.00E+10  2.585  9.163   6.6371E+01  1.3518E+03   4.8866E-01  3.3795E+00   0.0000E+00  0.0000E+00   0.0000E+00  0.0000E+00   
1.00E+11  0.001  23.934  2.8013E+03  6.5735E+04   7.7736E-02  3.6287E-01   0.0000E+00  0.0000E+00   0.0000E+00  0.0000E+00   
1.00E+11  0.009  23.934  2.8008E+03  6.5722E+04   7.7736E-02  3.6287E-01   0.0000E+00  0.0000E+00   0.0000E+00  0.0000E+00   
1.00E+11  0.017  23.933  2.8007E+03  6.5721E+04   7.7736E-02  3.6287E-01   0.0000E+00  0.0000E+00   0.0000E+00  0.0000E+00   
1.00E+11  0.034  23.934  2.8010E+03  6.5728E+04   7.7736E-02  3.6287E-01   0.0000E+00  0.0000E+00   0.0000E+00  0.0000E+00   
1.00E+11  0.060  23.933  2.8011E+03  6.5734E+04   7.7736E-02  3.6287E-01   0.0000E+00  0.0000E+00   0.0000E+00  0.0000E+00   
1.00E+11  0.086  23.933  2.8013E+03  6.5744E+04   7.7736E-02  3.6287E-01   0.0000E+00  0.0000E+00   0.0000E+00  0.0000E+00   
1.00E+11  0.129  23.931  2.8020E+03  6.5770E+04   7.7754E-02  3.6298E-01   0.0000E+00  0.0000E+00   0.0000E+00  0.0000E+00   
1.00E+11  0.172  23.930  2.8031E+03  6.5812E+04   7.7879E-02  3.6374E-01   0.0000E+00  0.0000E+00   0.0000E+00  0.0000E+00   
1.00E+11  0.259  23.924  2.8074E+03  6.5966E+04   7.8987E-02  3.7055E-01   0.0000E+00  0.0000E+00   0.0000E+00  0.0000E+00   
1.00E+11  0.431  23.908  2.8152E+03  6.6381E+04   8.7168E-02  4.2148E-01   0.0000E+00  0.0000E+00   0.0000E+00  0.0000E+00   
1.00E+11  0.862  23.832  2.6475E+03  6.3789E+04   1.5330E-01  8.6271E-01   0.0000E+00  0.0000E+00   0.0000E+00  0.0000E+00   
1.00E+11  2.585  23.015  1.4395E+03  4.0934E+04   4.9038E-01  3.3935E+00   0.0000E+00  0.0000E+00   0.0000E+00  0.0000E+00   
