rhoYe is density times electron fraction [g/cm^3], T is temperature [MeV], mu_e is electron chemical potential [MeV]
e-(+) cap is electron (positron) capture, e-(+) dec is electron (positron) decay
For each process, first column is neutrino production [neutrinos/baryon second] and second column is energy loss [MeV/baryon second].
rhoYe     T      mu_e    e- cap                   e+ dec                   e+ cap                   e- dec                   
1.00E+01  0.001  0.509   1.4320E-07  7.5396E-07   2.3870E-02  6.3670E-02   0.0000E+00  0.0000E+00   0.0000E+00  0.0000E+00   
1.00E+01  0.009  0.453   2.7289E-08  1.4385E-07   2.3870E-02  6.3670E-02   0.0000E+00  0.0000E+00   0.0000E+00  0.0000E+00   
1.00E+01  0.017  0.377   1.9404E-08  1.0243E-07   2.3870E-02  6.3670E-02   0.0000E+00  0.0000E+00   0.0000E+00  0.0000E+00   
1.00E+01  0.034  0.205   1.4757E-08  7.8165E-08   2.3870E-02  6.3670E-02   0.0000E+00  0.0000E+00   0.0000E+00  0.0000E+00   
1.00E+01  0.060  0.008   5.3528E-08  2.8519E-07   2.3870E-02  6.3670E-02   0.0000E+00  0.0000E+00   0.0000E+00  0.0000E+00   
1.00E+01  0.086  0.000   1.0136E-06  5.4370E-06   2.3870E-02  6.3669E-02   0.0000E+00  0.0000E+00   0.0000E+00  0.0000E+00   
1.00E+01  0.129  0.000   1.4068E-05  7.6452E-05   2.3868E-02  6.3662E-02   0.0000E+00  0.0000E+00   0.0000E+00  0.0000E+00   
1.00E+01  0.172  0.000   6.3351E-05  3.4948E-04   2.3862E-02  6.3633E-02   0.0000E+00  0.0000E+00   0.0000E+00  0.0000E+00   
1.00E+01  0.259  0.000   3.8537E-04  2.2012E-03   2.3831E-02  6.3498E-02   0.0000E+00  0.0000E+00   0.0000E+00  0.0000E+00   
1.00E+01  0.431  0.000   2.8886E-03  1.7956E-02   2.4017E-02  6.4059E-02   0.0000E+00  0.0000E+00   0.0000E+00  0.0000E+00   
1.00E+01  0.862  0.000   4.2042E-02  3.4070E-01   3.2898E-02  1.0234E-01   0.0000E+00  0.0000E+00   0.0000E+00  0.0000E+00   
1.00E+01  2.585  0.000   3.2235E+00  5.6373E+01   1.8033E-01  1.0800E+00   0.0000E+00  0.0000E+00   0.0000E+00  0.0000E+00   
1.00E+01  0.001  0.509   1.4320E-07  7.5396E-07   2.3870E-02  6.3670E-02   0.0000E+00  0.0000E+00   0.0000E+00  0.0000E+00   
1.00E+01  0.009  0.453   2.7289E-08  1.4385E-07   2.3870E-02  6.3670E-02   0.0000E+00  0.0000E+00   0.0000E+00  0.0000E+00   
1.00E+01  0.017  0.377   1.9404E-08  1.0243E-07   2.3870E-02  6.3670E-02   0.0000E+00  0.0000E+00   0.0000E+00  0.0000E+00   
1.00E+01  0.034  0.205   1.4757E-08  7.8165E-08   2.3870E-02  6.3670E-02   0.0000E+00  0.0000E+00   0.0000E+00  0.0000E+00   
1.00E+01  0.060  0.008   5.3528E-08  2.8519E-07   2.3870E-02  6.3670E-02   0.0000E+00  0.0000E+00   0.0000E+00  0.0000E+00   
1.00E+01  0.086  0.000   1.0136E-06  5.4370E-06   2.3870E-02  6.3669E-02   0.0000E+00  0.0000E+00   0.0000E+00  0.0000E+00   
1.00E+01  0.129  0.000   1.4068E-05  7.6452E-05   2.3868E-02  6.3662E-02   0.0000E+00  0.0000E+00   0.0000E+00  0.0000E+00   
1.00E+01  0.172  0.000   6.3351E-05  3.4948E-04   2.3862E-02  6.3633E-02   0.0000E+00  0.0000E+00   0.0000E+00  0.0000E+00   
1.00E+01  0.259  0.000   3.8537E-04  2.2012E-03   2.3831E-02  6.3498E-02   0.0000E+00  0.0000E+00   0.0000E+00  0.0000E+00   
1.00E+01  0.431  0.000   2.8886E-03  1.7956E-02   2.4017E-02  6.4059E-02   0.0000E+00  0.0000E+00   0.0000E+00  0.0000E+00   
1.00E+01  0.862  0.000   4.2042E-02  3.4070E-01   3.2898E-02  1.0234E-01   0.0000E+00  0.0000E+00   0.0000E+00  0.0000E+00   
1.00E+01  2.585  0.000   3.2235E+00  5.6373E+01   1.8033E-01  1.0800E+00   0.0000E+00  0.0000E+00   0.0000E+00  0.0000E+00   
1.00E+02  0.001  0.511   1.4589E-06  7.6813E-06   2.3870E-02  6.3670E-02   0.0000E+00  0.0000E+00   0.0000E+00  0.0000E+00   
1.00E+02  0.009  0.473   2.7261E-07  1.4370E-06   2.3870E-02  6.3670E-02   0.0000E+00  0.0000E+00   0.0000E+00  0.0000E+00   
1.00E+02  0.017  0.416   1.9394E-07  1.0238E-06   2.3870E-02  6.3670E-02   0.0000E+00  0.0000E+00   0.0000E+00  0.0000E+00   
1.00E+02  0.034  0.284   1.4755E-07  7.8154E-07   2.3870E-02  6.3670E-02   0.0000E+00  0.0000E+00   0.0000E+00  0.0000E+00   
1.00E+02  0.060  0.065   1.3857E-07  7.3829E-07   2.3870E-02  6.3670E-02   0.0000E+00  0.0000E+00   0.0000E+00  0.0000E+00   
1.00E+02  0.086  0.005   1.0654E-06  5.7150E-06   2.3870E-02  6.3669E-02   0.0000E+00  0.0000E+00   0.0000E+00  0.0000E+00   
1.00E+02  0.129  0.000   1.4115E-05  7.6706E-05   2.3868E-02  6.3662E-02   0.0000E+00  0.0000E+00   0.0000E+00  0.0000E+00   
1.00E+02  0.172  0.000   6.3396E-05  3.4973E-04   2.3862E-02  6.3634E-02   0.0000E+00  0.0000E+00   0.0000E+00  0.0000E+00   
1.00E+02  0.259  0.000   3.8541E-04  2.2015E-03   2.3831E-02  6.3498E-02   0.0000E+00  0.0000E+00   0.0000E+00  0.0000E+00   
1.00E+02  0.431  0.000   2.8886E-03  1.7957E-02   2.4017E-02  6.4059E-02   0.0000E+00  0.0000E+00   0.0000E+00  0.0000E+00   
1.00E+02  0.862  0.000   4.2042E-02  3.4070E-01   3.2898E-02  1.0234E-01   0.0000E+00  0.0000E+00   0.0000E+00  0.0000E+00   
1.00E+02  2.585  0.000   3.2235E+00  5.6373E+01   1.8033E-01  1.0800E+00   0.0000E+00  0.0000E+00   0.0000E+00  0.0000E+00   
1.00E+01  0.001  0.509   1.4320E-07  7.5396E-07   2.3870E-02  6.3670E-02   0.0000E+00  0.0000E+00   0.0000E+00  0.0000E+00   
1.00E+01  0.009  0.453   2.7289E-08  1.4385E-07   2.3870E-02  6.3670E-02   0.0000E+00  0.0000E+00   0.0000E+00  0.0000E+00   
1.00E+01  0.017  0.377   1.9404E-08  1.0243E-07   2.3870E-02  6.3670E-02   0.0000E+00  0.0000E+00   0.0000E+00  0.0000E+00   
1.00E+01  0.034  0.205   1.4757E-08  7.8165E-08   2.3870E-02  6.3670E-02   0.0000E+00  0.0000E+00   0.0000E+00  0.0000E+00   
1.00E+01  0.060  0.008   5.3528E-08  2.8519E-07   2.3870E-02  6.3670E-02   0.0000E+00  0.0000E+00   0.0000E+00  0.0000E+00   
1.00E+01  0.086  0.000   1.0136E-06  5.4370E-06   2.3870E-02  6.3669E-02   0.0000E+00  0.0000E+00   0.0000E+00  0.0000E+00   
1.00E+01  0.129  0.000   1.4068E-05  7.6452E-05   2.3868E-02  6.3662E-02   0.0000E+00  0.0000E+00   0.0000E+00  0.0000E+00   
1.00E+01  0.172  0.000   6.3351E-05  3.4948E-04   2.3862E-02  6.3633E-02   0.0000E+00  0.0000E+00   0.0000E+00  0.0000E+00   
1.00E+01  0.259  0.000   3.8537E-04  2.2012E-03   2.3831E-02  6.3498E-02   0.0000E+00  0.0000E+00   0.0000E+00  0.0000E+00   
1.00E+01  0.431  0.000   2.8886E-03  1.7956E-02   2.4017E-02  6.4059E-02   0.0000E+00  0.0000E+00   0.0000E+00  0.0000E+00   
1.00E+01  0.862  0.000   4.2042E-02  3.4070E-01   3.2898E-02  1.0234E-01   0.0000E+00  0.0000E+00   0.0000E+00  0.0000E+00   
1.00E+01  2.585  0.000   3.2235E+00  5.6373E+01   1.8033E-01  1.0800E+00   0.0000E+00  0.0000E+00   0.0000E+00  0.0000E+00   
1.00E+02  0.001  0.511   1.4589E-06  7.6813E-06   2.3870E-02  6.3670E-02   0.0000E+00  0.0000E+00   0.0000E+00  0.0000E+00   
1.00E+02  0.009  0.473   2.7261E-07  1.4370E-06   2.3870E-02  6.3670E-02   0.0000E+00  0.0000E+00   0.0000E+00  0.0000E+00   
1.00E+02  0.017  0.416   1.9394E-07  1.0238E-06   2.3870E-02  6.3670E-02   0.0000E+00  0.0000E+00   0.0000E+00  0.0000E+00   
1.00E+02  0.034  0.284   1.4755E-07  7.8154E-07   2.3870E-02  6.3670E-02   0.0000E+00  0.0000E+00   0.0000E+00  0.0000E+00   
1.00E+02  0.060  0.065   1.3857E-07  7.3829E-07   2.3870E-02  6.3670E-02   0.0000E+00  0.0000E+00   0.0000E+00  0.0000E+00   
1.00E+02  0.086  0.005   1.0654E-06  5.7150E-06   2.3870E-02  6.3669E-02   0.0000E+00  0.0000E+00   0.0000E+00  0.0000E+00   
1.00E+02  0.129  0.000   1.4115E-05  7.6706E-05   2.3868E-02  6.3662E-02   0.0000E+00  0.0000E+00   0.0000E+00  0.0000E+00   
1.00E+02  0.172  0.000   6.3396E-05  3.4973E-04   2.3862E-02  6.3634E-02   0.0000E+00  0.0000E+00   0.0000E+00  0.0000E+00   
1.00E+02  0.259  0.000   3.8541E-04  2.2015E-03   2.3831E-02  6.3498E-02   0.0000E+00  0.0000E+00   0.0000E+00  0.0000E+00   
1.00E+02  0.431  0.000   2.8886E-03  1.7957E-02   2.4017E-02  6.4059E-02   0.0000E+00  0.0000E+00   0.0000E+00  0.0000E+00   
1.00E+02  0.862  0.000   4.2042E-02  3.4070E-01   3.2898E-02  1.0234E-01   0.0000E+00  0.0000E+00   0.0000E+00  0.0000E+00   
1.00E+02  2.585  0.000   3.2235E+00  5.6373E+01   1.8033E-01  1.0800E+00   0.0000E+00  0.0000E+00   0.0000E+00  0.0000E+00   
1.00E+03  0.001  0.513   5.5015E-06  2.8969E-05   2.3870E-02  6.3670E-02   0.0000E+00  0.0000E+00   0.0000E+00  0.0000E+00   
1.00E+03  0.009  0.493   2.6990E-06  1.4228E-05 1.00E+01  0.001  0.509   1.4320E-07  7.5396E-07   2.3870E-02  6.3670E-02   0.0000E+00  0.0000E+00   0.0000E+00  0.0000E+00   
1.00E+01  0.009  0.453   2.7289E-08  1.4385E-07   2.3870E-02  6.3670E-02   0.0000E+00  0.0000E+00   0.0000E+00  0.0000E+00   
1.00E+01  0.017  0.377   1.9404E-08  1.0243E-07   2.3870E-02  6.3670E-02   0.0000E+00  0.0000E+00   0.0000E+00  0.0000E+00   
1.00E+01  0.034  0.205   1.4757E-08  7.8165E-08   2.3870E-02  6.3670E-02   0.0000E+00  0.0000E+00   0.0000E+00  0.0000E+00   
1.00E+01  0.060  0.008   5.3528E-08  2.8519E-07   2.3870E-02  6.3670E-02   0.0000E+00  0.0000E+00   0.0000E+00  0.0000E+00   
1.00E+01  0.086  0.000   1.0136E-06  5.4370E-06   2.3870E-02  6.3669E-02   0.0000E+00  0.0000E+00   0.0000E+00  0.0000E+00   
1.00E+01  0.129  0.000   1.4068E-05  7.6452E-05   2.3868E-02  6.3662E-02   0.0000E+00  0.0000E+00   0.0000E+00  0.0000E+00   
1.00E+01  0.172  0.000   6.3351E-05  3.4948E-04   2.3862E-02  6.3633E-02   0.0000E+00  0.0000E+00   0.0000E+00  0.0000E+00   
1.00E+01  0.259  0.000   3.8537E-04  2.2012E-03   2.3831E-02  6.3498E-02   0.0000E+00  0.0000E+00   0.0000E+00  0.0000E+00   
1.00E+01  0.431  0.000   2.8886E-03  1.7956E-02   2.4017E-02  6.4059E-02   0.0000E+00  0.0000E+00   0.0000E+00  0.0000E+00   
1.00E+01  0.862  0.000   4.2042E-02  3.4070E-01   3.2898E-02  1.0234E-01   0.0000E+00  0.0000E+00   0.0000E+00  0.0000E+00   
1.00E+01  2.585  0.000   3.2235E+00  5.6373E+01   1.8033E-01  1.0800E+00   0.0000E+00  0.0000E+00   0.0000E+00  0.0000E+00   
1.00E+02  0.001  0.511   1.4589E-06  7.6813E-06   2.3870E-02  6.3670E-02   0.0000E+00  0.0000E+00   0.0000E+00  0.0000E+00   
1.00E+02  0.009  0.473   2.7261E-07  1.4370E-06   2.3870E-02  6.3670E-02   0.0000E+00  0.0000E+00   0.0000E+00  0.0000E+00   
1.00E+02  0.017  0.416   1.9394E-07  1.0238E-06   2.3870E-02  6.3670E-02   0.0000E+00  0.0000E+00   0.0000E+00  0.0000E+00   
1.00E+02  0.034  0.284   1.4755E-07  7.8154E-07   2.3870E-02  6.3670E-02   0.0000E+00  0.0000E+00   0.0000E+00  0.0000E+00   
1.00E+02  0.060  0.065   1.3857E-07  7.3829E-07   2.3870E-02  6.3670E-02   0.0000E+00  0.0000E+00   0.0000E+00  0.0000E+00   
1.00E+02  0.086  0.005   1.0654E-06  5.7150E-06   2.3870E-02  6.3669E-02   0.0000E+00  0.0000E+00   0.0000E+00  0.0000E+00   
1.00E+02  0.129  0.000   1.4115E-05  7.6706E-05   2.3868E-02  6.3662E-02   0.0000E+00  0.0000E+00   0.0000E+00  0.0000E+00   
1.00E+02  0.172  0.000   6.3396E-05  3.4973E-04   2.3862E-02  6.3634E-02   0.0000E+00  0.0000E+00   0.0000E+00  0.0000E+00   
1.00E+02  0.259  0.000   3.8541E-04  2.2015E-03   2.3831E-02  6.3498E-02   0.0000E+00  0.0000E+00   0.0000E+00  0.0000E+00   
1.00E+02  0.431  0.000   2.8886E-03  1.7957E-02   2.4017E-02  6.4059E-02   0.0000E+00  0.0000E+00   0.0000E+00  0.0000E+00   
1.00E+02  0.862  0.000   4.2042E-02  3.4070E-01   3.2898E-02  1.0234E-01   0.0000E+00  0.0000E+00   0.0000E+00  0.0000E+00   
1.00E+02  2.585  0.000   3.2235E+00  5.6373E+01   1.8033E-01  1.0800E+00   0.0000E+00  0.0000E+00   0.0000E+00  0.0000E+00   
1.00E+03  0.001  0.513   5.5015E-06  2.8969E-05   2.3870E-02  6.3670E-02   0.0000E+00  0.0000E+00   0.0000E+00  0.0000E+00   
1.00E+03  0.009  0.493   2.6990E-06  1.4228E-05   2.3870E-02  6.3670E-02   0.0000E+00  0.0000E+00   0.0000E+00  0.0000E+00   
1.00E+03  0.009  0.493   2.6990E-06  1.4228E-05 1.00E+01  0.001  0.509   1.4320E-07  7.5396E-07   2.3870E-02  6.3670E-02   0.0000E+00  0.0000E+00   0.0000E+00  0.0000E+00   
1.00E+03  0.017  0.456   1.9297E-06  1.0187E-05   2.3870E-02  6.3670E-02   0.0000E+00  0.0000E+00   0.0000E+00  0.0000E+00   
1.00E+03  0.034  0.364   1.4736E-06  7.8054E-06   2.3870E-02  6.3670E-02   0.0000E+00  0.0000E+00   0.0000E+00  0.0000E+00   
1.00E+03  0.060  0.197   1.2276E-06  6.5408E-06   2.3870E-02  6.3670E-02   0.0000E+00  0.0000E+00   0.0000E+00  0.0000E+00   
1.00E+03  0.086  0.046   1.7113E-06  9.1797E-06   2.3870E-02  6.3669E-02   0.0000E+00  0.0000E+00   0.0000E+00  0.0000E+00   
1.00E+03  0.129  0.005   1.4591E-05  7.9296E-05   2.3868E-02  6.3662E-02   0.0000E+00  0.0000E+00   0.0000E+00  0.0000E+00   
1.00E+03  0.172  0.001   6.3853E-05  3.5225E-04   2.3862E-02  6.3634E-02   0.0000E+00  0.0000E+00   0.0000E+00  0.0000E+00   
1.00E+03  0.259  0.000   3.8587E-04  2.2041E-03   2.3831E-02  6.3498E-02   0.0000E+00  0.0000E+00   0.0000E+00  0.0000E+00   
1.00E+03  0.431  0.000   2.8892E-03  1.7960E-02   2.4017E-02  6.4059E-02   0.0000E+00  0.0000E+00   0.0000E+00  0.0000E+00   
1.00E+03  0.862  0.000   4.2043E-02  3.4071E-01   3.2898E-02  1.0234E-01   0.0000E+00  0.0000E+00   0.0000E+00  0.0000E+00   
1.00E+03  2.585  0.000   3.2235E+00  5.6373E+01   1.8033E-01  1.0800E+00   0.0000E+00  0.0000E+00   0.0000E+00  0.0000E+00   
1.00E+04  0.001  0.523   3.0803E-05  1.6231E-04   2.3870E-02  6.3670E-02   0.0000E+00  0.0000E+00   0.0000E+00  0.0000E+00   
1.00E+04  0.009  0.516   2.2955E-05  1.2105E-04   2.3870E-02  6.3670E-02   0.0000E+00  0.0000E+00   0.0000E+00  0.0000E+00   
1.00E+04  0.017  0.498   1.8405E-05  9.7186E-05   2.3870E-02  6.3670E-02   0.0000E+00  0.0000E+00   0.0000E+00  0.0000E+00   
1.00E+04  0.034  0.444   1.4553E-05  7.7096E-05   2.3870E-02  6.3670E-02   0.0000E+00  0.0000E+00   0.0000E+00  0.0000E+00   
1.00E+04  0.060  0.337   1.2209E-05  6.5055E-05   2.3870E-02  6.3670E-02   0.0000E+00  0.0000E+00   0.0000E+00  0.0000E+00   
1.00E+04  0.086  0.209   1.1249E-05  6.0349E-05   2.3870E-02  6.3670E-02   0.0000E+00  0.0000E+00   0.0000E+00  0.0000E+00   
1.00E+04  0.129  0.047   2.0172E-05  1.0963E-04   2.3869E-02  6.3664E-02   0.0000E+00  0.0000E+00   0.0000E+00  0.0000E+00   
1.00E+04  0.172  0.014   6.8595E-05  3.7843E-04   2.3862E-02  6.3636E-02   0.0000E+00  0.0000E+00   0.0000E+00  0.0000E+00   
1.00E+04  0.259  0.004   3.9051E-04  2.2307E-03   2.3832E-02  6.3501E-02   0.0000E+00  0.0000E+00   0.0000E+00  0.0000E+00   
1.00E+04  0.431  0.001   2.8944E-03  1.7993E-02   2.4017E-02  6.4061E-02   0.0000E+00  0.0000E+00   0.0000E+00  0.0000E+00   
1.00E+04  0.862  0.000   4.2051E-02  3.4078E-01   3.2898E-02  1.0234E-01   0.0000E+00  0.0000E+00   0.0000E+00  0.0000E+00   
1.00E+04  2.585  0.000   3.2235E+00  5.6374E+01   1.8033E-01  1.0800E+00   0.0000E+00  0.0000E+00   0.0000E+00  0.0000E+00   
1.00E+05  0.001  0.565   1.5718E-04  8.3083E-04   2.3870E-02  6.3670E-02   0.0000E+00  0.0000E+00   0.0000E+00  0.0000E+00   
1.00E+05  0.009  0.563   1.5276E-04  8.0768E-04   2.3870E-02  6.3670E-02   0.0000E+00  0.0000E+00   0.0000E+00  0.0000E+00   
1.00E+05  0.017  0.558   1.4632E-04  7.7435E-04   2.3870E-02  6.3670E-02   0.0000E+00  0.0000E+00   0.0000E+00  0.0000E+00   
1.00E+05  0.034  0.537   1.3213E-04  7.0115E-04   2.3870E-02  6.3670E-02   0.0000E+00  0.0000E+00   0.0000E+00  0.0000E+00   
1.00E+05  0.060  0.485   1.1782E-04  6.2861E-04   2.3870E-02  6.3670E-02   0.0000E+00  0.0000E+00   0.0000E+00  0.0000E+00   
1.00E+05  0.086  0.413   1.0982E-04  5.8976E-04   2.3870E-02  6.3670E-02   0.0000E+00  0.0000E+00   0.0000E+00  0.0000E+00   
1.00E+05  0.129  0.265   1.0511E-04  5.7168E-04   2.3870E-02  6.3669E-02   0.0000E+00  0.0000E+00   0.0000E+00  0.0000E+00   
1.00E+05  0.172  0.128   1.3128E-04  7.2453E-04   2.3866E-02  6.3653E-02   0.0000E+00  0.0000E+00   0.0000E+00  0.0000E+00   
1.00E+05  0.259  0.035   4.3985E-04  2.5130E-03   2.3837E-02  6.3523E-02   0.0000E+00  0.0000E+00   0.0000E+00  0.0000E+00   
1.00E+05  0.431  0.009   2.9477E-03  1.8325E-02   2.4022E-02  6.4081E-02   0.0000E+00  0.0000E+00   0.0000E+00  0.0000E+00   
1.00E+05  0.862  0.002   4.2133E-02  3.4145E-01   3.2901E-02  1.0235E-01   0.0000E+00  0.0000E+00   0.0000E+00  0.0000E+00   
1.00E+05  2.585  0.000   3.2237E+00  5.6378E+01   1.8033E-01  1.0801E+00   0.0000E+00  0.0000E+00   0.0000E+00  0.0000E+00   
1.00E+06  0.001  0.726   1.0413E-03  5.5807E-03   2.3870E-02  6.3670E-02   0.0000E+00  0.0000E+00   0.0000E+00  0.0000E+00   
1.00E+06  0.009  0.725   1.0339E-03  5.5411E-03   2.3870E-02  6.3670E-02   0.0000E+00  0.0000E+00   0.0000E+00  0.0000E+00   
1.00E+06  0.017  0.724   1.0359E-03  5.5543E-03   2.3870E-02  6.3670E-02   0.0000E+00  0.0000E+00   0.0000E+00  0.0000E+00   
1.00E+06  0.034  0.718   1.0321E-03  5.5421E-03   2.3870E-02  6.3670E-02   0.0000E+00  0.0000E+00   0.0000E+00  0.0000E+00   
1.00E+06  0.060  0.700   1.0225E-03  5.5104E-03   2.3870E-02  6.3670E-02   0.0000E+00  0.0000E+00   0.0000E+00  0.0000E+00   
1.00E+06  0.086  0.672   1.0113E-03  5.4781E-03   2.3870E-02  6.3670E-02   0.0000E+00  0.0000E+00   0.0000E+00  0.0000E+00   
1.00E+06  0.129  0.604   9.9883E-04  5.4694E-03   2.3870E-02  6.3670E-02   0.0000E+00  0.0000E+00   0.0000E+00  0.0000E+00   
1.00E+06  0.172  0.512   1.0005E-03  5.5515E-03   2.3870E-02  6.3668E-02   0.0000E+00  0.0000E+00   0.0000E+00  0.0000E+00   
1.00E+06  0.259  0.299   1.1485E-03  6.5800E-03   2.3865E-02  6.3638E-02   0.0000E+00  0.0000E+00   0.0000E+00  0.0000E+00   
1.00E+06  0.431  0.091   3.5300E-03  2.1966E-02   2.4067E-02  6.4257E-02   0.0000E+00  0.0000E+00   0.0000E+00  0.0000E+00   
1.00E+06  0.862  0.020   4.2961E-02  3.4823E-01   3.2934E-02  1.0247E-01   0.0000E+00  0.0000E+00   0.0000E+00  0.0000E+00   
1.00E+06  2.585  0.002   3.2260E+00  5.6417E+01   1.8034E-01  1.0802E+00   0.0000E+00  0.0000E+00   0.0000E+00  0.0000E+00   
1.00E+07  0.001  1.223   9.6720E-03  5.4386E-02   2.3870E-02  6.3670E-02   0.0000E+00  0.0000E+00   0.0000E+00  0.0000E+00   
1.00E+07  0.009  1.222   9.6513E-03  5.4269E-02   2.3870E-02  6.3670E-02   0.0000E+00  0.0000E+00   0.0000E+00  0.0000E+00   
1.00E+07  0.017  1.222   9.6536E-03  5.4291E-02   2.3870E-02  6.3670E-02   0.0000E+00  0.0000E+00   0.0000E+00  0.0000E+00   
1.00E+07  0.034  1.219   9.6721E-03  5.4432E-02   2.3870E-02  6.3670E-02   0.0000E+00  0.0000E+00   0.0000E+00  0.0000E+00   
1.00E+07  0.060  1.212   9.7069E-03  5.4728E-02   2.3870E-02  6.3670E-02   0.0000E+00  0.0000E+00   0.0000E+00  0.0000E+00   
1.00E+07  0.086  1.200   9.7608E-03  5.5186E-02   2.3870E-02  6.3670E-02   0.0000E+00  0.0000E+00   0.0000E+00  0.0000E+00   
1.00E+07  0.129  1.173   9.8878E-03  5.6278E-02   2.3870E-02  6.3670E-02   0.0000E+00  0.0000E+00   0.0000E+00  0.0000E+00   
1.00E+07  0.172  1.133   1.0058E-02  5.7759E-02   2.3870E-02  6.3670E-02   0.0000E+00  0.0000E+00   0.0000E+00  0.0000E+00   
1.00E+07  0.259  1.021   1.0524E-02  6.1895E-02   2.3880E-02  6.3701E-02   0.0000E+00  0.0000E+00   0.0000E+00  0.0000E+00   
1.00E+07  0.431  0.698   1.2514E-02  7.8836E-02   2.4238E-02  6.4927E-02   0.0000E+00  0.0000E+00   0.0000E+00  0.0000E+00   
1.00E+07  0.862  0.196   5.2078E-02  4.2300E-01   3.3229E-02  1.0360E-01   0.0000E+00  0.0000E+00   0.0000E+00  0.0000E+00   
1.00E+07  2.585  0.021   3.2484E+00  5.6816E+01   1.8049E-01  1.0811E+00   0.0000E+00  0.0000E+00   0.0000E+00  0.0000E+00   
1.00E+08  0.001  2.447   1.2513E-01  7.9691E-01   2.3870E-02  6.3670E-02   0.0000E+00  0.0000E+00   0.0000E+00  0.0000E+00   
1.00E+08  0.009  2.447   1.2503E-01  7.9627E-01   2.3870E-02  6.3670E-02   0.0000E+00  0.0000E+00   0.0000E+00  0.0000E+00   
1.00E+08  0.017  2.446   1.2500E-01  7.9611E-01   2.3870E-02  6.3670E-02   0.0000E+00  0.0000E+00   0.0000E+00  0.0000E+00   
1.00E+08  0.034  2.445   1.2514E-01  7.9728E-01   2.3870E-02  6.3670E-02   0.0000E+00  0.0000E+00   0.0000E+00  0.0000E+00   
1.00E+08  0.060  2.442   1.2536E-01  7.9945E-01   2.3870E-02  6.3670E-02   0.0000E+00  0.0000E+00   0.0000E+00  0.0000E+00   
1.00E+08  0.086  2.437   1.2572E-01  8.0289E-01   2.3870E-02  6.3670E-02   0.0000E+00  0.0000E+00   0.0000E+00  0.0000E+00   
1.00E+08  0.129  2.424   1.2660E-01  8.1130E-01   2.3870E-02  6.3670E-02   0.0000E+00  0.0000E+00   0.0000E+00  0.0000E+00   
1.00E+08  0.172  2.406   1.2783E-01  8.2309E-01   2.3870E-02  6.3670E-02   0.0000E+00  0.0000E+00   0.0000E+00  0.0000E+00   
1.00E+08  0.259  2.355   1.3130E-01  8.5689E-01   2.3881E-02  6.3705E-02   0.0000E+00  0.0000E+00   0.0000E+00  0.0000E+00   
1.00E+08  0.431  2.192   1.4216E-01  9.6942E-01   2.4295E-02  6.5152E-02   0.0000E+00  0.0000E+00   0.0000E+00  0.0000E+00   
1.00E+08  0.862  1.493   1.9942E-01  1.6632E+00   3.4354E-02  1.0792E-01   0.0000E+00  0.0000E+00   0.0000E+00  0.0000E+00   
1.00E+08  2.585  0.209   3.4814E+00  6.0951E+01   1.8193E-01  1.0905E+00   0.0000E+00  0.0000E+00   0.0000E+00  0.0000E+00   
1.00E+09  0.001  5.181   2.2842E+00  1.8770E+01   2.3870E-02  6.3670E-02   0.0000E+00  0.0000E+00   0.0000E+00  0.0000E+00   
1.00E+09  0.009  5.180   2.2832E+00  1.8761E+01   2.3870E-02  6.3670E-02   0.0000E+00  0.0000E+00   0.0000E+00  0.0000E+00   
1.00E+09  0.017  5.180   2.2827E+00  1.8757E+01   2.3870E-02  6.3670E-02   0.0000E+00  0.0000E+00   0.0000E+00  0.0000E+00   
1.00E+09  0.034  5.180   2.2839E+00  1.8770E+01   2.3870E-02  6.3670E-02   0.0000E+00  0.0000E+00   0.0000E+00  0.0000E+00   
1.00E+09  0.060  5.178   2.2854E+00  1.8791E+01   2.3870E-02  6.3670E-02   0.0000E+00  0.0000E+00   0.0000E+00  0.0000E+00   
1.00E+09  0.086  5.176   2.2880E+00  1.8824E+01   2.3870E-02  6.3670E-02   0.0000E+00  0.0000E+00   0.0000E+00  0.0000E+00   
1.00E+09  0.129  5.170   2.2943E+00  1.8905E+01   2.3870E-02  6.3670E-02   0.0000E+00  0.0000E+00   0.0000E+00  0.0000E+00   
1.00E+09  0.172  5.161   2.3030E+00  1.9019E+01   2.3870E-02  6.3670E-02   0.0000E+00  0.0000E+00   0.0000E+00  0.0000E+00   
1.00E+09  0.259  5.138   2.3279E+00  1.9346E+01   2.3881E-02  6.3705E-02   0.0000E+00  0.0000E+00   0.0000E+00  0.0000E+00   
1.00E+09  0.431  5.062   2.4040E+00  2.0431E+01   2.4297E-02  6.5159E-02   0.0000E+00  0.0000E+00   0.0000E+00  0.0000E+00   
1.00E+09  0.862  4.708   2.7316E+00  2.6330E+01   3.4706E-02  1.0928E-01   0.0000E+00  0.0000E+00   0.0000E+00  0.0000E+00   
1.00E+09  2.585  1.972   6.5981E+00  1.1695E+02   1.9246E-01  1.1596E+00   0.0000E+00  0.0000E+00   0.0000E+00  0.0000E+00   
1.00E+10  0.001  11.119  5.9388E+01  7.4957E+02   2.3870E-02  6.3670E-02   0.0000E+00  0.0000E+00   0.0000E+00  0.0000E+00   
1.00E+10  0.009  11.118  5.9367E+01  7.4926E+02   2.3870E-02  6.3670E-02   0.0000E+00  0.0000E+00   0.0000E+00  0.0000E+00   
1.00E+10  0.017  11.118  5.9359E+01  7.4915E+02   2.3870E-02  6.3670E-02   0.0000E+00  0.0000E+00   0.0000E+00  0.0000E+00   
1.00E+10  0.034  11.118  5.9372E+01  7.4937E+02   2.3870E-02  6.3670E-02   0.0000E+00  0.0000E+00   0.0000E+00  0.0000E+00   
1.00E+10  0.060  11.117  5.9384E+01  7.4964E+02   2.3870E-02  6.3670E-02   0.0000E+00  0.0000E+00   0.0000E+00  0.0000E+00   
1.00E+10  0.086  11.116  5.9405E+01  7.5008E+02   2.3870E-02  6.3670E-02   0.0000E+00  0.0000E+00   0.0000E+00  0.0000E+00   
1.00E+10  0.129  11.113  5.9456E+01  7.5116E+02   2.3870E-02  6.3670E-02   0.0000E+00  0.0000E+00   0.0000E+00  0.0000E+00   
1.00E+10  0.172  11.109  5.9526E+01  7.5268E+02   2.3870E-02  6.3670E-02   0.0000E+00  0.0000E+00   0.0000E+00  0.0000E+00   
1.00E+10  0.259  11.098  5.9721E+01  7.5695E+02   2.3881E-02  6.3705E-02   0.0000E+00  0.0000E+00   0.0000E+00  0.0000E+00   
1.00E+10  0.431  11.063  6.0127E+01  7.6928E+02   2.4297E-02  6.5159E-02   0.0000E+00  0.0000E+00   0.0000E+00  0.0000E+00   
1.00E+10  0.862  10.898  6.0155E+01  8.2056E+02   3.4714E-02  1.0932E-01   0.0000E+00  0.0000E+00   0.0000E+00  0.0000E+00   
1.00E+10  2.585  9.163   6.6923E+01  1.3269E+03   2.0492E-01  1.2419E+00   0.0000E+00  0.0000E+00   0.0000E+00  0.0000E+00   
1.00E+11  0.001  23.934  2.0196E+03  4.6140E+04   2.3870E-02  6.3670E-02   0.0000E+00  0.0000E+00   0.0000E+00  0.0000E+00   
1.00E+11  0.009  23.934  2.0193E+03  4.6131E+04   2.3870E-02  6.3670E-02   0.0000E+00  0.0000E+00   0.0000E+00  0.0000E+00   
1.00E+11  0.017  23.933  2.0192E+03  4.6130E+04   2.3870E-02  6.3670E-02   0.0000E+00  0.0000E+00   0.0000E+00  0.0000E+00   
1.00E+11  0.034  23.934  2.0194E+03  4.6134E+04   2.3870E-02  6.3670E-02   0.0000E+00  0.0000E+00   0.0000E+00  0.0000E+00   
1.00E+11  0.060  23.933  2.0195E+03  4.6139E+04   2.3870E-02  6.3670E-02   0.0000E+00  0.0000E+00   0.0000E+00  0.0000E+00   
1.00E+11  0.086  23.933  2.0197E+03  4.6146E+04   2.3870E-02  6.3670E-02   0.0000E+00  0.0000E+00   0.0000E+00  0.0000E+00   
1.00E+11  0.129  23.931  2.0201E+03  4.6164E+04   2.3870E-02  6.3670E-02   0.0000E+00  0.0000E+00   0.0000E+00  0.0000E+00   
1.00E+11  0.172  23.930  2.0207E+03  4.6190E+04   2.3870E-02  6.3670E-02   0.0000E+00  0.0000E+00   0.0000E+00  0.0000E+00   
1.00E+11  0.259  23.924  2.0221E+03  4.6254E+04   2.3881E-02  6.3705E-02   0.0000E+00  0.0000E+00   0.0000E+00  0.0000E+00   
1.00E+11  0.431  23.908  2.0155E+03  4.6254E+04   2.4297E-02  6.5159E-02   0.0000E+00  0.0000E+00   0.0000E+00  0.0000E+00   
1.00E+11  0.862  23.832  1.8855E+03  4.4488E+04   3.4714E-02  1.0932E-01   0.0000E+00  0.0000E+00   0.0000E+00  0.0000E+00   
1.00E+11  2.585  23.015  1.4630E+03  4.0971E+04   2.0585E-01  1.2480E+00   0.0000E+00  0.0000E+00   0.0000E+00  0.0000E+00   
