rhoYe is density times electron fraction [g/cm^3], T is temperature [MeV], mu_e is electron chemical potential [MeV]
e-(+) cap is electron (positron) capture, e-(+) dec is electron (positron) decay
For each process, first column is neutrino production [neutrinos/baryon second] and second column is energy loss [MeV/baryon second].
rhoYe     T      mu_e    e- cap                   e+ dec                   e+ cap                   e- dec                   
1.00E+01  0.001  0.509   2.3353E-07  1.3861E-06   1.3111E-01  6.1641E-01   0.0000E+00  0.0000E+00   0.0000E+00  0.0000E+00   
1.00E+01  0.009  0.453   4.5372E-08  2.6960E-07   1.3111E-01  6.1641E-01   0.0000E+00  0.0000E+00   0.0000E+00  0.0000E+00   
1.00E+01  0.017  0.377   3.2918E-08  1.9588E-07   1.3112E-01  6.1646E-01   0.0000E+00  0.0000E+00   0.0000E+00  0.0000E+00   
1.00E+01  0.034  0.205   2.5727E-08  1.5374E-07   1.3138E-01  6.1776E-01   0.0000E+00  0.0000E+00   0.0000E+00  0.0000E+00   
1.00E+01  0.060  0.008   9.5564E-08  5.7610E-07   1.3212E-01  6.2159E-01   0.0000E+00  0.0000E+00   0.0000E+00  0.0000E+00   
1.00E+01  0.086  0.000   1.8353E-06  1.1166E-05   1.3277E-01  6.2494E-01   0.0000E+00  0.0000E+00   0.0000E+00  0.0000E+00   
1.00E+01  0.129  0.000   2.5808E-05  1.5942E-04   1.3348E-01  6.2863E-01   0.0000E+00  0.0000E+00   0.0000E+00  0.0000E+00   
1.00E+01  0.172  0.000   1.1693E-04  7.3372E-04   1.3390E-01  6.3080E-01   0.0000E+00  0.0000E+00   0.0000E+00  0.0000E+00   
1.00E+01  0.259  0.000   7.1198E-04  4.6219E-03   1.3428E-01  6.3300E-01   0.0000E+00  0.0000E+00   0.0000E+00  0.0000E+00   
1.00E+01  0.431  0.000   5.2202E-03  3.6625E-02   1.3519E-01  6.4047E-01   0.0000E+00  0.0000E+00   0.0000E+00  0.0000E+00   
1.00E+01  0.862  0.000   6.3168E-02  5.6557E-01   1.7896E-01  9.8469E-01   0.0000E+00  0.0000E+00   0.0000E+00  0.0000E+00   
1.00E+01  2.585  0.000   2.3128E+00  4.4891E+01   5.1658E-01  3.7072E+00   0.0000E+00  0.0000E+00   0.0000E+00  0.0000E+00   
1.00E+01  0.001  0.509   2.3353E-07  1.3861E-06   1.3111E-01  6.1641E-01   0.0000E+00  0.0000E+00   0.0000E+00  0.0000E+00   
1.00E+01  0.009  0.453   4.5372E-08  2.6960E-07   1.3111E-01  6.1641E-01   0.0000E+00  0.0000E+00   0.0000E+00  0.0000E+00   
1.00E+01  0.017  0.377   3.2918E-08  1.9588E-07   1.3112E-01  6.1646E-01   0.0000E+00  0.0000E+00   0.0000E+00  0.0000E+00   
1.00E+01  0.034  0.205   2.5727E-08  1.5374E-07   1.3138E-01  6.1776E-01   0.0000E+00  0.0000E+00   0.0000E+00  0.0000E+00   
1.00E+01  0.060  0.008   9.5564E-08  5.7610E-07   1.3212E-01  6.2159E-01   0.0000E+00  0.0000E+00   0.0000E+00  0.0000E+00   
1.00E+01  0.086  0.000   1.8353E-06  1.1166E-05   1.3277E-01  6.2494E-01   0.0000E+00  0.0000E+00   0.0000E+00  0.0000E+00   
1.00E+01  0.129  0.000   2.5808E-05  1.5942E-04   1.3348E-01  6.2863E-01   0.0000E+00  0.0000E+00   0.0000E+00  0.0000E+00   
1.00E+01  0.172  0.000   1.1693E-04  7.3372E-04   1.3390E-01  6.3080E-01   0.0000E+00  0.0000E+00   0.0000E+00  0.0000E+00   
1.00E+01  0.259  0.000   7.1198E-04  4.6219E-03   1.3428E-01  6.3300E-01   0.0000E+00  0.0000E+00   0.0000E+00  0.0000E+00   
1.00E+01  0.431  0.000   5.2202E-03  3.6625E-02   1.3519E-01  6.4047E-01   0.0000E+00  0.0000E+00   0.0000E+00  0.0000E+00   
1.00E+01  0.862  0.000   6.3168E-02  5.6557E-01   1.7896E-01  9.8469E-01   0.0000E+00  0.0000E+00   0.0000E+00  0.0000E+00   
1.00E+01  2.585  0.000   2.3128E+00  4.4891E+01   5.1658E-01  3.7072E+00   0.0000E+00  0.0000E+00   0.0000E+00  0.0000E+00   
1.00E+02  0.001  0.511   2.3794E-06  1.4123E-05   1.3111E-01  6.1641E-01   0.0000E+00  0.0000E+00   0.0000E+00  0.0000E+00   
1.00E+02  0.009  0.473   4.5328E-07  2.6934E-06   1.3111E-01  6.1641E-01   0.0000E+00  0.0000E+00   0.0000E+00  0.0000E+00   
1.00E+02  0.017  0.416   3.2903E-07  1.9579E-06   1.3112E-01  6.1646E-01   0.0000E+00  0.0000E+00   0.0000E+00  0.0000E+00   
1.00E+02  0.034  0.284   2.5724E-07  1.5372E-06   1.3138E-01  6.1776E-01   0.0000E+00  0.0000E+00   0.0000E+00  0.0000E+00   
1.00E+02  0.060  0.065   2.4739E-07  1.4914E-06   1.3212E-01  6.2159E-01   0.0000E+00  0.0000E+00   0.0000E+00  0.0000E+00   
1.00E+02  0.086  0.005   1.9291E-06  1.1737E-05   1.3277E-01  6.2494E-01   0.0000E+00  0.0000E+00   0.0000E+00  0.0000E+00   
1.00E+02  0.129  0.000   2.5894E-05  1.5995E-04   1.3348E-01  6.2863E-01   0.0000E+00  0.0000E+00   0.0000E+00  0.0000E+00   
1.00E+02  0.172  0.000   1.1701E-04  7.3424E-04   1.3390E-01  6.3080E-01   0.0000E+00  0.0000E+00   0.0000E+00  0.0000E+00   
1.00E+02  0.259  0.000   7.1206E-04  4.6224E-03   1.3428E-01  6.3300E-01   0.0000E+00  0.0000E+00   0.0000E+00  0.0000E+00   
1.00E+02  0.431  0.000   5.2202E-03  3.6626E-02   1.3519E-01  6.4047E-01   0.0000E+00  0.0000E+00   0.0000E+00  0.0000E+00   
1.00E+02  0.862  0.000   6.3168E-02  5.6557E-01   1.7896E-01  9.8469E-01   0.0000E+00  0.0000E+00   0.0000E+00  0.0000E+00   
1.00E+02  2.585  0.000   2.3128E+00  4.4891E+01   5.1658E-01  3.7072E+00   0.0000E+00  0.0000E+00   0.0000E+00  0.0000E+00   
1.00E+01  0.001  0.509   2.3353E-07  1.3861E-06   1.3111E-01  6.1641E-01   0.0000E+00  0.0000E+00   0.0000E+00  0.0000E+00   
1.00E+01  0.009  0.453   4.5372E-08  2.6960E-07   1.3111E-01  6.1641E-01   0.0000E+00  0.0000E+00   0.0000E+00  0.0000E+00   
1.00E+01  0.017  0.377   3.2918E-08  1.9588E-07   1.3112E-01  6.1646E-01   0.0000E+00  0.0000E+00   0.0000E+00  0.0000E+00   
1.00E+01  0.034  0.205   2.5727E-08  1.5374E-07   1.3138E-01  6.1776E-01   0.0000E+00  0.0000E+00   0.0000E+00  0.0000E+00   
1.00E+01  0.060  0.008   9.5564E-08  5.7610E-07   1.3212E-01  6.2159E-01   0.0000E+00  0.0000E+00   0.0000E+00  0.0000E+00   
1.00E+01  0.086  0.000   1.8353E-06  1.1166E-05   1.3277E-01  6.2494E-01   0.0000E+00  0.0000E+00   0.0000E+00  0.0000E+00   
1.00E+01  0.129  0.000   2.5808E-05  1.5942E-04   1.3348E-01  6.2863E-01   0.0000E+00  0.0000E+00   0.0000E+00  0.0000E+00   
1.00E+01  0.172  0.000   1.1693E-04  7.3372E-04   1.3390E-01  6.3080E-01   0.0000E+00  0.0000E+00   0.0000E+00  0.0000E+00   
1.00E+01  0.259  0.000   7.1198E-04  4.6219E-03   1.3428E-01  6.3300E-01   0.0000E+00  0.0000E+00   0.0000E+00  0.0000E+00   
1.00E+01  0.431  0.000   5.2202E-03  3.6625E-02   1.3519E-01  6.4047E-01   0.0000E+00  0.0000E+00   0.0000E+00  0.0000E+00   
1.00E+01  0.862  0.000   6.3168E-02  5.6557E-01   1.7896E-01  9.8469E-01   0.0000E+00  0.0000E+00   0.0000E+00  0.0000E+00   
1.00E+01  2.585  0.000   2.3128E+00  4.4891E+01   5.1658E-01  3.7072E+00   0.0000E+00  0.0000E+00   0.0000E+00  0.0000E+00   
1.00E+02  0.001  0.511   2.3794E-06  1.4123E-05   1.3111E-01  6.1641E-01   0.0000E+00  0.0000E+00   0.0000E+00  0.0000E+00   
1.00E+02  0.009  0.473   4.5328E-07  2.6934E-06   1.3111E-01  6.1641E-01   0.0000E+00  0.0000E+00   0.0000E+00  0.0000E+00   
1.00E+02  0.017  0.416   3.2903E-07  1.9579E-06   1.3112E-01  6.1646E-01   0.0000E+00  0.0000E+00   0.0000E+00  0.0000E+00   
1.00E+02  0.034  0.284   2.5724E-07  1.5372E-06   1.3138E-01  6.1776E-01   0.0000E+00  0.0000E+00   0.0000E+00  0.0000E+00   
1.00E+02  0.060  0.065   2.4739E-07  1.4914E-06   1.3212E-01  6.2159E-01   0.0000E+00  0.0000E+00   0.0000E+00  0.0000E+00   
1.00E+02  0.086  0.005   1.9291E-06  1.1737E-05   1.3277E-01  6.2494E-01   0.0000E+00  0.0000E+00   0.0000E+00  0.0000E+00   
1.00E+02  0.129  0.000   2.5894E-05  1.5995E-04   1.3348E-01  6.2863E-01   0.0000E+00  0.0000E+00   0.0000E+00  0.0000E+00   
1.00E+02  0.172  0.000   1.1701E-04  7.3424E-04   1.3390E-01  6.3080E-01   0.0000E+00  0.0000E+00   0.0000E+00  0.0000E+00   
1.00E+02  0.259  0.000   7.1206E-04  4.6224E-03   1.3428E-01  6.3300E-01   0.0000E+00  0.0000E+00   0.0000E+00  0.0000E+00   
1.00E+02  0.431  0.000   5.2202E-03  3.6626E-02   1.3519E-01  6.4047E-01   0.0000E+00  0.0000E+00   0.0000E+00  0.0000E+00   
1.00E+02  0.862  0.000   6.3168E-02  5.6557E-01   1.7896E-01  9.8469E-01   0.0000E+00  0.0000E+00   0.0000E+00  0.0000E+00   
1.00E+02  2.585  0.000   2.3128E+00  4.4891E+01   5.1658E-01  3.7072E+00   0.0000E+00  0.0000E+00   0.0000E+00  0.0000E+00   
1.00E+03  0.001  0.513   8.9771E-06  5.3288E-05   1.3111E-01  6.1641E-01   0.0000E+00  0.0000E+00   0.0000E+00  0.0000E+00   
1.00E+03  0.009  0.493   4.4907E-06  2.6684E-05 1.00E+01  0.001  0.509   2.3353E-07  1.3861E-06   1.3111E-01  6.1641E-01   0.0000E+00  0.0000E+00   0.0000E+00  0.0000E+00   
1.00E+01  0.009  0.453   4.5372E-08  2.6960E-07   1.3111E-01  6.1641E-01   0.0000E+00  0.0000E+00   0.0000E+00  0.0000E+00   
1.00E+01  0.017  0.377   3.2918E-08  1.9588E-07   1.3112E-01  6.1646E-01   0.0000E+00  0.0000E+00   0.0000E+00  0.0000E+00   
1.00E+01  0.034  0.205   2.5727E-08  1.5374E-07   1.3138E-01  6.1776E-01   0.0000E+00  0.0000E+00   0.0000E+00  0.0000E+00   
1.00E+01  0.060  0.008   9.5564E-08  5.7610E-07   1.3212E-01  6.2159E-01   0.0000E+00  0.0000E+00   0.0000E+00  0.0000E+00   
1.00E+01  0.086  0.000   1.8353E-06  1.1166E-05   1.3277E-01  6.2494E-01   0.0000E+00  0.0000E+00   0.0000E+00  0.0000E+00   
1.00E+01  0.129  0.000   2.5808E-05  1.5942E-04   1.3348E-01  6.2863E-01   0.0000E+00  0.0000E+00   0.0000E+00  0.0000E+00   
1.00E+01  0.172  0.000   1.1693E-04  7.3372E-04   1.3390E-01  6.3080E-01   0.0000E+00  0.0000E+00   0.0000E+00  0.0000E+00   
1.00E+01  0.259  0.000   7.1198E-04  4.6219E-03   1.3428E-01  6.3300E-01   0.0000E+00  0.0000E+00   0.0000E+00  0.0000E+00   
1.00E+01  0.431  0.000   5.2202E-03  3.6625E-02   1.3519E-01  6.4047E-01   0.0000E+00  0.0000E+00   0.0000E+00  0.0000E+00   
1.00E+01  0.862  0.000   6.3168E-02  5.6557E-01   1.7896E-01  9.8469E-01   0.0000E+00  0.0000E+00   0.0000E+00  0.0000E+00   
1.00E+01  2.585  0.000   2.3128E+00  4.4891E+01   5.1658E-01  3.7072E+00   0.0000E+00  0.0000E+00   0.0000E+00  0.0000E+00   
1.00E+02  0.001  0.511   2.3794E-06  1.4123E-05   1.3111E-01  6.1641E-01   0.0000E+00  0.0000E+00   0.0000E+00  0.0000E+00   
1.00E+02  0.009  0.473   4.5328E-07  2.6934E-06   1.3111E-01  6.1641E-01   0.0000E+00  0.0000E+00   0.0000E+00  0.0000E+00   
1.00E+02  0.017  0.416   3.2903E-07  1.9579E-06   1.3112E-01  6.1646E-01   0.0000E+00  0.0000E+00   0.0000E+00  0.0000E+00   
1.00E+02  0.034  0.284   2.5724E-07  1.5372E-06   1.3138E-01  6.1776E-01   0.0000E+00  0.0000E+00   0.0000E+00  0.0000E+00   
1.00E+02  0.060  0.065   2.4739E-07  1.4914E-06   1.3212E-01  6.2159E-01   0.0000E+00  0.0000E+00   0.0000E+00  0.0000E+00   
1.00E+02  0.086  0.005   1.9291E-06  1.1737E-05   1.3277E-01  6.2494E-01   0.0000E+00  0.0000E+00   0.0000E+00  0.0000E+00   
1.00E+02  0.129  0.000   2.5894E-05  1.5995E-04   1.3348E-01  6.2863E-01   0.0000E+00  0.0000E+00   0.0000E+00  0.0000E+00   
1.00E+02  0.172  0.000   1.1701E-04  7.3424E-04   1.3390E-01  6.3080E-01   0.0000E+00  0.0000E+00   0.0000E+00  0.0000E+00   
1.00E+02  0.259  0.000   7.1206E-04  4.6224E-03   1.3428E-01  6.3300E-01   0.0000E+00  0.0000E+00   0.0000E+00  0.0000E+00   
1.00E+02  0.431  0.000   5.2202E-03  3.6626E-02   1.3519E-01  6.4047E-01   0.0000E+00  0.0000E+00   0.0000E+00  0.0000E+00   
1.00E+02  0.862  0.000   6.3168E-02  5.6557E-01   1.7896E-01  9.8469E-01   0.0000E+00  0.0000E+00   0.0000E+00  0.0000E+00   
1.00E+02  2.585  0.000   2.3128E+00  4.4891E+01   5.1658E-01  3.7072E+00   0.0000E+00  0.0000E+00   0.0000E+00  0.0000E+00   
1.00E+03  0.001  0.513   8.9771E-06  5.3288E-05   1.3111E-01  6.1641E-01   0.0000E+00  0.0000E+00   0.0000E+00  0.0000E+00   
1.00E+03  0.009  0.493   4.4907E-06  2.6684E-05   1.3111E-01  6.1641E-01   0.0000E+00  0.0000E+00   0.0000E+00  0.0000E+00   
1.00E+03  0.009  0.493   4.4907E-06  2.6684E-05 1.00E+01  0.001  0.509   2.3353E-07  1.3861E-06   1.3111E-01  6.1641E-01   0.0000E+00  0.0000E+00   0.0000E+00  0.0000E+00   
1.00E+03  0.017  0.456   3.2750E-06  1.9488E-05   1.3112E-01  6.1646E-01   0.0000E+00  0.0000E+00   0.0000E+00  0.0000E+00   
1.00E+03  0.034  0.364   2.5694E-06  1.5355E-05   1.3138E-01  6.1776E-01   0.0000E+00  0.0000E+00   0.0000E+00  0.0000E+00   
1.00E+03  0.060  0.197   2.1918E-06  1.3214E-05   1.3212E-01  6.2159E-01   0.0000E+00  0.0000E+00   0.0000E+00  0.0000E+00   
1.00E+03  0.086  0.046   3.0987E-06  1.8852E-05   1.3277E-01  6.2495E-01   0.0000E+00  0.0000E+00   0.0000E+00  0.0000E+00   
1.00E+03  0.129  0.005   2.6768E-05  1.6535E-04   1.3348E-01  6.2863E-01   0.0000E+00  0.0000E+00   0.0000E+00  0.0000E+00   
1.00E+03  0.172  0.001   1.1785E-04  7.3954E-04   1.3390E-01  6.3080E-01   0.0000E+00  0.0000E+00   0.0000E+00  0.0000E+00   
1.00E+03  0.259  0.000   7.1291E-04  4.6280E-03   1.3428E-01  6.3300E-01   0.0000E+00  0.0000E+00   0.0000E+00  0.0000E+00   
1.00E+03  0.431  0.000   5.2212E-03  3.6632E-02   1.3519E-01  6.4047E-01   0.0000E+00  0.0000E+00   0.0000E+00  0.0000E+00   
1.00E+03  0.862  0.000   6.3169E-02  5.6558E-01   1.7896E-01  9.8469E-01   0.0000E+00  0.0000E+00   0.0000E+00  0.0000E+00   
1.00E+03  2.585  0.000   2.3128E+00  4.4891E+01   5.1658E-01  3.7072E+00   0.0000E+00  0.0000E+00   0.0000E+00  0.0000E+00   
1.00E+04  0.001  0.523   5.0851E-05  3.0204E-04   1.3111E-01  6.1641E-01   0.0000E+00  0.0000E+00   0.0000E+00  0.0000E+00   
1.00E+04  0.009  0.516   3.8415E-05  2.2834E-04   1.3111E-01  6.1641E-01   0.0000E+00  0.0000E+00   0.0000E+00  0.0000E+00   
1.00E+04  0.017  0.498   3.1339E-05  1.8653E-04   1.3112E-01  6.1646E-01   0.0000E+00  0.0000E+00   0.0000E+00  0.0000E+00   
1.00E+04  0.034  0.444   2.5411E-05  1.5188E-04   1.3138E-01  6.1776E-01   0.0000E+00  0.0000E+00   0.0000E+00  0.0000E+00   
1.00E+04  0.060  0.337   2.1810E-05  1.3150E-04   1.3212E-01  6.2159E-01   0.0000E+00  0.0000E+00   0.0000E+00  0.0000E+00   
1.00E+04  0.086  0.209   2.0375E-05  1.2397E-04   1.3277E-01  6.2495E-01   0.0000E+00  0.0000E+00   0.0000E+00  0.0000E+00   
1.00E+04  0.129  0.047   3.7009E-05  2.2862E-04   1.3348E-01  6.2864E-01   0.0000E+00  0.0000E+00   0.0000E+00  0.0000E+00   
1.00E+04  0.172  0.014   1.2661E-04  7.9451E-04   1.3390E-01  6.3081E-01   0.0000E+00  0.0000E+00   0.0000E+00  0.0000E+00   
1.00E+04  0.259  0.004   7.2149E-04  4.6837E-03   1.3429E-01  6.3301E-01   0.0000E+00  0.0000E+00   0.0000E+00  0.0000E+00   
1.00E+04  0.431  0.001   5.2307E-03  3.6699E-02   1.3519E-01  6.4048E-01   0.0000E+00  0.0000E+00   0.0000E+00  0.0000E+00   
1.00E+04  0.862  0.000   6.3181E-02  5.6570E-01   1.7896E-01  9.8469E-01   0.0000E+00  0.0000E+00   0.0000E+00  0.0000E+00   
1.00E+04  2.585  0.000   2.3128E+00  4.4891E+01   5.1658E-01  3.7072E+00   0.0000E+00  0.0000E+00   0.0000E+00  0.0000E+00   
1.00E+05  0.001  0.565   2.7215E-04  1.6212E-03   1.3111E-01  6.1641E-01   0.0000E+00  0.0000E+00   0.0000E+00  0.0000E+00   
1.00E+05  0.009  0.563   2.6488E-04  1.5783E-03   1.3111E-01  6.1641E-01   0.0000E+00  0.0000E+00   0.0000E+00  0.0000E+00   
1.00E+05  0.017  0.558   2.5511E-04  1.5215E-03   1.3112E-01  6.1646E-01   0.0000E+00  0.0000E+00   0.0000E+00  0.0000E+00   
1.00E+05  0.034  0.537   2.3346E-04  1.3976E-03   1.3138E-01  6.1776E-01   0.0000E+00  0.0000E+00   0.0000E+00  0.0000E+00   
1.00E+05  0.060  0.485   2.1158E-04  1.2772E-03   1.3212E-01  6.2159E-01   0.0000E+00  0.0000E+00   0.0000E+00  0.0000E+00   
1.00E+05  0.086  0.413   1.9944E-04  1.2146E-03   1.3277E-01  6.2495E-01   0.0000E+00  0.0000E+00   0.0000E+00  0.0000E+00   
1.00E+05  0.129  0.265   1.9303E-04  1.1932E-03   1.3348E-01  6.2865E-01   0.0000E+00  0.0000E+00   0.0000E+00  0.0000E+00   
1.00E+05  0.172  0.128   2.4237E-04  1.5215E-03   1.3391E-01  6.3086E-01   0.0000E+00  0.0000E+00   0.0000E+00  0.0000E+00   
1.00E+05  0.259  0.035   8.1267E-04  5.2766E-03   1.3430E-01  6.3308E-01   0.0000E+00  0.0000E+00   0.0000E+00  0.0000E+00   
1.00E+05  0.431  0.009   5.3268E-03  3.7377E-02   1.3521E-01  6.4054E-01   0.0000E+00  0.0000E+00   0.0000E+00  0.0000E+00   
1.00E+05  0.862  0.002   6.3304E-02  5.6681E-01   1.7897E-01  9.8473E-01   0.0000E+00  0.0000E+00   0.0000E+00  0.0000E+00   
1.00E+05  2.585  0.000   2.3130E+00  4.4894E+01   5.1658E-01  3.7072E+00   0.0000E+00  0.0000E+00   0.0000E+00  0.0000E+00   
1.00E+06  0.001  0.726   1.9117E-03  1.1536E-02   1.3111E-01  6.1641E-01   0.0000E+00  0.0000E+00   0.0000E+00  0.0000E+00   
1.00E+06  0.009  0.725   1.8979E-03  1.1453E-02   1.3111E-01  6.1641E-01   0.0000E+00  0.0000E+00   0.0000E+00  0.0000E+00   
1.00E+06  0.017  0.724   1.9022E-03  1.1484E-02   1.3112E-01  6.1646E-01   0.0000E+00  0.0000E+00   0.0000E+00  0.0000E+00   
1.00E+06  0.034  0.718   1.8964E-03  1.1477E-02   1.3138E-01  6.1776E-01   0.0000E+00  0.0000E+00   0.0000E+00  0.0000E+00   
1.00E+06  0.060  0.700   1.8813E-03  1.1461E-02   1.3212E-01  6.2159E-01   0.0000E+00  0.0000E+00   0.0000E+00  0.0000E+00   
1.00E+06  0.086  0.672   1.8644E-03  1.1445E-02   1.3277E-01  6.2495E-01   0.0000E+00  0.0000E+00   0.0000E+00  0.0000E+00   
1.00E+06  0.129  0.604   1.8470E-03  1.1488E-02   1.3348E-01  6.2866E-01   0.0000E+00  0.0000E+00   0.0000E+00  0.0000E+00   
1.00E+06  0.172  0.512   1.8530E-03  1.1689E-02   1.3392E-01  6.3091E-01   0.0000E+00  0.0000E+00   0.0000E+00  0.0000E+00   
1.00E+06  0.259  0.299   2.1228E-03  1.3818E-02   1.3437E-01  6.3345E-01   0.0000E+00  0.0000E+00   0.0000E+00  0.0000E+00   
1.00E+06  0.431  0.091   6.3782E-03  4.4792E-02   1.3532E-01  6.4112E-01   0.0000E+00  0.0000E+00   0.0000E+00  0.0000E+00   
1.00E+06  0.862  0.020   6.4545E-02  5.7802E-01   1.7904E-01  9.8516E-01   0.0000E+00  0.0000E+00   0.0000E+00  0.0000E+00   
1.00E+06  2.585  0.002   2.3146E+00  4.4926E+01   5.1661E-01  3.7075E+00   0.0000E+00  0.0000E+00   0.0000E+00  0.0000E+00   
1.00E+07  0.001  1.223   1.8165E-02  1.1464E-01   1.3111E-01  6.1641E-01   0.0000E+00  0.0000E+00   0.0000E+00  0.0000E+00   
1.00E+07  0.009  1.222   1.8126E-02  1.1439E-01   1.3111E-01  6.1641E-01   0.0000E+00  0.0000E+00   0.0000E+00  0.0000E+00   
1.00E+07  0.017  1.222   1.8130E-02  1.1443E-01   1.3112E-01  6.1646E-01   0.0000E+00  0.0000E+00   0.0000E+00  0.0000E+00   
1.00E+07  0.034  1.219   1.8153E-02  1.1477E-01   1.3138E-01  6.1776E-01   0.0000E+00  0.0000E+00   0.0000E+00  0.0000E+00   
1.00E+07  0.060  1.212   1.8185E-02  1.1553E-01   1.3212E-01  6.2159E-01   0.0000E+00  0.0000E+00   0.0000E+00  0.0000E+00   
1.00E+07  0.086  1.200   1.8252E-02  1.1658E-01   1.3277E-01  6.2495E-01   0.0000E+00  0.0000E+00   0.0000E+00  0.0000E+00   
1.00E+07  0.129  1.173   1.8436E-02  1.1884E-01   1.3348E-01  6.2866E-01   0.0000E+00  0.0000E+00   0.0000E+00  0.0000E+00   
1.00E+07  0.172  1.133   1.8698E-02  1.2175E-01   1.3392E-01  6.3092E-01   0.0000E+00  0.0000E+00   0.0000E+00  0.0000E+00   
1.00E+07  0.259  1.021   1.9428E-02  1.2956E-01   1.3441E-01  6.3365E-01   0.0000E+00  0.0000E+00   0.0000E+00  0.0000E+00   
1.00E+07  0.431  0.698   2.2554E-02  1.6023E-01   1.3577E-01  6.4333E-01   0.0000E+00  0.0000E+00   0.0000E+00  0.0000E+00   
1.00E+07  0.862  0.196   7.8201E-02  7.0168E-01   1.7973E-01  9.8903E-01   0.0000E+00  0.0000E+00   0.0000E+00  0.0000E+00   
1.00E+07  2.585  0.021   2.3306E+00  4.5241E+01   5.1692E-01  3.7101E+00   0.0000E+00  0.0000E+00   0.0000E+00  0.0000E+00   
1.00E+08  0.001  2.447   2.2908E-01  1.6258E+00   1.3111E-01  6.1641E-01   0.0000E+00  0.0000E+00   0.0000E+00  0.0000E+00   
1.00E+08  0.009  2.447   2.2891E-01  1.6245E+00   1.3111E-01  6.1641E-01   0.0000E+00  0.0000E+00   0.0000E+00  0.0000E+00   
1.00E+08  0.017  2.446   2.2884E-01  1.6241E+00   1.3112E-01  6.1646E-01   0.0000E+00  0.0000E+00   0.0000E+00  0.0000E+00   
1.00E+08  0.034  2.445   2.2888E-01  1.6265E+00   1.3138E-01  6.1776E-01   0.0000E+00  0.0000E+00   0.0000E+00  0.0000E+00   
1.00E+08  0.060  2.442   2.2866E-01  1.6311E+00   1.3212E-01  6.2159E-01   0.0000E+00  0.0000E+00   0.0000E+00  0.0000E+00   
1.00E+08  0.086  2.437   2.2873E-01  1.6378E+00   1.3277E-01  6.2495E-01   0.0000E+00  0.0000E+00   0.0000E+00  0.0000E+00   
1.00E+08  0.129  2.424   2.2954E-01  1.6535E+00   1.3348E-01  6.2866E-01   0.0000E+00  0.0000E+00   0.0000E+00  0.0000E+00   
1.00E+08  0.172  2.406   2.3108E-01  1.6748E+00   1.3392E-01  6.3092E-01   0.0000E+00  0.0000E+00   0.0000E+00  0.0000E+00   
1.00E+08  0.259  2.355   2.3592E-01  1.7344E+00   1.3442E-01  6.3366E-01   0.0000E+00  0.0000E+00   0.0000E+00  0.0000E+00   
1.00E+08  0.431  2.192   2.5057E-01  1.9183E+00   1.3592E-01  6.4407E-01   0.0000E+00  0.0000E+00   0.0000E+00  0.0000E+00   
1.00E+08  0.862  1.493   2.9740E-01  2.7358E+00   1.8235E-01  1.0037E+00   0.0000E+00  0.0000E+00   0.0000E+00  0.0000E+00   
1.00E+08  2.585  0.209   2.4970E+00  4.8515E+01   5.1989E-01  3.7358E+00   0.0000E+00  0.0000E+00   0.0000E+00  0.0000E+00   
1.00E+09  0.001  5.181   3.8844E+00  3.5244E+01   1.3111E-01  6.1641E-01   0.0000E+00  0.0000E+00   0.0000E+00  0.0000E+00   
1.00E+09  0.009  5.180   3.8828E+00  3.5228E+01   1.3111E-01  6.1641E-01   0.0000E+00  0.0000E+00   0.0000E+00  0.0000E+00   
1.00E+09  0.017  5.180   3.8817E+00  3.5220E+01   1.3112E-01  6.1646E-01   0.0000E+00  0.0000E+00   0.0000E+00  0.0000E+00   
1.00E+09  0.034  5.180   3.8781E+00  3.5221E+01   1.3138E-01  6.1776E-01   0.0000E+00  0.0000E+00   0.0000E+00  0.0000E+00   
1.00E+09  0.060  5.178   3.8646E+00  3.5193E+01   1.3212E-01  6.2159E-01   0.0000E+00  0.0000E+00   0.0000E+00  0.0000E+00   
1.00E+09  0.086  5.176   3.8544E+00  3.5192E+01   1.3277E-01  6.2495E-01   0.0000E+00  0.0000E+00   0.0000E+00  0.0000E+00   
1.00E+09  0.129  5.170   3.8479E+00  3.5264E+01   1.3348E-01  6.2866E-01   0.0000E+00  0.0000E+00   0.0000E+00  0.0000E+00   
1.00E+09  0.172  5.161   3.8506E+00  3.5409E+01   1.3392E-01  6.3092E-01   0.0000E+00  0.0000E+00   0.0000E+00  0.0000E+00   
1.00E+09  0.259  5.138   3.8735E+00  3.5882E+01   1.3442E-01  6.3366E-01   0.0000E+00  0.0000E+00   0.0000E+00  0.0000E+00   
1.00E+09  0.431  5.062   3.9510E+00  3.7366E+01   1.3593E-01  6.4410E-01   0.0000E+00  0.0000E+00   0.0000E+00  0.0000E+00   
1.00E+09  0.862  4.708   3.9213E+00  4.1401E+01   1.8317E-01  1.0083E+00   0.0000E+00  0.0000E+00   0.0000E+00  0.0000E+00   
1.00E+09  2.585  1.972   4.7158E+00  9.2653E+01   5.4128E-01  3.9214E+00   0.0000E+00  0.0000E+00   0.0000E+00  0.0000E+00   
1.00E+10  0.001  11.119  9.0285E+01  1.2400E+03   1.3111E-01  6.1641E-01   0.0000E+00  0.0000E+00   0.0000E+00  0.0000E+00   
1.00E+10  0.009  11.118  9.0253E+01  1.2395E+03   1.3111E-01  6.1641E-01   0.0000E+00  0.0000E+00   0.0000E+00  0.0000E+00   
1.00E+10  0.017  11.118  9.0235E+01  1.2392E+03   1.3112E-01  6.1646E-01   0.0000E+00  0.0000E+00   0.0000E+00  0.0000E+00   
1.00E+10  0.034  11.118  9.0074E+01  1.2377E+03   1.3138E-01  6.1776E-01   0.0000E+00  0.0000E+00   0.0000E+00  0.0000E+00   
1.00E+10  0.060  11.117  8.9563E+01  1.2328E+03   1.3212E-01  6.2159E-01   0.0000E+00  0.0000E+00   0.0000E+00  0.0000E+00   
1.00E+10  0.086  11.116  8.9129E+01  1.2288E+03   1.3277E-01  6.2495E-01   0.0000E+00  0.0000E+00   0.0000E+00  0.0000E+00   
1.00E+10  0.129  11.113  8.8684E+01  1.2251E+03   1.3348E-01  6.2866E-01   0.0000E+00  0.0000E+00   0.0000E+00  0.0000E+00   
1.00E+10  0.172  11.109  8.8460E+01  1.2241E+03   1.3392E-01  6.3092E-01   0.0000E+00  0.0000E+00   0.0000E+00  0.0000E+00   
1.00E+10  0.259  11.098  8.8330E+01  1.2262E+03   1.3442E-01  6.3366E-01   0.0000E+00  0.0000E+00   0.0000E+00  0.0000E+00   
1.00E+10  0.431  11.063  8.8241E+01  1.2354E+03   1.3593E-01  6.4410E-01   0.0000E+00  0.0000E+00   0.0000E+00  0.0000E+00   
1.00E+10  0.862  10.898  7.9818E+01  1.1747E+03   1.8319E-01  1.0084E+00   0.0000E+00  0.0000E+00   0.0000E+00  0.0000E+00   
1.00E+10  2.585  9.163   4.6547E+01  1.0117E+03   5.6573E-01  4.1366E+00   0.0000E+00  0.0000E+00   0.0000E+00  0.0000E+00   
1.00E+11  0.001  23.934  2.7664E+03  6.6972E+04   1.3111E-01  6.1641E-01   0.0000E+00  0.0000E+00   0.0000E+00  0.0000E+00   
1.00E+11  0.009  23.934  2.7660E+03  6.6959E+04   1.3111E-01  6.1641E-01   0.0000E+00  0.0000E+00   0.0000E+00  0.0000E+00   
1.00E+11  0.017  23.933  2.7657E+03  6.6952E+04   1.3112E-01  6.1646E-01   0.0000E+00  0.0000E+00   0.0000E+00  0.0000E+00   
1.00E+11  0.034  23.934  2.7591E+03  6.6813E+04   1.3138E-01  6.1776E-01   0.0000E+00  0.0000E+00   0.0000E+00  0.0000E+00   
1.00E+11  0.060  23.933  2.7392E+03  6.6390E+04   1.3212E-01  6.2159E-01   0.0000E+00  0.0000E+00   0.0000E+00  0.0000E+00   
1.00E+11  0.086  23.933  2.7218E+03  6.6024E+04   1.3277E-01  6.2495E-01   0.0000E+00  0.0000E+00   0.0000E+00  0.0000E+00   
1.00E+11  0.129  23.931  2.7029E+03  6.5632E+04   1.3348E-01  6.2866E-01   0.0000E+00  0.0000E+00   0.0000E+00  0.0000E+00   
1.00E+11  0.172  23.930  2.6917E+03  6.5408E+04   1.3392E-01  6.3092E-01   0.0000E+00  0.0000E+00   0.0000E+00  0.0000E+00   
1.00E+11  0.259  23.924  2.6792E+03  6.5185E+04   1.3442E-01  6.3366E-01   0.0000E+00  0.0000E+00   0.0000E+00  0.0000E+00   
1.00E+11  0.431  23.908  2.6542E+03  6.4769E+04   1.3593E-01  6.4410E-01   0.0000E+00  0.0000E+00   0.0000E+00  0.0000E+00   
1.00E+11  0.862  23.832  2.2985E+03  5.7134E+04   1.8319E-01  1.0084E+00   0.0000E+00  0.0000E+00   0.0000E+00  0.0000E+00   
1.00E+11  2.585  23.015  9.6185E+02  2.8682E+04   5.6752E-01  4.1524E+00   0.0000E+00  0.0000E+00   0.0000E+00  0.0000E+00   
