rhoYe is density times electron fraction [g/cm^3], T is temperature [MeV], mu_e is electron chemical potential [MeV]
e-(+) cap is electron (positron) capture, e-(+) dec is electron (positron) decay
For each process, first column is neutrino production [neutrinos/baryon second] and second column is energy loss [MeV/baryon second].
rhoYe     T      mu_e    e- cap                   e+ dec                   e+ cap                   e- dec                   
1.00E+01  0.001  0.509   2.5278E-07  1.6300E-06   1.1400E-01  4.6728E-01   0.0000E+00  0.0000E+00   0.0000E+00  0.0000E+00   
1.00E+01  0.009  0.453   4.8312E-08  3.1182E-07   1.1400E-01  4.6728E-01   0.0000E+00  0.0000E+00   0.0000E+00  0.0000E+00   
1.00E+01  0.017  0.377   3.4467E-08  2.2273E-07   1.1400E-01  4.6728E-01   0.0000E+00  0.0000E+00   0.0000E+00  0.0000E+00   
1.00E+01  0.034  0.205   2.6329E-08  1.7059E-07   1.1400E-01  4.6728E-01   0.0000E+00  0.0000E+00   0.0000E+00  0.0000E+00   
1.00E+01  0.060  0.008   9.5775E-08  6.2351E-07   1.1400E-01  4.6729E-01   0.0000E+00  0.0000E+00   0.0000E+00  0.0000E+00   
1.00E+01  0.086  0.000   1.8145E-06  1.1877E-05   1.1401E-01  4.6732E-01   0.0000E+00  0.0000E+00   0.0000E+00  0.0000E+00   
1.00E+01  0.129  0.000   2.5129E-05  1.6623E-04   1.1407E-01  4.6788E-01   0.0000E+00  0.0000E+00   0.0000E+00  0.0000E+00   
1.00E+01  0.172  0.000   1.1263E-04  7.5427E-04   1.1428E-01  4.6965E-01   0.0000E+00  0.0000E+00   0.0000E+00  0.0000E+00   
1.00E+01  0.259  0.000   6.7533E-04  4.6547E-03   1.1500E-01  4.7608E-01   0.0000E+00  0.0000E+00   0.0000E+00  0.0000E+00   
1.00E+01  0.431  0.000   4.8553E-03  3.5816E-02   1.1593E-01  4.8860E-01   0.0000E+00  0.0000E+00   0.0000E+00  0.0000E+00   
1.00E+01  0.862  0.000   6.1240E-02  5.5248E-01   1.2667E-01  5.9070E-01   0.0000E+00  0.0000E+00   0.0000E+00  0.0000E+00   
1.00E+01  2.585  0.000   2.5325E+00  4.7892E+01   4.0246E-01  2.8481E+00   0.0000E+00  0.0000E+00   0.0000E+00  0.0000E+00   
1.00E+01  0.001  0.509   2.5278E-07  1.6300E-06   1.1400E-01  4.6728E-01   0.0000E+00  0.0000E+00   0.0000E+00  0.0000E+00   
1.00E+01  0.009  0.453   4.8312E-08  3.1182E-07   1.1400E-01  4.6728E-01   0.0000E+00  0.0000E+00   0.0000E+00  0.0000E+00   
1.00E+01  0.017  0.377   3.4467E-08  2.2273E-07   1.1400E-01  4.6728E-01   0.0000E+00  0.0000E+00   0.0000E+00  0.0000E+00   
1.00E+01  0.034  0.205   2.6329E-08  1.7059E-07   1.1400E-01  4.6728E-01   0.0000E+00  0.0000E+00   0.0000E+00  0.0000E+00   
1.00E+01  0.060  0.008   9.5775E-08  6.2351E-07   1.1400E-01  4.6729E-01   0.0000E+00  0.0000E+00   0.0000E+00  0.0000E+00   
1.00E+01  0.086  0.000   1.8145E-06  1.1877E-05   1.1401E-01  4.6732E-01   0.0000E+00  0.0000E+00   0.0000E+00  0.0000E+00   
1.00E+01  0.129  0.000   2.5129E-05  1.6623E-04   1.1407E-01  4.6788E-01   0.0000E+00  0.0000E+00   0.0000E+00  0.0000E+00   
1.00E+01  0.172  0.000   1.1263E-04  7.5427E-04   1.1428E-01  4.6965E-01   0.0000E+00  0.0000E+00   0.0000E+00  0.0000E+00   
1.00E+01  0.259  0.000   6.7533E-04  4.6547E-03   1.1500E-01  4.7608E-01   0.0000E+00  0.0000E+00   0.0000E+00  0.0000E+00   
1.00E+01  0.431  0.000   4.8553E-03  3.5816E-02   1.1593E-01  4.8860E-01   0.0000E+00  0.0000E+00   0.0000E+00  0.0000E+00   
1.00E+01  0.862  0.000   6.1240E-02  5.5248E-01   1.2667E-01  5.9070E-01   0.0000E+00  0.0000E+00   0.0000E+00  0.0000E+00   
1.00E+01  2.585  0.000   2.5325E+00  4.7892E+01   4.0246E-01  2.8481E+00   0.0000E+00  0.0000E+00   0.0000E+00  0.0000E+00   
1.00E+02  0.001  0.511   2.5753E-06  1.6606E-05   1.1400E-01  4.6728E-01   0.0000E+00  0.0000E+00   0.0000E+00  0.0000E+00   
1.00E+02  0.009  0.473   4.8262E-07  3.1150E-06   1.1400E-01  4.6728E-01   0.0000E+00  0.0000E+00   0.0000E+00  0.0000E+00   
1.00E+02  0.017  0.416   3.4450E-07  2.2262E-06   1.1400E-01  4.6728E-01   0.0000E+00  0.0000E+00   0.0000E+00  0.0000E+00   
1.00E+02  0.034  0.284   2.6325E-07  1.7057E-06   1.1400E-01  4.6728E-01   0.0000E+00  0.0000E+00   0.0000E+00  0.0000E+00   
1.00E+02  0.060  0.065   2.4794E-07  1.6141E-06   1.1400E-01  4.6729E-01   0.0000E+00  0.0000E+00   0.0000E+00  0.0000E+00   
1.00E+02  0.086  0.005   1.9073E-06  1.2485E-05   1.1401E-01  4.6732E-01   0.0000E+00  0.0000E+00   0.0000E+00  0.0000E+00   
1.00E+02  0.129  0.000   2.5212E-05  1.6678E-04   1.1407E-01  4.6788E-01   0.0000E+00  0.0000E+00   0.0000E+00  0.0000E+00   
1.00E+02  0.172  0.000   1.1271E-04  7.5481E-04   1.1428E-01  4.6965E-01   0.0000E+00  0.0000E+00   0.0000E+00  0.0000E+00   
1.00E+02  0.259  0.000   6.7541E-04  4.6552E-03   1.1500E-01  4.7608E-01   0.0000E+00  0.0000E+00   0.0000E+00  0.0000E+00   
1.00E+02  0.431  0.000   4.8554E-03  3.5817E-02   1.1593E-01  4.8860E-01   0.0000E+00  0.0000E+00   0.0000E+00  0.0000E+00   
1.00E+02  0.862  0.000   6.1240E-02  5.5248E-01   1.2667E-01  5.9070E-01   0.0000E+00  0.0000E+00   0.0000E+00  0.0000E+00   
1.00E+02  2.585  0.000   2.5325E+00  4.7892E+01   4.0246E-01  2.8481E+00   0.0000E+00  0.0000E+00   0.0000E+00  0.0000E+00   
1.00E+01  0.001  0.509   2.5278E-07  1.6300E-06   1.1400E-01  4.6728E-01   0.0000E+00  0.0000E+00   0.0000E+00  0.0000E+00   
1.00E+01  0.009  0.453   4.8312E-08  3.1182E-07   1.1400E-01  4.6728E-01   0.0000E+00  0.0000E+00   0.0000E+00  0.0000E+00   
1.00E+01  0.017  0.377   3.4467E-08  2.2273E-07   1.1400E-01  4.6728E-01   0.0000E+00  0.0000E+00   0.0000E+00  0.0000E+00   
1.00E+01  0.034  0.205   2.6329E-08  1.7059E-07   1.1400E-01  4.6728E-01   0.0000E+00  0.0000E+00   0.0000E+00  0.0000E+00   
1.00E+01  0.060  0.008   9.5775E-08  6.2351E-07   1.1400E-01  4.6729E-01   0.0000E+00  0.0000E+00   0.0000E+00  0.0000E+00   
1.00E+01  0.086  0.000   1.8145E-06  1.1877E-05   1.1401E-01  4.6732E-01   0.0000E+00  0.0000E+00   0.0000E+00  0.0000E+00   
1.00E+01  0.129  0.000   2.5129E-05  1.6623E-04   1.1407E-01  4.6788E-01   0.0000E+00  0.0000E+00   0.0000E+00  0.0000E+00   
1.00E+01  0.172  0.000   1.1263E-04  7.5427E-04   1.1428E-01  4.6965E-01   0.0000E+00  0.0000E+00   0.0000E+00  0.0000E+00   
1.00E+01  0.259  0.000   6.7533E-04  4.6547E-03   1.1500E-01  4.7608E-01   0.0000E+00  0.0000E+00   0.0000E+00  0.0000E+00   
1.00E+01  0.431  0.000   4.8553E-03  3.5816E-02   1.1593E-01  4.8860E-01   0.0000E+00  0.0000E+00   0.0000E+00  0.0000E+00   
1.00E+01  0.862  0.000   6.1240E-02  5.5248E-01   1.2667E-01  5.9070E-01   0.0000E+00  0.0000E+00   0.0000E+00  0.0000E+00   
1.00E+01  2.585  0.000   2.5325E+00  4.7892E+01   4.0246E-01  2.8481E+00   0.0000E+00  0.0000E+00   0.0000E+00  0.0000E+00   
1.00E+02  0.001  0.511   2.5753E-06  1.6606E-05   1.1400E-01  4.6728E-01   0.0000E+00  0.0000E+00   0.0000E+00  0.0000E+00   
1.00E+02  0.009  0.473   4.8262E-07  3.1150E-06   1.1400E-01  4.6728E-01   0.0000E+00  0.0000E+00   0.0000E+00  0.0000E+00   
1.00E+02  0.017  0.416   3.4450E-07  2.2262E-06   1.1400E-01  4.6728E-01   0.0000E+00  0.0000E+00   0.0000E+00  0.0000E+00   
1.00E+02  0.034  0.284   2.6325E-07  1.7057E-06   1.1400E-01  4.6728E-01   0.0000E+00  0.0000E+00   0.0000E+00  0.0000E+00   
1.00E+02  0.060  0.065   2.4794E-07  1.6141E-06   1.1400E-01  4.6729E-01   0.0000E+00  0.0000E+00   0.0000E+00  0.0000E+00   
1.00E+02  0.086  0.005   1.9073E-06  1.2485E-05   1.1401E-01  4.6732E-01   0.0000E+00  0.0000E+00   0.0000E+00  0.0000E+00   
1.00E+02  0.129  0.000   2.5212E-05  1.6678E-04   1.1407E-01  4.6788E-01   0.0000E+00  0.0000E+00   0.0000E+00  0.0000E+00   
1.00E+02  0.172  0.000   1.1271E-04  7.5481E-04   1.1428E-01  4.6965E-01   0.0000E+00  0.0000E+00   0.0000E+00  0.0000E+00   
1.00E+02  0.259  0.000   6.7541E-04  4.6552E-03   1.1500E-01  4.7608E-01   0.0000E+00  0.0000E+00   0.0000E+00  0.0000E+00   
1.00E+02  0.431  0.000   4.8554E-03  3.5817E-02   1.1593E-01  4.8860E-01   0.0000E+00  0.0000E+00   0.0000E+00  0.0000E+00   
1.00E+02  0.862  0.000   6.1240E-02  5.5248E-01   1.2667E-01  5.9070E-01   0.0000E+00  0.0000E+00   0.0000E+00  0.0000E+00   
1.00E+02  2.585  0.000   2.5325E+00  4.7892E+01   4.0246E-01  2.8481E+00   0.0000E+00  0.0000E+00   0.0000E+00  0.0000E+00   
1.00E+03  0.001  0.513   9.7117E-06  6.2629E-05   1.1400E-01  4.6728E-01   0.0000E+00  0.0000E+00   0.0000E+00  0.0000E+00   
1.00E+03  0.009  0.493   4.7787E-06  3.0845E-05 1.00E+01  0.001  0.509   2.5278E-07  1.6300E-06   1.1400E-01  4.6728E-01   0.0000E+00  0.0000E+00   0.0000E+00  0.0000E+00   
1.00E+01  0.009  0.453   4.8312E-08  3.1182E-07   1.1400E-01  4.6728E-01   0.0000E+00  0.0000E+00   0.0000E+00  0.0000E+00   
1.00E+01  0.017  0.377   3.4467E-08  2.2273E-07   1.1400E-01  4.6728E-01   0.0000E+00  0.0000E+00   0.0000E+00  0.0000E+00   
1.00E+01  0.034  0.205   2.6329E-08  1.7059E-07   1.1400E-01  4.6728E-01   0.0000E+00  0.0000E+00   0.0000E+00  0.0000E+00   
1.00E+01  0.060  0.008   9.5775E-08  6.2351E-07   1.1400E-01  4.6729E-01   0.0000E+00  0.0000E+00   0.0000E+00  0.0000E+00   
1.00E+01  0.086  0.000   1.8145E-06  1.1877E-05   1.1401E-01  4.6732E-01   0.0000E+00  0.0000E+00   0.0000E+00  0.0000E+00   
1.00E+01  0.129  0.000   2.5129E-05  1.6623E-04   1.1407E-01  4.6788E-01   0.0000E+00  0.0000E+00   0.0000E+00  0.0000E+00   
1.00E+01  0.172  0.000   1.1263E-04  7.5427E-04   1.1428E-01  4.6965E-01   0.0000E+00  0.0000E+00   0.0000E+00  0.0000E+00   
1.00E+01  0.259  0.000   6.7533E-04  4.6547E-03   1.1500E-01  4.7608E-01   0.0000E+00  0.0000E+00   0.0000E+00  0.0000E+00   
1.00E+01  0.431  0.000   4.8553E-03  3.5816E-02   1.1593E-01  4.8860E-01   0.0000E+00  0.0000E+00   0.0000E+00  0.0000E+00   
1.00E+01  0.862  0.000   6.1240E-02  5.5248E-01   1.2667E-01  5.9070E-01   0.0000E+00  0.0000E+00   0.0000E+00  0.0000E+00   
1.00E+01  2.585  0.000   2.5325E+00  4.7892E+01   4.0246E-01  2.8481E+00   0.0000E+00  0.0000E+00   0.0000E+00  0.0000E+00   
1.00E+02  0.001  0.511   2.5753E-06  1.6606E-05   1.1400E-01  4.6728E-01   0.0000E+00  0.0000E+00   0.0000E+00  0.0000E+00   
1.00E+02  0.009  0.473   4.8262E-07  3.1150E-06   1.1400E-01  4.6728E-01   0.0000E+00  0.0000E+00   0.0000E+00  0.0000E+00   
1.00E+02  0.017  0.416   3.4450E-07  2.2262E-06   1.1400E-01  4.6728E-01   0.0000E+00  0.0000E+00   0.0000E+00  0.0000E+00   
1.00E+02  0.034  0.284   2.6325E-07  1.7057E-06   1.1400E-01  4.6728E-01   0.0000E+00  0.0000E+00   0.0000E+00  0.0000E+00   
1.00E+02  0.060  0.065   2.4794E-07  1.6141E-06   1.1400E-01  4.6729E-01   0.0000E+00  0.0000E+00   0.0000E+00  0.0000E+00   
1.00E+02  0.086  0.005   1.9073E-06  1.2485E-05   1.1401E-01  4.6732E-01   0.0000E+00  0.0000E+00   0.0000E+00  0.0000E+00   
1.00E+02  0.129  0.000   2.5212E-05  1.6678E-04   1.1407E-01  4.6788E-01   0.0000E+00  0.0000E+00   0.0000E+00  0.0000E+00   
1.00E+02  0.172  0.000   1.1271E-04  7.5481E-04   1.1428E-01  4.6965E-01   0.0000E+00  0.0000E+00   0.0000E+00  0.0000E+00   
1.00E+02  0.259  0.000   6.7541E-04  4.6552E-03   1.1500E-01  4.7608E-01   0.0000E+00  0.0000E+00   0.0000E+00  0.0000E+00   
1.00E+02  0.431  0.000   4.8554E-03  3.5817E-02   1.1593E-01  4.8860E-01   0.0000E+00  0.0000E+00   0.0000E+00  0.0000E+00   
1.00E+02  0.862  0.000   6.1240E-02  5.5248E-01   1.2667E-01  5.9070E-01   0.0000E+00  0.0000E+00   0.0000E+00  0.0000E+00   
1.00E+02  2.585  0.000   2.5325E+00  4.7892E+01   4.0246E-01  2.8481E+00   0.0000E+00  0.0000E+00   0.0000E+00  0.0000E+00   
1.00E+03  0.001  0.513   9.7117E-06  6.2629E-05   1.1400E-01  4.6728E-01   0.0000E+00  0.0000E+00   0.0000E+00  0.0000E+00   
1.00E+03  0.009  0.493   4.7787E-06  3.0845E-05 1.00E+01  0.001  0.509   2.5278E-07  1.6300E-06   1.1400E-01  4.6728E-01   0.0000E+00  0.0000E+00   0.0000E+00  0.0000E+00   
1.00E+03  0.009  0.493   4.7787E-06  3.0845E-05   1.1400E-01  4.6728E-01   0.0000E+00  0.0000E+00   0.0000E+00  0.0000E+00   
1.00E+03  0.017  0.456   3.4280E-06  2.2152E-05   1.1400E-01  4.6728E-01   0.0000E+00  0.0000E+00   0.0000E+00  0.0000E+00   
1.00E+03  0.034  0.364   2.6291E-06  1.7036E-05   1.1400E-01  4.6728E-01   0.0000E+00  0.0000E+00   0.0000E+00  0.0000E+00   
1.00E+03  0.060  0.197   2.1966E-06  1.4300E-05   1.1400E-01  4.6729E-01   0.0000E+00  0.0000E+00   0.0000E+00  0.0000E+00   
1.00E+03  0.086  0.046   3.0636E-06  2.0053E-05   1.1401E-01  4.6732E-01   0.0000E+00  0.0000E+00   0.0000E+00  0.0000E+00   
1.00E+03  0.129  0.005   2.6063E-05  1.7241E-04   1.1407E-01  4.6788E-01   0.0000E+00  0.0000E+00   0.0000E+00  0.0000E+00   
1.00E+03  0.172  0.001   1.1352E-04  7.6025E-04   1.1428E-01  4.6965E-01   0.0000E+00  0.0000E+00   0.0000E+00  0.0000E+00   
1.00E+03  0.259  0.000   6.7622E-04  4.6608E-03   1.1500E-01  4.7609E-01   0.0000E+00  0.0000E+00   0.0000E+00  0.0000E+00   
1.00E+03  0.431  0.000   4.8563E-03  3.5824E-02   1.1593E-01  4.8860E-01   0.0000E+00  0.0000E+00   0.0000E+00  0.0000E+00   
1.00E+03  0.862  0.000   6.1241E-02  5.5249E-01   1.2667E-01  5.9070E-01   0.0000E+00  0.0000E+00   0.0000E+00  0.0000E+00   
1.00E+03  2.585  0.000   2.5325E+00  4.7892E+01   4.0246E-01  2.8481E+00   0.0000E+00  0.0000E+00   0.0000E+00  0.0000E+00   
1.00E+04  0.001  0.523   5.4464E-05  3.5141E-04   1.1400E-01  4.6728E-01   0.0000E+00  0.0000E+00   0.0000E+00  0.0000E+00   
1.00E+04  0.009  0.516   4.0682E-05  2.6265E-04   1.1400E-01  4.6728E-01   0.0000E+00  0.0000E+00   0.0000E+00  0.0000E+00   
1.00E+04  0.017  0.498   3.2714E-05  2.1144E-04   1.1400E-01  4.6728E-01   0.0000E+00  0.0000E+00   0.0000E+00  0.0000E+00   
1.00E+04  0.034  0.444   2.5970E-05  1.6830E-04   1.1400E-01  4.6728E-01   0.0000E+00  0.0000E+00   0.0000E+00  0.0000E+00   
1.00E+04  0.060  0.337   2.1846E-05  1.4224E-04   1.1400E-01  4.6729E-01   0.0000E+00  0.0000E+00   0.0000E+00  0.0000E+00   
1.00E+04  0.086  0.209   2.0139E-05  1.3184E-04   1.1401E-01  4.6732E-01   0.0000E+00  0.0000E+00   0.0000E+00  0.0000E+00   
1.00E+04  0.129  0.047   3.6031E-05  2.3836E-04   1.1408E-01  4.6788E-01   0.0000E+00  0.0000E+00   0.0000E+00  0.0000E+00   
1.00E+04  0.172  0.014   1.2195E-04  8.1673E-04   1.1429E-01  4.6965E-01   0.0000E+00  0.0000E+00   0.0000E+00  0.0000E+00   
1.00E+04  0.259  0.004   6.8435E-04  4.7169E-03   1.1500E-01  4.7609E-01   0.0000E+00  0.0000E+00   0.0000E+00  0.0000E+00   
1.00E+04  0.431  0.001   4.8651E-03  3.5889E-02   1.1593E-01  4.8860E-01   0.0000E+00  0.0000E+00   0.0000E+00  0.0000E+00   
1.00E+04  0.862  0.000   6.1253E-02  5.5260E-01   1.2667E-01  5.9070E-01   0.0000E+00  0.0000E+00   0.0000E+00  0.0000E+00   
1.00E+04  2.585  0.000   2.5325E+00  4.7892E+01   4.0246E-01  2.8481E+00   0.0000E+00  0.0000E+00   0.0000E+00  0.0000E+00   
1.00E+05  0.001  0.565   2.8021E-04  1.8126E-03   1.1400E-01  4.6728E-01   0.0000E+00  0.0000E+00   0.0000E+00  0.0000E+00   
1.00E+05  0.009  0.563   2.7239E-04  1.7624E-03   1.1400E-01  4.6728E-01   0.0000E+00  0.0000E+00   0.0000E+00  0.0000E+00   
1.00E+05  0.017  0.558   2.6112E-04  1.6907E-03   1.1400E-01  4.6728E-01   0.0000E+00  0.0000E+00   0.0000E+00  0.0000E+00   
1.00E+05  0.034  0.537   2.3622E-04  1.5329E-03   1.1400E-01  4.6728E-01   0.0000E+00  0.0000E+00   0.0000E+00  0.0000E+00   
1.00E+05  0.060  0.485   2.1095E-04  1.3749E-03   1.1400E-01  4.6729E-01   0.0000E+00  0.0000E+00   0.0000E+00  0.0000E+00   
1.00E+05  0.086  0.413   1.9664E-04  1.2883E-03   1.1401E-01  4.6732E-01   0.0000E+00  0.0000E+00   0.0000E+00  0.0000E+00   
1.00E+05  0.129  0.265   1.8775E-04  1.2427E-03   1.1408E-01  4.6790E-01   0.0000E+00  0.0000E+00   0.0000E+00  0.0000E+00   
1.00E+05  0.172  0.128   2.3337E-04  1.5634E-03   1.1429E-01  4.6970E-01   0.0000E+00  0.0000E+00   0.0000E+00  0.0000E+00   
1.00E+05  0.259  0.035   7.7075E-04  5.3133E-03   1.1501E-01  4.7616E-01   0.0000E+00  0.0000E+00   0.0000E+00  0.0000E+00   
1.00E+05  0.431  0.009   4.9544E-03  3.6551E-02   1.1594E-01  4.8866E-01   0.0000E+00  0.0000E+00   0.0000E+00  0.0000E+00   
1.00E+05  0.862  0.002   6.1372E-02  5.5369E-01   1.2668E-01  5.9074E-01   0.0000E+00  0.0000E+00   0.0000E+00  0.0000E+00   
1.00E+05  2.585  0.000   2.5327E+00  4.7896E+01   4.0247E-01  2.8481E+00   0.0000E+00  0.0000E+00   0.0000E+00  0.0000E+00   
1.00E+06  0.001  0.726   1.8696E-03  1.2229E-02   1.1400E-01  4.6728E-01   0.0000E+00  0.0000E+00   0.0000E+00  0.0000E+00   
1.00E+06  0.009  0.725   1.8562E-03  1.2142E-02   1.1400E-01  4.6728E-01   0.0000E+00  0.0000E+00   0.0000E+00  0.0000E+00   
1.00E+06  0.017  0.724   1.8596E-03  1.2169E-02   1.1400E-01  4.6728E-01   0.0000E+00  0.0000E+00   0.0000E+00  0.0000E+00   
1.00E+06  0.034  0.718   1.8522E-03  1.2134E-02   1.1400E-01  4.6728E-01   0.0000E+00  0.0000E+00   0.0000E+00  0.0000E+00   
1.00E+06  0.060  0.700   1.8330E-03  1.2044E-02   1.1400E-01  4.6729E-01   0.0000E+00  0.0000E+00   0.0000E+00  0.0000E+00   
1.00E+06  0.086  0.672   1.8105E-03  1.1944E-02   1.1401E-01  4.6732E-01   0.0000E+00  0.0000E+00   0.0000E+00  0.0000E+00   
1.00E+06  0.129  0.604   1.7819E-03  1.1860E-02   1.1408E-01  4.6790E-01   0.0000E+00  0.0000E+00   0.0000E+00  0.0000E+00   
1.00E+06  0.172  0.512   1.7761E-03  1.1950E-02   1.1430E-01  4.6974E-01   0.0000E+00  0.0000E+00   0.0000E+00  0.0000E+00   
1.00E+06  0.259  0.299   2.0106E-03  1.3892E-02   1.1507E-01  4.7649E-01   0.0000E+00  0.0000E+00   0.0000E+00  0.0000E+00   
1.00E+06  0.431  0.091   5.9311E-03  4.3790E-02   1.1605E-01  4.8920E-01   0.0000E+00  0.0000E+00   0.0000E+00  0.0000E+00   
1.00E+06  0.862  0.020   6.2574E-02  5.6463E-01   1.2674E-01  5.9109E-01   0.0000E+00  0.0000E+00   0.0000E+00  0.0000E+00   
1.00E+06  2.585  0.002   2.5344E+00  4.7929E+01   4.0249E-01  2.8484E+00   0.0000E+00  0.0000E+00   0.0000E+00  0.0000E+00   
1.00E+07  0.001  1.223   1.7111E-02  1.1638E-01   1.1400E-01  4.6728E-01   0.0000E+00  0.0000E+00   0.0000E+00  0.0000E+00   
1.00E+07  0.009  1.222   1.7075E-02  1.1613E-01   1.1400E-01  4.6728E-01   0.0000E+00  0.0000E+00   0.0000E+00  0.0000E+00   
1.00E+07  0.017  1.222   1.7078E-02  1.1616E-01   1.1400E-01  4.6728E-01   0.0000E+00  0.0000E+00   0.0000E+00  0.0000E+00   
1.00E+07  0.034  1.219   1.7105E-02  1.1642E-01   1.1400E-01  4.6728E-01   0.0000E+00  0.0000E+00   0.0000E+00  0.0000E+00   
1.00E+07  0.060  1.212   1.7154E-02  1.1692E-01   1.1400E-01  4.6729E-01   0.0000E+00  0.0000E+00   0.0000E+00  0.0000E+00   
1.00E+07  0.086  1.200   1.7229E-02  1.1769E-01   1.1401E-01  4.6732E-01   0.0000E+00  0.0000E+00   0.0000E+00  0.0000E+00   
1.00E+07  0.129  1.173   1.7403E-02  1.1953E-01   1.1408E-01  4.6790E-01   0.0000E+00  0.0000E+00   0.0000E+00  0.0000E+00   
1.00E+07  0.172  1.133   1.7630E-02  1.2199E-01   1.1430E-01  4.6975E-01   0.0000E+00  0.0000E+00   0.0000E+00  0.0000E+00   
1.00E+07  0.259  1.021   1.8235E-02  1.2873E-01   1.1511E-01  4.7668E-01   0.0000E+00  0.0000E+00   0.0000E+00  0.0000E+00   
1.00E+07  0.431  0.698   2.0921E-02  1.5608E-01   1.1643E-01  4.9125E-01   0.0000E+00  0.0000E+00   0.0000E+00  0.0000E+00   
1.00E+07  0.862  0.196   7.5803E-02  6.8533E-01   1.2736E-01  5.9428E-01   0.0000E+00  0.0000E+00   0.0000E+00  0.0000E+00   
1.00E+07  2.585  0.021   2.5520E+00  4.8266E+01   4.0274E-01  2.8504E+00   0.0000E+00  0.0000E+00   0.0000E+00  0.0000E+00   
1.00E+08  0.001  2.447   2.1021E-01  1.5850E+00   1.1400E-01  4.6728E-01   0.0000E+00  0.0000E+00   0.0000E+00  0.0000E+00   
1.00E+08  0.009  2.447   2.1004E-01  1.5838E+00   1.1400E-01  4.6728E-01   0.0000E+00  0.0000E+00   0.0000E+00  0.0000E+00   
1.00E+08  0.017  2.446   2.0999E-01  1.5834E+00   1.1400E-01  4.6728E-01   0.0000E+00  0.0000E+00   0.0000E+00  0.0000E+00   
1.00E+08  0.034  2.445   2.1019E-01  1.5854E+00   1.1400E-01  4.6728E-01   0.0000E+00  0.0000E+00   0.0000E+00  0.0000E+00   
1.00E+08  0.060  2.442   2.1050E-01  1.5890E+00   1.1400E-01  4.6729E-01   0.0000E+00  0.0000E+00   0.0000E+00  0.0000E+00   
1.00E+08  0.086  2.437   2.1100E-01  1.5946E+00   1.1401E-01  4.6732E-01   0.0000E+00  0.0000E+00   0.0000E+00  0.0000E+00   
1.00E+08  0.129  2.424   2.1218E-01  1.6081E+00   1.1408E-01  4.6790E-01   0.0000E+00  0.0000E+00   0.0000E+00  0.0000E+00   
1.00E+08  0.172  2.406   2.1376E-01  1.6269E+00   1.1430E-01  4.6975E-01   0.0000E+00  0.0000E+00   0.0000E+00  0.0000E+00   
1.00E+08  0.259  2.355   2.1798E-01  1.6788E+00   1.1511E-01  4.7669E-01   0.0000E+00  0.0000E+00   0.0000E+00  0.0000E+00   
1.00E+08  0.431  2.192   2.3013E-01  1.8376E+00   1.1656E-01  4.9193E-01   0.0000E+00  0.0000E+00   0.0000E+00  0.0000E+00   
1.00E+08  0.862  1.493   2.8788E-01  2.6678E+00   1.2969E-01  6.0641E-01   0.0000E+00  0.0000E+00   0.0000E+00  0.0000E+00   
1.00E+08  2.585  0.209   2.7344E+00  5.1764E+01   4.0515E-01  2.8705E+00   0.0000E+00  0.0000E+00   0.0000E+00  0.0000E+00   
1.00E+09  0.001  5.181   3.4896E+00  3.2858E+01   1.1400E-01  4.6728E-01   0.0000E+00  0.0000E+00   0.0000E+00  0.0000E+00   
1.00E+09  0.009  5.180   3.4881E+00  3.2844E+01   1.1400E-01  4.6728E-01   0.0000E+00  0.0000E+00   0.0000E+00  0.0000E+00   
1.00E+09  0.017  5.180   3.4874E+00  3.2837E+01   1.1400E-01  4.6728E-01   0.0000E+00  0.0000E+00   0.0000E+00  0.0000E+00   
1.00E+09  0.034  5.180   3.4890E+00  3.2857E+01   1.1400E-01  4.6728E-01   0.0000E+00  0.0000E+00   0.0000E+00  0.0000E+00   
1.00E+09  0.060  5.178   3.4909E+00  3.2887E+01   1.1400E-01  4.6729E-01   0.0000E+00  0.0000E+00   0.0000E+00  0.0000E+00   
1.00E+09  0.086  5.176   3.4942E+00  3.2935E+01   1.1401E-01  4.6732E-01   0.0000E+00  0.0000E+00   0.0000E+00  0.0000E+00   
1.00E+09  0.129  5.170   3.5014E+00  3.3050E+01   1.1408E-01  4.6790E-01   0.0000E+00  0.0000E+00   0.0000E+00  0.0000E+00   
1.00E+09  0.172  5.161   3.5102E+00  3.3203E+01   1.1430E-01  4.6975E-01   0.0000E+00  0.0000E+00   0.0000E+00  0.0000E+00   
1.00E+09  0.259  5.138   3.5308E+00  3.3607E+01   1.1511E-01  4.7669E-01   0.0000E+00  0.0000E+00   0.0000E+00  0.0000E+00   
1.00E+09  0.431  5.062   3.5848E+00  3.4798E+01   1.1657E-01  4.9195E-01   0.0000E+00  0.0000E+00   0.0000E+00  0.0000E+00   
1.00E+09  0.862  4.708   3.7797E+00  4.0130E+01   1.3041E-01  6.1019E-01   0.0000E+00  0.0000E+00   0.0000E+00  0.0000E+00   
1.00E+09  2.585  1.972   5.1680E+00  9.8957E+01   4.2251E-01  3.0161E+00   0.0000E+00  0.0000E+00   0.0000E+00  0.0000E+00   
1.00E+10  0.001  11.119  8.0007E+01  1.1150E+03   1.1400E-01  4.6728E-01   0.0000E+00  0.0000E+00   0.0000E+00  0.0000E+00   
1.00E+10  0.009  11.118  7.9979E+01  1.1145E+03   1.1400E-01  4.6728E-01   0.0000E+00  0.0000E+00   0.0000E+00  0.0000E+00   
1.00E+10  0.017  11.118  7.9968E+01  1.1144E+03   1.1400E-01  4.6728E-01   0.0000E+00  0.0000E+00   0.0000E+00  0.0000E+00   
1.00E+10  0.034  11.118  7.9984E+01  1.1147E+03   1.1400E-01  4.6728E-01   0.0000E+00  0.0000E+00   0.0000E+00  0.0000E+00   
1.00E+10  0.060  11.117  7.9998E+01  1.1150E+03   1.1400E-01  4.6729E-01   0.0000E+00  0.0000E+00   0.0000E+00  0.0000E+00   
1.00E+10  0.086  11.116  8.0021E+01  1.1156E+03   1.1401E-01  4.6732E-01   0.0000E+00  0.0000E+00   0.0000E+00  0.0000E+00   
1.00E+10  0.129  11.113  8.0060E+01  1.1167E+03   1.1408E-01  4.6790E-01   0.0000E+00  0.0000E+00   0.0000E+00  0.0000E+00   
1.00E+10  0.172  11.109  8.0073E+01  1.1179E+03   1.1430E-01  4.6975E-01   0.0000E+00  0.0000E+00   0.0000E+00  0.0000E+00   
1.00E+10  0.259  11.098  7.9991E+01  1.1199E+03   1.1511E-01  4.7669E-01   0.0000E+00  0.0000E+00   0.0000E+00  0.0000E+00   
1.00E+10  0.431  11.063  7.9469E+01  1.1227E+03   1.1657E-01  4.9195E-01   0.0000E+00  0.0000E+00   0.0000E+00  0.0000E+00   
1.00E+10  0.862  10.898  7.6663E+01  1.1301E+03   1.3043E-01  6.1029E-01   0.0000E+00  0.0000E+00   0.0000E+00  0.0000E+00   
1.00E+10  2.585  9.163   5.1310E+01  1.0897E+03   4.4246E-01  3.1854E+00   0.0000E+00  0.0000E+00   0.0000E+00  0.0000E+00   
1.00E+11  0.001  23.934  2.4370E+03  5.9174E+04   1.1400E-01  4.6728E-01   0.0000E+00  0.0000E+00   0.0000E+00  0.0000E+00   
1.00E+11  0.009  23.934  2.4366E+03  5.9162E+04   1.1400E-01  4.6728E-01   0.0000E+00  0.0000E+00   0.0000E+00  0.0000E+00   
1.00E+11  0.017  23.933  2.4365E+03  5.9161E+04   1.1400E-01  4.6728E-01   0.0000E+00  0.0000E+00   0.0000E+00  0.0000E+00   
1.00E+11  0.034  23.934  2.4367E+03  5.9167E+04   1.1400E-01  4.6728E-01   0.0000E+00  0.0000E+00   0.0000E+00  0.0000E+00   
1.00E+11  0.060  23.933  2.4368E+03  5.9172E+04   1.1400E-01  4.6729E-01   0.0000E+00  0.0000E+00   0.0000E+00  0.0000E+00   
1.00E+11  0.086  23.933  2.4370E+03  5.9180E+04   1.1401E-01  4.6732E-01   0.0000E+00  0.0000E+00   0.0000E+00  0.0000E+00   
1.00E+11  0.129  23.931  2.4367E+03  5.9184E+04   1.1408E-01  4.6790E-01   0.0000E+00  0.0000E+00   0.0000E+00  0.0000E+00   
1.00E+11  0.172  23.930  2.4349E+03  5.9158E+04   1.1430E-01  4.6975E-01   0.0000E+00  0.0000E+00   0.0000E+00  0.0000E+00   
1.00E+11  0.259  23.924  2.4252E+03  5.8988E+04   1.1511E-01  4.7669E-01   0.0000E+00  0.0000E+00   0.0000E+00  0.0000E+00   
1.00E+11  0.431  23.908  2.3861E+03  5.8250E+04   1.1657E-01  4.9195E-01   0.0000E+00  0.0000E+00   0.0000E+00  0.0000E+00   
1.00E+11  0.862  23.832  2.2049E+03  5.4751E+04   1.3043E-01  6.1029E-01   0.0000E+00  0.0000E+00   0.0000E+00  0.0000E+00   
1.00E+11  2.585  23.015  1.0733E+03  3.1491E+04   4.4392E-01  3.1979E+00   0.0000E+00  0.0000E+00   0.0000E+00  0.0000E+00   
